ip,uplink_length,downlink_length,sum_length
10.21.12.148,485156,-344627612,-344142456
10.49.120.182,2072,2677,4749
10.49.126.115,14511,7786,22297
10.49.126.118,32581,9803,42384
10.49.126.12,244109851,232425493,476535344
10.49.126.123,47836,17497,65333
10.49.126.127,24729,11283,36012
10.49.126.129,129455,39089,168544
10.49.126.130,19994,13035,33029
10.49.126.134,18838,6438,25276
10.49.126.147,9603,8764,18367
10.49.126.148,10696,7492,18188
10.49.126.154,6934,3696,10630
10.49.126.157,11256,5164,16420
10.49.126.176,49715,24316,74031
10.49.126.179,24279,11176,35455
10.49.126.189,7289,5257,12546
10.49.126.192,16578,12053,28631
10.49.126.199,44219,13564,57783
10.49.126.204,1913527,90897012,92810539
10.49.126.210,40016,22115,62131
10.49.126.223,133924,60636,194560
10.49.126.225,23211985,19235774,42447759
10.49.126.252,20449,7403,27852
10.49.126.35,99440,47099,146539
10.49.126.50,33760,7965,41725
10.49.126.87,88483,33925,122408
10.49.126.9,49725,143702,193427
10.49.126.95,175847,188065,363912
10.49.137.115,57584,56772,114356
10.49.137.12,34568861,24190132,58758993
10.49.137.123,17376,267765,285141
10.49.137.135,11932,15879,27811
10.49.137.136,5387614233,582704705,5970318938
10.49.137.156,1387165,653813,2040978
10.49.137.165,23728644,21117255,44845899
10.49.137.166,497862367,1311768907,1809631274
10.49.137.193,12139,5486,17625
10.49.137.199,277770969,256022923,533793892
10.49.137.207,54528,48768,103296
10.49.137.38,15650465,9171565,24822030
10.49.137.39,342687,720123,1062810
10.49.137.7,1251427138,437797992,1689225130
10.49.137.87,4969572638,51480343362,56449916000
10.49.137.91,246403697,26560357,272964054
10.49.137.97,4037557,3363623,7401180
10.49.141.206,1336608,57294,1393902
10.49.148.121,12940959,20277971,33218930
10.49.148.130,482211180,530311993,1012523173
10.49.148.73,30424587,1887184267,1917608854
10.49.174.199,6991798,4021882,11013680
10.49.178.162,10717423,12026069,22743492
10.49.180.112,6215,15075,21290
10.49.180.12,14268179,1329137138,1343405317
10.49.180.30,636752740,317289988,954042728
10.49.181.112,983179,2902805,3885984
10.49.181.146,6080,4390,10470
10.49.181.16,4793,4336,9129
10.49.181.207,6742,5700,12442
10.49.181.209,285,123504,123789
10.49.181.21,2160,1978,4138
10.49.181.231,8027,7206,15233
10.49.181.236,552,439,991
10.49.181.35,364,0,364
10.49.181.36,374,1075,1449
10.49.181.67,10848,7592,18440
10.49.181.95,4200,3073,7273
10.49.207.175,18666869,34935781,53602650
10.49.207.18,314465,1828789,2143254
10.49.207.199,2560796,130743,2691539
10.49.207.223,899315162,18717700,918032862
10.49.21.15,5788474138,17876946658,23665420796
10.49.21.204,4213,5516,9729
10.49.21.251,13185303991,156967702,13342271693
10.49.212.126,13686933,570061231,583748164
10.49.212.147,351496309,197459623,548955932
10.49.212.162,146648865,657523377,804172242
10.49.212.186,6036513,11967304,18003817
10.49.212.206,87682591,1457027033,1544709624
10.49.212.21,875014,2083411,2958425
10.49.212.7,199725641,1761423603,1961149244
10.49.216.135,103134326,13558081,116692407
10.49.216.229,38789479,23186204,61975683
10.49.216.34,50266307,12777918,63044225
10.49.216.62,73586050,26332458,99918508
10.49.216.88,1372197,1368897,2741094
10.49.22.154,113,772,885
10.49.223.121,234837675,186126922,420964597
10.49.223.123,19913,25307,45220
10.49.223.152,8022833,4147648,12170481
10.49.223.163,5530926628,600536383,6131463011
10.49.223.173,9269047,456405,9725452
10.49.223.194,1554068825,452046568,2006115393
10.49.223.199,2409043,6715298,9124341
10.49.223.215,1508609,45812,1554421
10.49.223.216,894337,166147,1060484
10.49.223.233,1172,1804,2976
10.49.223.50,45406212,5426204,50832416
10.49.223.77,329488,592765,922253
10.49.223.80,2182917,3015438,5198355
10.49.223.90,7360448,113336904,120697352
10.49.223.91,12580,89021,101601
10.49.231.206,46927755,122800087,169727842
10.49.231.21,20164526,44850910,65015436
10.49.253.15,68717326,28834572,97551898
10.49.253.159,515052188,187286129,702338317
10.49.253.162,252424092,472458697,724882789
10.49.253.219,726810981,319835228,1046646209
10.49.253.233,611591565,247258100,858849665
10.49.253.30,1255643,31902,1287545
10.49.253.35,342204826,413065815,755270641
10.49.253.63,431200,336746,767946
10.49.27.21,8365566,10086117,18451683
10.49.34.157,197197,110094,307291
10.49.36.102,1772,106829,108601
10.49.36.147,925848504,450720944,1376569448
10.49.36.161,37371851,25668807,63040658
10.49.36.175,1686,34618,36304
10.49.36.185,10588,34327,44915
10.49.36.233,28092724,40534208,68626932
10.49.36.7,45076,86973,132049
10.49.36.87,40668,71147,111815
10.49.45.121,20767,7444,28211
10.49.45.144,59843618,402879671,462723289
10.49.45.146,7660713,19623600,27284313
10.49.45.55,410427922,513309136,923737058
10.49.45.64,1234886917,8718543128,9953430045
10.49.56.62,392,485,877
10.49.81.136,163064290,13184959651,13348023941
10.49.81.18,-344281724,497746,-343783978
10.49.81.218,1076295240,163997801,1240293041
10.54.1.100,3537,9725,13262
10.54.1.118,3028,9162,12190
10.54.1.119,9960,42736,52696
10.54.1.126,3074,9130,12204
10.54.1.137,13351,39395,52746
10.54.1.145,1004,2947,3951
10.54.1.159,3538,9167,12705
10.54.1.164,5008,15986,20994
10.54.1.179,4820,16895,21715
10.54.1.186,1046,5073,6119
10.54.1.199,1891,6750,8641
10.54.1.211,581228,1277659,1858887
10.54.1.223,3849,13706,17555
10.54.1.231,1107,2417,3524
10.54.1.236,8758,25419,34177
10.54.1.239,2894,9199,12093
10.54.1.49,11485,38654,50139
10.54.1.5,6128,12067,18195
10.54.1.58,4764,13095,17859
10.54.1.81,1903,7812,9715
10.54.1.90,30919,94335,125254
10.54.103.116,7766,23926,31692
10.54.103.17,4774,10453,15227
10.54.103.67,3195,10490,13685
10.54.11.145,3985,11489,15474
10.54.11.188,1068,2926,3994
10.54.11.203,1673,6743,8416
10.54.110.105,4046,12530,16576
10.54.110.144,906,2910,3816
10.54.110.229,2284,8458,10742
10.54.110.26,830,4370,5200
10.54.110.96,1417,4965,6382
10.54.112.152,9196,27892,37088
10.54.112.88,4134,13943,18077
10.54.113.137,7754,25332,33086
10.54.113.176,3837,2058,5895
10.54.113.190,377225,755641,1132866
10.54.113.197,173318,367073,540391
10.54.113.229,8561,32466,41027
10.54.113.231,6726,25975,32701
10.54.113.250,12166,48173,60339
10.54.113.65,8936,16847,25783
10.54.113.87,5699,15585,21284
10.54.113.99,1343,4370,5713
10.54.115.119,8158,21629,29787
10.54.115.12,1900,6620,8520
10.54.115.123,4935,10490,15425
10.54.115.14,15339,50024,65363
10.54.115.163,21153,66805,87958
10.54.115.172,4034,10490,14524
10.54.115.200,6859,26034,32893
10.54.115.204,12195,27337,39532
10.54.115.211,441,2185,2626
10.54.115.215,8889,28043,36932
10.54.115.220,5253,17603,22856
10.54.115.236,4992,18700,23692
10.54.115.241,4667,15948,20615
10.54.115.250,636621,2834344,3470965
10.54.115.30,7575,27351,34926
10.54.115.45,8657,28647,37304
10.54.115.52,12498,13355,25853
10.54.115.75,420,2185,2605
10.54.115.82,6559,26493,33052
10.54.118.95,482,1707,2189
10.54.12.101,1417,4965,6382
10.54.12.114,1592,3539,5131
10.54.12.197,1556,3635,5191
10.54.12.210,7009,24673,31682
10.54.12.224,985,0,985
10.54.12.228,6932,17689,24621
10.54.12.237,2254,8405,10659
10.54.12.244,2396,8442,10838
10.54.12.41,2270,8442,10712
10.54.12.57,3813,13706,17519
10.54.12.91,8100,25289,33389
10.54.12.94,1900,4965,6865
10.54.125.166,440,403,843
10.54.125.240,300951,471922,772873
10.54.126.100,1128,642,1770
10.54.126.157,1880,1070,2950
10.54.126.18,23015,7514,30529
10.54.126.188,690,558,1248
10.54.126.196,1504,856,2360
10.54.126.208,96188,95412,191600
10.54.126.213,1867792,67241,1935033
10.54.126.230,6562,3638,10200
10.54.126.244,4900,7305,12205
10.54.126.249,5206,7461,12667
10.54.126.26,2257,7071,9328
10.54.126.3,9227,13429,22656
10.54.126.33,665,1230,1895
10.54.126.38,3384,1926,5310
10.54.127.1,924,4972,5896
10.54.130.20,1900,6620,8520
10.54.139.101,279034,637046,916080
10.54.139.126,11479,29186,40665
10.54.139.148,1683,6750,8433
10.54.139.191,5217,16550,21767
10.54.139.197,3973,8200,12173
10.54.139.206,4902,12157,17059
10.54.139.211,1446,3635,5081
10.54.139.250,8594,29650,38244
10.54.139.26,5882,17583,23465
10.54.139.39,7543,20971,28514
10.54.139.40,7900,16238,24138
10.54.139.56,2794,8036,10830
10.54.140.0,934,3310,4244
10.54.141.10,2390,8405,10795
10.54.141.11,5888,21204,27092
10.54.141.110,4311,15458,19769
10.54.141.12,1022,3310,4332
10.54.141.152,3058,9988,13046
10.54.141.157,3029,9000,12029
10.54.141.170,7117,24825,31942
10.54.141.174,2923,7512,10435
10.54.141.18,1904,6592,8496
10.54.141.183,1242,2947,4189
10.54.141.189,13911,42147,56058
10.54.141.193,1719,6766,8485
10.54.141.216,1750,3672,5422
10.54.141.238,5804,15963,21767
10.54.141.244,6548,21586,28134
10.54.141.246,2056,4088,6144
10.54.141.26,2822,8405,11227
10.54.141.38,4296,6977,11273
10.54.141.48,1703,6796,8499
10.54.141.58,632,4370,5002
10.54.141.74,8476,40168,48644
10.54.141.79,1466,2910,4376
10.54.141.96,302021,539686,841707
10.54.143.250,1900,6620,8520
10.54.143.84,4484,15934,20418
10.54.146.115,15880,65393,81273
10.54.146.192,4891,10380,15271
10.54.146.210,30083,99353,129436
10.54.146.231,1443,3539,4982
10.54.146.247,2272,8405,10677
10.54.146.252,2522,8154,10676
10.54.146.32,3906,9844,13750
10.54.146.47,1198,2947,4145
10.54.146.91,1492,3635,5127
10.54.147.0,2999,10326,13325
10.54.147.1,2873,8965,11838
10.54.148.102,756,4984,5740
10.54.148.123,12603,9865,22468
10.54.148.129,919,7257,8176
10.54.148.146,4136,2354,6490
10.54.148.16,546,399,945
10.54.148.176,616,2448,3064
10.54.148.177,2256,1284,3540
10.54.148.186,1071,794,1865
10.54.148.215,35344,14124,49468
10.54.148.217,15081,23514,38595
10.54.148.219,5413,5691,11104
10.54.148.230,1128,642,1770
10.54.148.27,4136,2354,6490
10.54.148.5,1164,642,1806
10.54.148.52,1419,49976,51395
10.54.148.53,2256,1284,3540
10.54.148.55,0,0,0
10.54.148.56,10528,5992,16520
10.54.148.80,6780,8642,15422
10.54.148.91,1525,6682,8207
10.54.148.96,1436,6016,7452
10.54.149.134,200305,660273,860578
10.54.149.200,6101,18963,25064
10.54.149.49,1009,1645,2654
10.54.16.105,5463,15947,21410
10.54.16.110,6723,12675,19398
10.54.16.120,9378,34102,43480
10.54.16.13,6356,16588,22944
10.54.16.138,6343,25901,32244
10.54.16.140,1512,4072,5584
10.54.16.144,449,1655,2104
10.54.16.148,4851,14392,19243
10.54.16.153,2682,8741,11423
10.54.16.156,3450,9482,12932
10.54.16.163,1819,6257,8076
10.54.16.166,1225,2380,3605
10.54.16.168,7690,21676,29366
10.54.16.174,5324,17603,22927
10.54.16.178,11113,37659,48772
10.54.16.18,3594,10098,13692
10.54.16.203,6079,18436,24515
10.54.16.210,2023,6766,8789
10.54.16.225,14959,39775,54734
10.54.16.228,2979,12556,15535
10.54.16.233,27387,56082,83469
10.54.16.241,5808,12275,18083
10.54.16.248,924,2910,3834
10.54.16.86,4782,15948,20730
10.54.16.98,1343,6025,7368
10.54.160.108,3785,15934,19719
10.54.160.116,1928,5665,7593
10.54.160.120,1900,6620,8520
10.54.160.123,1852,7680,9532
10.54.160.126,619903,1421428,2041331
10.54.160.155,173022,320907,493929
10.54.160.171,3743,12638,16381
10.54.160.207,8424,26120,34544
10.54.160.21,836,4370,5206
10.54.160.221,3821,12675,16496
10.54.160.236,2427,6759,9186
10.54.160.27,420,2185,2605
10.54.160.36,5066,15948,21014
10.54.160.59,2544,9871,12415
10.54.160.63,1094,4714,5808
10.54.160.7,375527,1096790,1472317
10.54.160.95,1944,4088,6032
10.54.167.127,183007,156975,339982
10.54.167.142,1200,642,1842
10.54.167.171,884,6761,7645
10.54.167.173,0,0,0
10.54.167.174,1015,1734,2749
10.54.167.223,92722,6639,99361
10.54.167.30,3057,26836,29893
10.54.167.7,1504,856,2360
10.54.167.78,2256,1284,3540
10.54.167.91,1113,14269,15382
10.54.167.98,22560,12840,35400
10.54.17.3,2926,8421,11347
10.54.170.141,1802239,86115126,87917365
10.54.170.191,6326,16475,22801
10.54.170.202,415,2185,2600
10.54.170.228,922,2910,3832
10.54.170.84,128077,428938,557015
10.54.170.92,1449,4558,6007
10.54.171.128,619,507,1126
10.54.171.130,353,451,804
10.54.171.137,432,485,917
10.54.171.166,0,0,0
10.54.171.183,560,3271,3831
10.54.171.208,513,822,1335
10.54.171.249,1128,642,1770
10.54.171.46,1179,506,1685
10.54.171.88,529,788,1317
10.54.174.102,4372,14294,18666
10.54.174.137,2876,7184,10060
10.54.174.160,6213,18589,24802
10.54.174.184,1097,2947,4044
10.54.174.191,15099,37319,52418
10.54.174.192,2446,6406,8852
10.54.174.194,6647,14873,21520
10.54.174.217,1746,5111,6857
10.54.174.229,193862,563351,757213
10.54.174.248,183551,855989,1039540
10.54.174.255,934,1655,2589
10.54.174.43,2984,9130,12114
10.54.174.67,2148,8300,10448
10.54.174.79,1181,2947,4128
10.54.174.89,886,4370,5256
10.54.174.99,1034,2947,3981
10.54.175.14,1278,642,1920
10.54.175.143,164065,6850,170915
10.54.175.156,547,148,695
10.54.175.186,567,459,1026
10.54.175.189,5813,1800,7613
10.54.175.193,9294,11857,21151
10.54.175.206,561,1235,1796
10.54.175.235,566,417,983
10.54.175.31,27648,14552,42200
10.54.175.43,6556,8906,15462
10.54.175.63,1128,428,1556
10.54.175.95,1446,17946,19392
10.54.175.99,3014,6000,9014
10.54.176.108,5304,14949,20253
10.54.176.115,1344,4887,6231
10.54.176.133,1555,3667,5222
10.54.176.146,3490,9679,13169
10.54.176.157,1097,2910,4007
10.54.176.16,3885,10854,14739
10.54.176.199,878,2910,3788
10.54.176.201,9218,30391,39609
10.54.176.224,1500,2947,4447
10.54.176.246,2582,8437,11019
10.54.176.67,1031,2947,3978
10.54.176.69,922,2958,3880
10.54.176.81,1900,6620,8520
10.54.176.93,1095,2947,4042
10.54.176.99,3749,13407,17156
10.54.179.11,1181,2947,4128
10.54.179.220,938,2947,3885
10.54.179.235,2846,4360,7206
10.54.179.37,2424,8442,10866
10.54.179.47,1082,2947,4029
10.54.180.114,1721,4119,5840
10.54.180.128,3123,6526,9649
10.54.180.172,6392,3638,10030
10.54.180.177,0,0,0
10.54.180.179,569,419,988
10.54.180.181,852,428,1280
10.54.180.188,5495,3611,9106
10.54.180.189,385,214,599
10.54.180.193,1927,5146,7073
10.54.180.198,1880,1070,2950
10.54.180.204,432,485,917
10.54.180.220,382,214,596
10.54.180.233,441,7695,8136
10.54.180.241,6032,4132,10164
10.54.180.41,10177,64580,74757
10.54.180.56,13952,20574,34526
10.54.180.83,12915,82963,95878
10.54.180.85,597,843,1440
10.54.181.102,397,214,611
10.54.181.118,1012,7774,8786
10.54.181.134,2872,740,3612
10.54.181.136,7896,4494,12390
10.54.181.141,2182,43648,45830
10.54.181.145,3684,34277,37961
10.54.181.187,10904,6206,17110
10.54.181.188,530,423,953
10.54.181.19,427,485,912
10.54.181.196,666,148,814
10.54.181.199,3324,4281,7605
10.54.181.202,3818181,1071501,4889682
10.54.181.207,238332,2025213,2263545
10.54.181.217,1383,3804,5187
10.54.181.219,324488,285965,610453
10.54.181.221,1828,56879,58707
10.54.181.229,376,214,590
10.54.181.230,752,214,966
10.54.181.241,686,399,1085
10.54.181.242,1556,9948,11504
10.54.181.5,29898,1046468,1076366
10.54.181.67,5350,42019,47369
10.54.181.7,287,367,654
10.54.181.72,496,3027,3523
10.54.181.99,768,428,1196
10.54.185.127,9430,22932,32362
10.54.185.131,5207,15204,20411
10.54.185.174,836,4370,5206
10.54.185.58,7232,25267,32499
10.54.187.133,2626,4893,7519
10.54.187.202,3168,9167,12335
10.54.187.213,4670,5800,10470
10.54.191.131,2756,3464,6220
10.54.191.196,2424,8442,10866
10.54.191.39,3692,12472,16164
10.54.191.56,7336,23819,31155
10.54.191.77,874,2947,3821
10.54.191.93,1896,5857,7753
10.54.194.101,1900,6620,8520
10.54.194.110,2304,8405,10709
10.54.194.129,1626,3091,4717
10.54.194.137,3556,11352,14908
10.54.194.160,6026,18063,24089
10.54.194.187,6608,18393,25001
10.54.194.219,2890,9236,12126
10.54.194.248,4320,10466,14786
10.54.195.243,5091,14072,19163
10.54.197.101,2779,7512,10291
10.54.197.104,2701,9183,11884
10.54.197.129,2354,8437,10791
10.54.197.160,2936,9199,12135
10.54.197.229,3096,9194,12290
10.54.197.246,393957,109399609,109793566
10.54.197.7,2270,8442,10712
10.54.2.3,4740,16282,21022
10.54.20.103,788,946,1734
10.54.20.126,2292,1284,3576
10.54.20.127,1802558,80241,1882799
10.54.20.194,535,399,934
10.54.20.204,586,1235,1821
10.54.20.214,1197,5423,6620
10.54.20.223,874,1937,2811
10.54.20.236,1159,2731,3890
10.54.20.240,127054,5429,132483
10.54.20.246,16935,123366,140301
10.54.20.27,1312,5530,6842
10.54.20.31,98867,5981,104848
10.54.20.50,0,0,0
10.54.20.52,1684,2209,3893
10.54.20.92,2800,1498,4298
10.54.202.17,2584,8442,11026
10.54.202.172,2390,8421,10811
10.54.202.251,2708,8938,11646
10.54.207.111,11656,6634,18290
10.54.207.112,23794,2816,26610
10.54.207.12,1786,4124,5910
10.54.207.120,1080,1010,2090
10.54.207.121,4993,2331,7324
10.54.207.129,1945,3860,5805
10.54.207.136,0,0,0
10.54.207.140,511,399,910
10.54.207.141,1034,1154,2188
10.54.207.150,4311,37941,42252
10.54.207.159,543,438,981
10.54.207.191,376,214,590
10.54.207.200,6079,12233,18312
10.54.207.215,1913,1265,3178
10.54.207.228,524,419,943
10.54.207.252,1740,11445,13185
10.54.207.26,1880,1070,2950
10.54.207.27,2256,1070,3326
10.54.207.68,2966,1671,4637
10.54.207.71,16232,21773,38005
10.54.207.94,2667,1498,4165
10.54.208.118,2632,1498,4130
10.54.208.123,5715,2996,8711
10.54.208.135,682,1291,1973
10.54.208.165,3224,38561,41785
10.54.208.181,1146,428,1574
10.54.208.183,5906,48720,54626
10.54.208.193,5264,2996,8260
10.54.208.208,376,214,590
10.54.208.22,9186,26193,35379
10.54.208.249,0,0,0
10.54.208.4,0,0,0
10.54.208.49,3760,2140,5900
10.54.208.69,4888,2996,7884
10.54.208.81,686,6946,7632
10.54.208.94,769,116,885
10.54.208.95,661,167,828
10.54.21.1,354,485,839
10.54.21.102,376,214,590
10.54.21.127,570,443,1013
10.54.21.129,6494,8562,15056
10.54.21.135,365,499,864
10.54.21.140,426,214,640
10.54.21.143,7721,1645,9366
10.54.21.166,1624,14423,16047
10.54.21.186,752,428,1180
10.54.21.190,644,530,1174
10.54.21.193,589,477,1066
10.54.21.196,752,428,1180
10.54.21.215,584,404,988
10.54.21.233,752,428,1180
10.54.21.245,10050,25274,35324
10.54.21.25,4667,8513,13180
10.54.21.27,1370,232,1602
10.54.21.43,6264,8986,15250
10.54.21.73,1962,4978,6940
10.54.21.80,4620,51429,56049
10.54.21.84,546,419,965
10.54.21.85,521,399,920
10.54.21.95,3176,1498,4674
10.54.213.158,633,508,1141
10.54.213.189,10181,12390,22571
10.54.213.21,309,499,808
10.54.213.250,17408,77133,94541
10.54.213.52,457,334,791
10.54.213.55,316,497,813
10.54.213.63,432,485,917
10.54.213.66,1250,1693,2943
10.54.213.69,566,459,1025
10.54.213.71,20482,27698,48180
10.54.214.1,18884,5135,24019
10.54.216.108,2376,3075,5451
10.54.216.124,36800501,77340243,114140744
10.54.216.161,3682,2338,6020
10.54.216.17,4076,25308,29384
10.54.216.198,3384,1926,5310
10.54.216.206,11959,36329,48288
10.54.216.217,518,485,1003
10.54.216.222,708,4974,5682
10.54.216.227,8855,4280,13135
10.54.216.252,320,4475,4795
10.54.216.42,17495,503842,521337
10.54.216.83,4312,2354,6666
10.54.216.87,0,0,0
10.54.216.95,2831,16417,19248
10.54.22.0,1777,101519,103296
10.54.22.109,1054,884,1938
10.54.22.131,464707,21416,486123
10.54.22.138,7185,3852,11037
10.54.22.155,7473,269171,276644
10.54.22.166,2125,1070,3195
10.54.22.17,2200,12996,15196
10.54.22.184,4986,12775,17761
10.54.22.191,0,0,0
10.54.22.195,580,12388,12968
10.54.22.228,16936,41704,58640
10.54.22.230,2256,1284,3540
10.54.22.231,1479,232,1711
10.54.22.28,752,428,1180
10.54.22.4,9283,13382,22665
10.54.22.7,1860,19042,20902
10.54.22.83,529,443,972
10.54.22.91,17013,15191,32204
10.54.223.113,376,0,376
10.54.223.13,516,843,1359
10.54.223.136,560,1415,1975
10.54.223.139,32376667,125442275,157818942
10.54.223.141,5563,4961,10524
10.54.223.168,22560,9416,31976
10.54.223.179,375,470,845
10.54.223.182,9896,12413,22309
10.54.223.193,547,843,1390
10.54.223.199,7364,44932,52296
10.54.223.206,9871557,1092126278,1101997835
10.54.223.209,594,6744,7338
10.54.223.241,3408,1712,5120
10.54.223.32,2256,1284,3540
10.54.223.52,3074,5103,8177
10.54.223.55,521,419,940
10.54.223.57,2955,4736,7691
10.54.226.189,14164,30710,44874
10.54.226.21,17369,54176,71545
10.54.23.209,7800,15826,23626
10.54.23.251,7347,31993,39340
10.54.23.39,2342,8405,10747
10.54.23.55,3833,2902,6735
10.54.237.114,4503,11578,16081
10.54.237.119,4432,15985,20417
10.54.237.134,7259,14330,21589
10.54.237.139,335263,709627,1044890
10.54.237.164,2085,6239,8324
10.54.237.195,1795,6787,8582
10.54.237.29,1821,4011,5832
10.54.237.41,19677,61363,81040
10.54.237.93,3800,13240,17040
10.54.24.103,3957,3338,7295
10.54.24.105,0,0,0
10.54.24.106,1177,13574,14751
10.54.24.110,25944,14766,40710
10.54.24.126,1951,2876,4827
10.54.24.134,582,1750,2332
10.54.24.137,6562,3638,10200
10.54.24.145,4025,58049,62074
10.54.24.171,116560,66126,182686
10.54.24.202,4626,56483,61109
10.54.24.216,10200,5136,15336
10.54.24.230,9525,5136,14661
10.54.24.244,46198,49386,95584
10.54.24.247,1200,642,1842
10.54.24.29,590,12622,13212
10.54.24.38,1504,642,2146
10.54.24.8,4375,876,5251
10.54.24.9,3467,5690,9157
10.54.24.97,2971,7987,10958
10.54.241.81,18584,26625,45209
10.54.244.10,1540,642,2182
10.54.244.103,5418,6282,11700
10.54.244.109,2610,4075,6685
10.54.244.111,5248,105126,110374
10.54.244.12,4512,1926,6438
10.54.244.120,5824,1026,6850
10.54.244.131,9192,9935,19127
10.54.244.143,867,116,983
10.54.244.148,29328,16692,46020
10.54.244.152,420992,87501,508493
10.54.244.157,92998843,210908410,303907253
10.54.244.160,752,428,1180
10.54.244.165,20748,10914,31662
10.54.244.169,4136,2354,6490
10.54.244.177,1602,1660,3262
10.54.244.18,1128,642,1770
10.54.244.183,1789446,64650463,66439909
10.54.244.19,752,642,1394
10.54.244.194,95845,75191,171036
10.54.244.195,1053,232,1285
10.54.244.222,7144,4066,11210
10.54.244.232,556,462,1018
10.54.244.247,182773,26704,209477
10.54.244.252,1910,856,2766
10.54.244.50,1323,5697,7020
10.54.244.53,1277,2016,3293
10.54.244.55,3690,842,4532
10.54.244.70,2910,64402,67312
10.54.244.71,4224,2354,6578
10.54.245.100,415,2185,2600
10.54.245.104,1193,2963,4156
10.54.245.11,1900,6620,8520
10.54.245.124,819,2851,3670
10.54.245.133,2714,9824,12538
10.54.245.165,9692,40784,50476
10.54.245.19,5245,15319,20564
10.54.245.250,3254,9824,13078
10.54.245.253,6785,17666,24451
10.54.245.5,3610,18870,22480
10.54.245.63,4801,23673,28474
10.54.245.66,6041,18328,24369
10.54.245.97,2286,8442,10728
10.54.245.99,934,3310,4244
10.54.246.209,1900,6620,8520
10.54.246.241,1840,6428,8268
10.54.246.56,2865,8807,11672
10.54.246.62,4637,14888,19525
10.54.246.8,4826,16550,21376
10.54.246.87,8154,32493,40647
10.54.247.0,7713,27314,35027
10.54.250.100,746,2851,3597
10.54.250.139,1377589,5655299,7032888
10.54.250.145,3265,10453,13718
10.54.250.149,3499,10490,13989
10.54.250.207,6894,27277,34171
10.54.250.208,7418,26055,33473
10.54.250.210,946,3310,4256
10.54.250.219,7086,27351,34437
10.54.250.222,7296,19938,27234
10.54.250.23,6778,21648,28426
10.54.250.255,2679,5037,7716
10.54.250.35,19706,64232,83938
10.54.250.36,452,1648,2100
10.54.250.47,1726,2902,4628
10.54.250.49,5589,12675,18264
10.54.250.7,3777,12638,16415
10.54.250.74,4939,10490,15429
10.54.250.76,6760,25045,31805
10.54.250.82,5482,17799,23281
10.54.250.97,16219,59626,75845
10.54.251.114,41573847,147274774,188848621
10.54.251.118,1630,21833,23463
10.54.251.127,5760,3210,8970
10.54.251.143,0,0,0
10.54.251.150,1200,428,1628
10.54.251.19,814,4972,5786
10.54.251.200,19785,67670,87455
10.54.251.212,22273496,495532228,517805724
10.54.251.214,752,428,1180
10.54.251.215,0,0,0
10.54.251.228,437,485,922
10.54.251.24,3651,8915,12566
10.54.251.242,10367,10198,20565
10.54.251.33,1206,8562,9768
10.54.251.72,12120,21601,33721
10.54.251.81,748,148,896
10.54.252.133,1900,6561,8461
10.54.252.134,19585,46979,66564
10.54.252.137,5146,13922,19068
10.54.252.143,2446,8437,10883
10.54.252.145,9189,30257,39446
10.54.252.155,2398,8442,10840
10.54.252.162,2836,9162,11998
10.54.252.165,1319,2947,4266
10.54.252.183,3778,7323,11101
10.54.252.194,6365,15001,21366
10.54.252.214,6316,28612,34928
10.54.252.218,2734,9130,11864
10.54.252.219,2920,5894,8814
10.54.252.22,1085,2942,4027
10.54.252.220,2176,7928,10104
10.54.252.236,2302,8442,10744
10.54.252.253,1002,2947,3949
10.54.252.31,3808,13370,17178
10.54.252.36,4669,14260,18929
10.54.252.54,2965,10113,13078
10.54.252.80,2494,8421,10915
10.54.252.83,1018,5073,6091
10.54.253.117,517,485,1002
10.54.253.12,288,2100,2388
10.54.253.120,0,0,0
10.54.253.140,3384,1712,5096
10.54.253.145,16544,9416,25960
10.54.253.16,19327,17619,36946
10.54.253.170,752,428,1180
10.54.253.2,1053,2185,3238
10.54.253.205,592,1401,1993
10.54.253.224,816,1978,2794
10.54.253.228,5359,1948,7307
10.54.253.23,275469,593687,869156
10.54.253.230,292,2014,2306
10.54.253.239,0,0,0
10.54.253.248,6768,3852,10620
10.54.253.253,137874,91323,229197
10.54.253.255,6578,97732,104310
10.54.253.44,1188,116,1304
10.54.254.114,6016,3424,9440
10.54.254.115,2465,4177,6642
10.54.254.143,583,399,982
10.54.254.163,0,0,0
10.54.254.165,11656,6634,18290
10.54.254.195,3404,826,4230
10.54.254.202,36287398,391953888,428241286
10.54.254.211,3880,1926,5806
10.54.254.213,4731,6773,11504
10.54.254.221,6619,66212,72831
10.54.254.229,10904,6206,17110
10.54.254.241,872,1933,2805
10.54.254.28,1630,13263,14893
10.54.254.51,4630,46257,50887
10.54.254.69,6494,3424,9918
10.54.254.73,1350,2573,3923
10.54.254.94,657,441,1098
10.54.26.179,5666,16747,22413
10.54.26.212,1895,6803,8698
10.54.27.106,177301,4402284,4579585
10.54.27.135,2019,3651,5670
10.54.27.146,1819,6759,8578
10.54.27.180,1740,4565,6305
10.54.27.193,2298,8421,10719
10.54.27.20,2770,9162,11932
10.54.27.206,7316,23634,30950
10.54.27.209,1812,3672,5484
10.54.27.211,12795,48188,60983
10.54.27.212,2238,8442,10680
10.54.27.52,2024,3704,5728
10.54.27.97,1900,6620,8520
10.54.28.2,1780,3672,5452
10.54.28.78,4658,16008,20666
10.54.29.121,1241,232,1473
10.54.29.137,433,485,918
10.54.29.144,22262,66258,88520
10.54.29.167,1661,1834,3495
10.54.29.173,557,486,1043
10.54.29.214,18298,43803,62101
10.54.29.235,9214,12214,21428
10.54.29.240,785,116,901
10.54.29.71,862,998,1860
10.54.32.189,1066,2910,3976
10.54.32.217,7910,13784,21694
10.54.32.244,4567,17008,21575
10.54.32.50,231188,755082,986270
10.54.34.10,1686,1410,3096
10.54.34.104,22656,12412,35068
10.54.34.121,482,843,1325
10.54.34.122,16168,8774,24942
10.54.34.124,2632,1498,4130
10.54.34.146,3820,2140,5960
10.54.34.151,584,1235,1819
10.54.34.153,5412,5663,11075
10.54.34.161,521,399,920
10.54.34.182,7258,4066,11324
10.54.34.185,9024,5136,14160
10.54.34.186,1128,642,1770
10.54.34.189,3493,5861,9354
10.54.34.20,918,1961,2879
10.54.34.212,826,116,942
10.54.34.221,6768,3852,10620
10.54.34.29,1515,4452,5967
10.54.34.61,1107,1631,2738
10.54.34.67,1128,642,1770
10.54.34.75,2632,1498,4130
10.54.34.81,542,116,658
10.54.34.88,2632,1498,4130
10.54.35.180,3343,10779,14122
10.54.35.254,2286,8442,10728
10.54.35.55,8011,28684,36695
10.54.35.74,1341,6025,7366
10.54.36.105,1601,49968,51569
10.54.36.108,481,25774,26255
10.54.36.158,1262,1437,2699
10.54.36.179,2022,14825,16847
10.54.36.18,376,214,590
10.54.36.185,1070,2134,3204
10.54.36.205,4136,2140,6276
10.54.36.208,439,11168,11607
10.54.36.211,658,4974,5632
10.54.36.217,635,148,783
10.54.36.23,3009,4625,7634
10.54.36.247,324,4475,4799
10.54.36.30,950,4972,5922
10.54.36.54,583,1656,2239
10.54.36.60,1678,3994,5672
10.54.36.84,73230166,165120413,238350579
10.54.36.87,315,4481,4796
10.54.38.121,213958,576618,790576
10.54.38.217,830,4370,5200
10.54.38.95,2038,2922,4960
10.54.43.107,1910,1070,2980
10.54.43.122,0,0,0
10.54.43.127,111612,100633,212245
10.54.43.18,1880,1070,2950
10.54.43.20,71062,74970,146032
10.54.43.228,376,214,590
10.54.43.235,1631562,18658078,20289640
10.54.43.242,614,437,1051
10.54.43.25,20680,11770,32450
10.54.43.251,10014,9252,19266
10.54.43.254,1665,2739,4404
10.54.43.40,4136,2354,6490
10.54.43.47,5640,3210,8850
10.54.43.50,872,2030,2902
10.54.43.54,1163,4246,5409
10.54.43.64,12872,21667,34539
10.54.43.78,22958,19544,42502
10.54.43.98,22560,12840,35400
10.54.45.111,1912,501,2413
10.54.45.126,1504,856,2360
10.54.45.130,173491,9174,182665
10.54.45.19,3008,1712,4720
10.54.45.190,561,1413,1974
10.54.45.223,3066,9302,12368
10.54.45.231,1205,601,1806
10.54.45.24,1246,2127,3373
10.54.45.246,1056,19239,20295
10.54.45.48,617,1644,2261
10.54.45.62,3185,30078,33263
10.54.45.78,646,4974,5620
10.54.45.80,1147,1978,3125
10.54.46.124,3138808,15231444,18370252
10.54.46.153,6016,3424,9440
10.54.46.196,6144,3210,9354
10.54.46.209,1108,49960,51068
10.54.46.214,716,4980,5696
10.54.46.218,2674,1498,4172
10.54.46.228,125678,68052,193730
10.54.46.246,3160,5156,8316
10.54.46.250,376,214,590
10.54.46.253,8663,59785,68448
10.54.46.34,2595,29866,32461
10.54.46.60,0,0,0
10.54.46.8,810,1978,2788
10.54.46.82,12408,6848,19256
10.54.47.186,1920,4104,6024
10.54.48.110,11776,34490,46266
10.54.48.148,3985,10490,14475
10.54.48.181,5122,17619,22741
10.54.48.202,5388,17603,22991
10.54.48.222,2062,3130,5192
10.54.48.230,3195,7913,11108
10.54.48.249,4391,18471,22862
10.54.48.251,5315,17603,22918
10.54.48.253,746,2851,3597
10.54.48.35,347087,1013841,1360928
10.54.48.66,746,2851,3597
10.54.5.102,4619,7673,12292
10.54.5.115,2985,5379,8364
10.54.5.156,9400,4922,14322
10.54.5.160,2632,1498,4130
10.54.5.167,7702,1044,8746
10.54.5.188,9142,34095,43237
10.54.5.189,11277,16116,27393
10.54.5.202,1657,13122,14779
10.54.5.242,774,1893,2667
10.54.5.247,582,12403,12985
10.54.5.253,0,0,0
10.54.5.27,1200,642,1842
10.54.5.41,9542,10265,19807
10.54.5.43,27098,21426,48524
10.54.5.65,1100,1177,2277
10.54.5.68,6993,15377,22370
10.54.5.74,2331,348,2679
10.54.5.93,1572,4082,5654
10.54.52.102,11795,21900,33695
10.54.52.129,2204,5087,7291
10.54.52.187,420,2185,2605
10.54.52.234,4095,11753,15848
10.54.52.246,309448,1106657,1416105
10.54.52.49,418,2185,2603
10.54.52.58,8447,29480,37927
10.54.53.0,359960,919028,1278988
10.54.53.178,1288,5111,6399
10.54.53.229,4626,13239,17865
10.54.54.252,4074,11054,15128
10.54.54.66,953,2963,3916
10.54.54.77,2286,8442,10728
10.54.55.114,536,419,955
10.54.55.145,693,6915,7608
10.54.55.148,2056,348,2404
10.54.55.198,818,1978,2796
10.54.55.202,664,534,1198
10.54.55.28,1399,3804,5203
10.54.55.33,132674,145579,278253
10.54.55.40,22800,11556,34356
10.54.55.98,596,1235,1831
10.54.56.169,1018,2942,3960
10.54.56.207,7044,18953,25997
10.54.57.0,2885,10113,12998
10.54.57.104,11358,13604,24962
10.54.57.116,800,423818,424618
10.54.57.124,628,523,1151
10.54.57.136,6755,37176,43931
10.54.57.14,203181,216848,420029
10.54.57.140,580,13762,14342
10.54.57.159,534,399,933
10.54.57.186,2741,49896,52637
10.54.57.19,6392,3210,9602
10.54.57.199,512,399,911
10.54.57.226,15075,24077,39152
10.54.57.235,2352,1284,3636
10.54.57.239,2264,444,2708
10.54.57.247,3203,1011,4214
10.54.57.29,2704,33113,35817
10.54.57.31,13160,7490,20650
10.54.57.48,1753,2917,4670
10.54.57.75,27913,33986,61899
10.54.58.110,945,4974,5919
10.54.58.119,7817,7953,15770
10.54.58.146,856,4990,5846
10.54.58.175,1128,642,1770
10.54.58.197,2256,1284,3540
10.54.58.2,1405,1369,2774
10.54.58.204,876,1939,2815
10.54.58.21,752,428,1180
10.54.58.216,2310,1284,3594
10.54.58.231,15811,2250,18061
10.54.58.241,8423,471066,479489
10.54.58.247,4512,2568,7080
10.54.58.36,762,428,1190
10.54.58.57,10542,109802,120344
10.54.58.58,1764,28572,30336
10.54.58.68,4730,6259,10989
10.54.58.77,589,399,988
10.54.6.189,1892,6620,8512
10.54.6.34,1900,6620,8520
10.54.62.155,203624,764176,967800
10.54.64.85,5413,16642,22055
10.54.66.116,2373,8275,10648
10.54.66.118,1432,5212,6644
10.54.66.44,4749,16296,21045
10.54.66.50,1374,5132,6506
10.54.66.81,8053,20720,28773
10.54.66.86,196246,492851,689097
10.54.66.98,3372,8336,11708
10.54.67.111,628,1231,1859
10.54.67.133,1360,2000,3360
10.54.67.142,812,1407,2219
10.54.67.149,627,1236,1863
10.54.67.16,2072,1265,3337
10.54.67.169,1181,26589,27770
10.54.67.177,311952,258401,570353
10.54.67.180,15960,8346,24306
10.54.67.19,1681,3191,4872
10.54.67.192,6494,3424,9918
10.54.67.194,9240,5136,14376
10.54.67.204,539,2624,3163
10.54.67.209,872,2032,2904
10.54.67.253,841,843,1684
10.54.67.28,9879,88070,97949
10.54.67.51,5143,6913,12056
10.54.67.56,2451,4331,6782
10.54.67.71,523,334,857
10.54.67.73,41296274,246235593,287531867
10.54.68.127,3556,16868,20424
10.54.68.185,1001,2963,3964
10.54.68.202,1209,2947,4156
10.54.68.212,2286,8421,10707
10.54.68.27,3676,0,3676
10.54.68.30,1127,2947,4074
10.54.68.41,10387,31492,41879
10.54.68.9,6176,17232,23408
10.54.69.1,2421135,4893259,7314394
10.54.69.147,1900,6620,8520
10.54.69.47,4168,9077,13245
10.54.70.107,7290,21568,28858
10.54.70.243,1868,6620,8488
10.54.80.109,1664,4099,5763
10.54.80.173,2748,10590,13338
10.54.80.215,3806,12488,16294
10.54.80.5,889,2963,3852
10.54.80.51,4079,15520,19599
10.54.81.114,2243,26043,28286
10.54.81.130,2674,1498,4172
10.54.81.133,6392,3638,10030
10.54.81.153,519,6809,7328
10.54.81.155,1235,1216,2451
10.54.81.158,900,148,1048
10.54.81.17,2129,4795,6924
10.54.81.193,810,1978,2788
10.54.81.248,1504,428,1932
10.54.81.249,583,441,1024
10.54.81.252,2328,1284,3612
10.54.81.254,0,0,0
10.54.81.73,680,4972,5652
10.54.81.85,752,428,1180
10.54.85.11,6514,15948,22462
10.54.85.128,5321,14933,20254
10.54.85.135,10362,40556,50918
10.54.85.18,5372,14933,20305
10.54.85.190,2566,8453,11019
10.54.85.194,908,2947,3855
10.54.85.215,1892,6620,8512
10.54.85.236,1900,6620,8520
10.54.85.242,3673,12675,16348
10.54.85.254,1762,6750,8512
10.54.85.36,7065,23647,30712
10.54.85.60,1817,4011,5828
10.54.85.67,7571,22389,29960
10.54.85.75,3710,12675,16385
10.54.85.93,1162,2947,4109
10.54.86.102,10466,28538,39004
10.54.86.118,1306,2851,4157
10.54.86.119,1874,2902,4776
10.54.86.12,6702,27314,34016
10.54.86.120,1322,5132,6454
10.54.86.161,7091,27314,34405
10.54.86.176,4363,14293,18656
10.54.86.178,5662,15948,21610
10.54.86.206,2458,8079,10537
10.54.86.212,4442,19053,23495
10.54.86.238,163413,430745,594158
10.54.86.29,1777,6750,8527
10.54.86.45,1827,4205,6032
10.54.86.64,2645,25231,27876
10.54.86.92,6174,23667,29841
10.54.87.1,9161,25924,35085
10.54.88.116,0,0,0
10.54.88.12,525,1720,2245
10.54.88.134,3056,1712,4768
10.54.88.155,1079560,145354,1224914
10.54.88.164,1528,856,2384
10.54.88.175,2256,1070,3326
10.54.88.188,530,471,1001
10.54.88.219,676,4974,5650
10.54.88.223,376,214,590
10.54.88.226,967,1060,2027
10.54.88.244,611,997,1608
10.54.88.248,1504,856,2360
10.54.88.29,262,5802,6064
10.54.88.30,2728,1002,3730
10.54.88.43,49848,37642,87490
10.54.88.50,61839,2212,64051
10.54.88.68,5730,3210,8940
10.54.88.70,7098,6239,13337
10.54.88.72,537,399,936
10.54.88.78,0,0,0
10.54.89.2,569418,424819,994237
10.54.97.101,560,399,959
10.54.97.11,2256,1284,3540
10.54.97.115,6680,8642,15322
10.54.97.120,827,6612,7439
10.54.97.140,17296,7490,24786
10.54.97.16,459,426,885
10.54.97.170,557,399,956
10.54.97.90,818,4974,5792
10.54.99.23,4096,11216,15312
10.54.99.234,12081,12489,24570
10.54.99.51,6459,19466,25925
10.56.0.118,50516,343205,393721
10.56.0.128,6943,10843,17786
10.56.0.131,80983,86152,167135
10.56.0.147,3983,31436,35419
10.56.0.162,84731,91046,175777
10.56.0.175,662,4978,5640
10.56.0.18,1692,2410,4102
10.56.0.182,38446,96006,134452
10.56.0.199,142383,135673,278056
10.56.0.21,1330,1743,3073
10.56.0.223,222411,172934,395345
10.56.0.225,501,467,968
10.56.0.233,710,167,877
10.56.0.252,12246,21414,33660
10.56.0.35,349,497,846
10.56.0.50,25626,73035,98661
10.56.0.86,269478,302796,572274
10.56.0.95,434351,580879,1015230
10.56.0.98,1674,1626,3300
10.56.1.21,147039,103608,250647
10.56.10.10,64377,80019,144396
10.56.10.102,168811,125400,294211
10.56.10.103,9094,17111,26205
10.56.10.104,1487,6234,7721
10.56.10.105,1204,5373,6577
10.56.10.11,354480,298404,652884
10.56.10.111,2483,592,3075
10.56.10.112,1851,1338,3189
10.56.10.116,0,0,0
10.56.10.118,197985,150859,348844
10.56.10.12,57261,49340,106601
10.56.10.120,14602,1972,16574
10.56.10.122,220411,209828,430239
10.56.10.126,265,373,638
10.56.10.128,275157,749257,1024414
10.56.10.129,517,399,916
10.56.10.13,161370,168109,329479
10.56.10.131,162276,147739,310015
10.56.10.134,19772,14123,33895
10.56.10.135,1940,10360,12300
10.56.10.136,2130579,5228885,7359464
10.56.10.139,919265,696960,1616225
10.56.10.148,302272,223947,526219
10.56.10.149,847940,699640,1547580
10.56.10.15,101031,113658,214689
10.56.10.150,189222,176968,366190
10.56.10.154,428564,337080,765644
10.56.10.156,0,0,0
10.56.10.157,647,1254,1901
10.56.10.158,43383,2228167,2271550
10.56.10.159,301,4475,4776
10.56.10.16,277058,959108,1236166
10.56.10.162,419,485,904
10.56.10.166,683,462,1145
10.56.10.169,309,4475,4784
10.56.10.171,514,399,913
10.56.10.172,262,5802,6064
10.56.10.176,100918,94556,195474
10.56.10.178,995,990,1985
10.56.10.181,3702,1438,5140
10.56.10.182,240790,213471,454261
10.56.10.185,400,451,851
10.56.10.186,38783,56108,94891
10.56.10.189,188,383,571
10.56.10.19,3120950,48127363,51248313
10.56.10.190,19199,7942,27141
10.56.10.191,370427,281439,651866
10.56.10.192,210362,177335,387697
10.56.10.193,749,116,865
10.56.10.199,2250,5424,7674
10.56.10.20,956,4974,5930
10.56.10.202,7317,1390,8707
10.56.10.203,561,4475,5036
10.56.10.204,753916,671763,1425679
10.56.10.206,8964,3417,12381
10.56.10.207,13224,2190,15414
10.56.10.210,537,423,960
10.56.10.211,26781,8470,35251
10.56.10.212,3035,7465,10500
10.56.10.213,3478,20284,23762
10.56.10.214,286712,469133,755845
10.56.10.217,2118,592,2710
10.56.10.225,367824,275760,643584
10.56.10.228,159402,141864,301266
10.56.10.229,1846,758,2604
10.56.10.230,304185,257416,561601
10.56.10.233,690750,541649,1232399
10.56.10.235,237405,205817,443222
10.56.10.236,1789,1080,2869
10.56.10.238,500156,429844,930000
10.56.10.24,417487,356961,774448
10.56.10.247,188370,142386,330756
10.56.10.25,1083,830,1913
10.56.10.251,1146,918,2064
10.56.10.253,350471,587879,938350
10.56.10.28,524622,474469,999091
10.56.10.32,400137,688246,1088383
10.56.10.43,2124,3043,5167
10.56.10.44,5310,6365,11675
10.56.10.52,5118,8547,13665
10.56.10.53,2198163,42423928,44622091
10.56.10.54,1808400,3966092,5774492
10.56.10.59,49478,1125610,1175088
10.56.10.64,2198,1692,3890
10.56.10.7,1069,919,1988
10.56.10.70,305336,192316,497652
10.56.10.80,9132,2882,12014
10.56.10.82,5091,696,5787
10.56.10.84,209303,174994,384297
10.56.10.86,565,418,983
10.56.10.87,221253,437142,658395
10.56.10.9,92122,86524,178646
10.56.10.90,37605,31887,69492
10.56.10.95,311474,259449,570923
10.56.10.98,630,4972,5602
10.56.10.99,328433,255915,584348
10.56.102.126,511,4475,4986
10.56.106.199,4502,663,5165
10.56.11.131,9467,3265,12732
10.56.11.2,21272,16964,38236
10.56.11.21,92536,73623,166159
10.56.11.4,4513,580,5093
10.56.110.12,120174,94053,214227
10.56.110.120,85682,821492,907174
10.56.110.123,144082,148837,292919
10.56.110.128,192593,163531,356124
10.56.110.147,293982,248723,542705
10.56.110.175,8785,6350,15135
10.56.110.18,291018,262641,553659
10.56.110.182,51380,56858,108238
10.56.110.204,363304,273383,636687
10.56.110.206,572,148,720
10.56.110.21,7894,8898,16792
10.56.110.233,2464,1070,3534
10.56.110.35,400802,363610,764412
10.56.110.7,200652,160053,360705
10.56.110.9,0,0,0
10.56.110.90,457507,643784,1101291
10.56.110.98,162032,139652,301684
10.56.112.101,289877,8945593,9235470
10.56.112.107,960,4974,5934
10.56.112.108,1056,846,1902
10.56.112.11,0,0,0
10.56.112.110,126380,131630,258010
10.56.112.115,235833,216827,452660
10.56.112.116,27364,8300,35664
10.56.112.118,212117,186573,398690
10.56.112.12,123369,119060,242429
10.56.112.120,97194,94243,191437
10.56.112.123,599,566,1165
10.56.112.128,1008,798,1806
10.56.112.129,109605,78735,188340
10.56.112.13,205090,168564,373654
10.56.112.131,527,419,946
10.56.112.132,6134,311187,317321
10.56.112.133,40650,95451,136101
10.56.112.135,362,485,847
10.56.112.139,206362,708947,915309
10.56.112.14,6950,5900,12850
10.56.112.142,55171,86026,141197
10.56.112.148,299022,769014,1068036
10.56.112.15,3654,3772,7426
10.56.112.150,771,1012,1783
10.56.112.154,19672,22241,41913
10.56.112.157,246298,168016,414314
10.56.112.16,158141294,1441864438,1600005732
10.56.112.162,229298204,927929625,1157227829
10.56.112.165,147114,3583339,3730453
10.56.112.169,160927,168974,329901
10.56.112.171,20655,31413,52068
10.56.112.172,595,1138,1733
10.56.112.173,149219,1742804,1892023
10.56.112.176,506,399,905
10.56.112.177,1358,666,2024
10.56.112.178,630,167,797
10.56.112.18,537,458,995
10.56.112.180,76835,64294,141129
10.56.112.182,752,4960,5712
10.56.112.185,15137,15884,31021
10.56.112.186,351576,294882,646458
10.56.112.189,465,450,915
10.56.112.19,341071,360701,701772
10.56.112.199,221178,185323,406501
10.56.112.20,1250,5373,6623
10.56.112.201,129769,1290481,1420250
10.56.112.206,153335,197,153532
10.56.112.207,434,412,846
10.56.112.209,662,1307,1969
10.56.112.21,703,148,851
10.56.112.210,2765,1252,4017
10.56.112.212,3659,8135,11794
10.56.112.215,20259,9435,29694
10.56.112.217,3546,9746,13292
10.56.112.219,130771,133181,263952
10.56.112.221,264061,172314,436375
10.56.112.223,0,0,0
10.56.112.225,11657,1856,13513
10.56.112.226,208870,193274,402144
10.56.112.230,111962,89566,201528
10.56.112.231,205578,174070,379648
10.56.112.232,5295,1115,6410
10.56.112.233,490,334,824
10.56.112.236,117181,93902,211083
10.56.112.238,226611,149589,376200
10.56.112.239,51022,44892,95914
10.56.112.241,312,4475,4787
10.56.112.243,2367,2648,5015
10.56.112.245,563,458,1021
10.56.112.247,15579,39112,54691
10.56.112.25,40322,47010,87332
10.56.112.251,951,148,1099
10.56.112.255,4546,5847,10393
10.56.112.36,243850,155346,399196
10.56.112.37,103491,120908,224399
10.56.112.44,242499,217801,460300
10.56.112.46,197588,258698,456286
10.56.112.54,1425,1733,3158
10.56.112.55,509354,427260,936614
10.56.112.56,20260,12138,32398
10.56.112.59,5664,17372,23036
10.56.112.70,511,787,1298
10.56.112.77,900,819,1719
10.56.112.78,557,148,705
10.56.112.80,582,520,1102
10.56.112.84,2282,8328,10610
10.56.112.90,624,4974,5598
10.56.112.97,126083,102238,228321
10.56.112.98,548,443,991
10.56.113.1,1862,1541,3403
10.56.113.21,197503,169898,367401
10.56.115.103,817424,669808,1487232
10.56.115.108,6166,4134,10300
10.56.115.109,132256,115183,247439
10.56.115.11,40247,33411,73658
10.56.115.110,23758,366035,389793
10.56.115.113,1024,798,1822
10.56.115.114,837,1059,1896
10.56.115.115,29608,42978,72586
10.56.115.116,204363,962677,1167040
10.56.115.117,302496,223705,526201
10.56.115.118,308956,239226,548182
10.56.115.119,577383,467455,1044838
10.56.115.12,43403,118828,162231
10.56.115.120,1230,613,1843
10.56.115.121,15055,18429,33484
10.56.115.122,134657,5284379,5419036
10.56.115.123,525,399,924
10.56.115.124,350166,390302,740468
10.56.115.125,234638445,1470421015,1705059460
10.56.115.126,563,453,1016
10.56.115.127,1415,9832,11247
10.56.115.128,672,4974,5646
10.56.115.129,13535,14270,27805
10.56.115.131,4893,1749,6642
10.56.115.132,1713,5818,7531
10.56.115.133,26742,25506,52248
10.56.115.134,8022,13331,21353
10.56.115.135,414,4475,4889
10.56.115.137,131943,102695,234638
10.56.115.138,413222,367072,780294
10.56.115.139,25609,28105,53714
10.56.115.140,32681,73422,106103
10.56.115.143,232007,872974,1104981
10.56.115.144,352773,256297,609070
10.56.115.145,393343,240626,633969
10.56.115.146,546508,2720303,3266811
10.56.115.147,200412,176014,376426
10.56.115.148,2345092,8136563,10481655
10.56.115.15,882,4978,5860
10.56.115.150,2062,4828,6890
10.56.115.151,68812,54197,123009
10.56.115.153,0,0,0
10.56.115.154,48191,159002,207193
10.56.115.156,1966,2257,4223
10.56.115.157,141064,103873,244937
10.56.115.159,238450,163161,401611
10.56.115.160,71689,30109,101798
10.56.115.161,788523,601345,1389868
10.56.115.162,81827,1721612,1803439
10.56.115.163,511757,5333287,5845044
10.56.115.166,219523,219657,439180
10.56.115.169,452112,1197863,1649975
10.56.115.17,232108,210930,443038
10.56.115.170,1419,18123,19542
10.56.115.171,377939,282075,660014
10.56.115.172,199600,137701,337301
10.56.115.173,8764,3278,12042
10.56.115.174,241138,203385,444523
10.56.115.175,181106,1993425,2174531
10.56.115.176,864,1039,1903
10.56.115.177,5119,8847,13966
10.56.115.178,403,4475,4878
10.56.115.179,58846,73571,132417
10.56.115.18,354263,665708,1019971
10.56.115.182,690592,3413302,4103894
10.56.115.183,238235,183012,421247
10.56.115.185,704,4974,5678
10.56.115.187,676,4974,5650
10.56.115.188,8311,8883,17194
10.56.115.189,161652,459936,621588
10.56.115.19,110904954,324959959,435864913
10.56.115.190,171882,160972,332854
10.56.115.191,187045,269531,456576
10.56.115.192,3417,515,3932
10.56.115.193,53020,65496,118516
10.56.115.194,949,5308,6257
10.56.115.195,289646,284627,574273
10.56.115.196,21239,14437,35676
10.56.115.197,74534,103312,177846
10.56.115.198,4517,5940,10457
10.56.115.199,236302,191255,427557
10.56.115.20,534,399,933
10.56.115.200,68000,71852,139852
10.56.115.202,15260,17096,32356
10.56.115.204,43570,36237,79807
10.56.115.206,8209,51757,59966
10.56.115.207,315223,763561,1078784
10.56.115.208,27314,27770,55084
10.56.115.21,2923759,2735939,5659698
10.56.115.210,5709,19673,25382
10.56.115.211,6043,5863,11906
10.56.115.212,190212,173274,363486
10.56.115.213,326750,213509,540259
10.56.115.214,336498,2617832,2954330
10.56.115.215,365835,355223,721058
10.56.115.216,296804,229427,526231
10.56.115.217,12178,12728,24906
10.56.115.218,579182,1192251,1771433
10.56.115.219,99891,192143,292034
10.56.115.22,186889,157419,344308
10.56.115.221,1065,296,1361
10.56.115.223,529933,523827,1053760
10.56.115.224,414071,341558,755629
10.56.115.225,29290,31222,60512
10.56.115.227,333786,2128053,2461839
10.56.115.228,188,383,571
10.56.115.229,0,0,0
10.56.115.23,452742,3150196,3602938
10.56.115.231,18432,3895,22327
10.56.115.233,3503,949,4452
10.56.115.234,130119,114973,245092
10.56.115.235,4808,11284,16092
10.56.115.237,14080,6151,20231
10.56.115.238,851895,1352806,2204701
10.56.115.239,147782,173839,321621
10.56.115.241,985,11379,12364
10.56.115.242,470120,312691,782811
10.56.115.244,138236,155972,294208
10.56.115.246,291873,594760,886633
10.56.115.249,1223,1879,3102
10.56.115.25,851268,776579,1627847
10.56.115.250,21281,6363,27644
10.56.115.251,6743,7771,14514
10.56.115.252,112666,124464,237130
10.56.115.253,15949,54408,70357
10.56.115.254,637935964,4625100862,5263036826
10.56.115.255,343618,274301,617919
10.56.115.31,0,0,0
10.56.115.32,44037,46294,90331
10.56.115.35,49314,552887,602201
10.56.115.36,160227,302631,462858
10.56.115.39,2236,2503,4739
10.56.115.41,118646,133312,251958
10.56.115.42,405819,479113,884932
10.56.115.45,669327,535975,1205302
10.56.115.47,249970,554226,804196
10.56.115.49,67134,65698,132832
10.56.115.5,11643,13268,24911
10.56.115.52,45006,2150282,2195288
10.56.115.53,126598,111672,238270
10.56.115.55,424582,622664,1047246
10.56.115.57,61353,105088,166441
10.56.115.59,79816,76715,156531
10.56.115.60,310624,204054,514678
10.56.115.61,280005,211343,491348
10.56.115.62,216469,166253,382722
10.56.115.63,271823,544815,816638
10.56.115.66,328886,270090,598976
10.56.115.67,328724,47409535,47738259
10.56.115.68,132264,168221,300485
10.56.115.69,13551,2036,15587
10.56.115.7,4723,1043,5766
10.56.115.70,1558,334,1892
10.56.115.72,501,449,950
10.56.115.73,55913,33398,89311
10.56.115.74,267159728,1961399571,2228559299
10.56.115.75,6597,12778,19375
10.56.115.78,487128,403653,890781
10.56.115.8,140560884,1393605598,1534166482
10.56.115.82,353360,2012514,2365874
10.56.115.83,27854,8662,36516
10.56.115.84,223880572,1356309870,1580190442
10.56.115.86,50151,106635,156786
10.56.115.87,2817,2442,5259
10.56.115.88,140938,2189074,2330012
10.56.115.89,6045,196494,202539
10.56.115.91,159643,132999,292642
10.56.115.94,21179,25079,46258
10.56.115.95,550794,438102,988896
10.56.115.96,2594,6059,8653
10.56.115.97,89167,70664,159831
10.56.115.99,18188,61440,79628
10.56.116.3,255760,237396,493156
10.56.116.4,629217,547001,1176218
10.56.118.120,18643,27400,46043
10.56.118.223,38144,29388,67532
10.56.118.95,162099,108812,270911
10.56.12.126,200950,176347,377297
10.56.12.127,280816,5247114,5527930
10.56.12.130,54126,45901,100027
10.56.12.131,28361,30189,58550
10.56.12.148,7392,10405,17797
10.56.12.162,96889,305514,402403
10.56.12.175,1185,838,2023
10.56.12.192,710362,536533,1246895
10.56.12.199,241606,460153,701759
10.56.12.225,2187,2411,4598
10.56.12.250,3985,3896,7881
10.56.12.252,1392,5336,6728
10.56.12.35,489,9121,9610
10.56.12.44,1806,348,2154
10.56.12.55,530075,881078,1411153
10.56.12.67,315706,8224212,8539918
10.56.12.7,12779,1972,14751
10.56.12.82,194565,189132,383697
10.56.12.86,480632,395058,875690
10.56.12.90,535,423,958
10.56.12.95,29415,39030,68445
10.56.12.98,101482,307440,408922
10.56.120.108,729,116,845
10.56.120.110,301403,231067,532470
10.56.120.112,290851,215147,505998
10.56.120.115,9332,11924,21256
10.56.120.116,1064,148,1212
10.56.120.12,228331,293422,521753
10.56.120.126,21626,18721,40347
10.56.120.128,672110,411211,1083321
10.56.120.13,514,463,977
10.56.120.132,94517,248308,342825
10.56.120.136,429,485,914
10.56.120.147,55324,56076,111400
10.56.120.149,1996,6368,8364
10.56.120.154,4107,580,4687
10.56.120.157,141440,78969,220409
10.56.120.16,399999,304555,704554
10.56.120.165,8411,6721,15132
10.56.120.169,3415,4768,8183
10.56.120.171,566,461,1027
10.56.120.179,340841,286180,627021
10.56.120.185,213660,178752,392412
10.56.120.186,11237,29757,40994
10.56.120.189,171377,792165,963542
10.56.120.19,0,0,0
10.56.120.192,202574,176492,379066
10.56.120.196,522,423,945
10.56.120.20,209330,1696900,1906230
10.56.120.206,837585,713846,1551431
10.56.120.208,126242,582486,708728
10.56.120.210,12751,1972,14723
10.56.120.219,20805,31105,51910
10.56.120.225,1207,116,1323
10.56.120.229,347032,303249,650281
10.56.120.231,223854,305802,529656
10.56.120.247,530,418,948
10.56.120.250,259756,337040,596796
10.56.120.251,1263,1459,2722
10.56.120.252,530,422,952
10.56.120.35,244305,205369,449674
10.56.120.37,216127,193184,409311
10.56.120.50,1933,2469,4402
10.56.120.55,205042,167922,372964
10.56.120.56,7160,10135,17295
10.56.120.66,273617,214501,488118
10.56.120.78,334369,754384,1088753
10.56.120.80,316209,270540,586749
10.56.120.82,308,1024,1332
10.56.120.86,572,485,1057
10.56.120.9,391,485,876
10.56.120.90,1076,1885,2961
10.56.120.95,1440,6179,7619
10.56.120.98,171986,116322,288308
10.56.128.104,797,4893,5690
10.56.128.111,363798,264451,628249
10.56.128.128,1492,1178,2670
10.56.128.199,1046,485,1531
10.56.128.203,278791,1326379,1605170
10.56.128.223,45168,1180779,1225947
10.56.128.28,2798,3336,6134
10.56.128.85,624,485,1109
10.56.128.92,369,485,854
10.56.128.98,849,4890,5739
10.56.129.163,3719992,32727848,36447840
10.56.129.166,5380,4286,9666
10.56.129.167,1869,5905,7774
10.56.129.2,10141,11170,21311
10.56.129.222,2256,1284,3540
10.56.129.251,1910,856,2766
10.56.129.57,350,4475,4825
10.56.129.87,3857,3512,7369
10.56.129.97,4136,2354,6490
10.56.131.10,248123,236173,484296
10.56.131.100,262249,874384,1136633
10.56.131.102,68185,73376,141561
10.56.131.105,889145,6669570,7558715
10.56.131.108,29482,8061950,8091432
10.56.131.11,145078,130181,275259
10.56.131.112,449394,348450,797844
10.56.131.113,1384,20217,21601
10.56.131.114,16513,13013,29526
10.56.131.117,579,516,1095
10.56.131.118,1305,1455,2760
10.56.131.119,592,1435,2027
10.56.131.12,2955,14571,17526
10.56.131.120,430381,1408421,1838802
10.56.131.121,371,484,855
10.56.131.122,1170,1175,2345
10.56.131.124,616448,939596,1556044
10.56.131.125,153919,125659,279578
10.56.131.126,2666,4006,6672
10.56.131.127,467287,372028,839315
10.56.131.129,2141,1249,3390
10.56.131.13,652,4972,5624
10.56.131.130,188557,130396,318953
10.56.131.131,22756,49540,72296
10.56.131.132,1705,611,2316
10.56.131.134,7062,12089,19151
10.56.131.135,589,148,737
10.56.131.136,382293,470067,852360
10.56.131.137,4445,14682,19127
10.56.131.138,1174338,353194,1527532
10.56.131.14,13813,14845,28658
10.56.131.140,638,4974,5612
10.56.131.143,580,12403,12983
10.56.131.145,560,453,1013
10.56.131.146,790,1359,2149
10.56.131.147,161614,126158,287772
10.56.131.149,302432,275106,577538
10.56.131.15,976,9447,10423
10.56.131.150,36918,53139,90057
10.56.131.151,7732,4747,12479
10.56.131.153,333470,207961,541431
10.56.131.154,984,4974,5958
10.56.131.155,2091451,2852800,4944251
10.56.131.156,1650162,14458443,16108605
10.56.131.159,9400,69692,79092
10.56.131.16,15468,12279,27747
10.56.131.160,1376,450,1826
10.56.131.162,1595,1295,2890
10.56.131.163,1561649070,1215289545,2776938615
10.56.131.164,817740,744324,1562064
10.56.131.165,1156,1016,2172
10.56.131.166,10256,45964,56220
10.56.131.168,76608,69398,146006
10.56.131.169,70462,65472,135934
10.56.131.17,340308,269790,610098
10.56.131.170,169739,143949,313688
10.56.131.171,1562,19596,21158
10.56.131.172,368173,510411,878584
10.56.131.174,714005,563033,1277038
10.56.131.177,249327,159396,408723
10.56.131.178,1380330,2526971,3907301
10.56.131.180,2434,668,3102
10.56.131.181,340624,265973,606597
10.56.131.182,222243,433458,655701
10.56.131.183,604,503,1107
10.56.131.184,293775,208531,502306
10.56.131.185,364159,279793,643952
10.56.131.186,513,399,912
10.56.131.188,17522,13568,31090
10.56.131.189,1191,642,1833
10.56.131.191,605,1643,2248
10.56.131.193,396081,285975,682056
10.56.131.194,35524,19404,54928
10.56.131.195,654,2545,3199
10.56.131.196,42645,5800,48445
10.56.131.197,177732,146191,323923
10.56.131.199,4739,45969,50708
10.56.131.201,909668,798360,1708028
10.56.131.204,1093,5353,6446
10.56.131.205,73889,95123,169012
10.56.131.207,439046,341120,780166
10.56.131.208,461218,396175,857393
10.56.131.21,803657,630731,1434388
10.56.131.210,10420,14681,25101
10.56.131.211,4561,12634,17195
10.56.131.213,85355,89841,175196
10.56.131.214,78030,78098,156128
10.56.131.215,143092,426907,569999
10.56.131.216,1246,5459,6705
10.56.131.218,3976,19990,23966
10.56.131.219,7705,33174,40879
10.56.131.22,399,497,896
10.56.131.221,2343,1681,4024
10.56.131.222,285708,222472,508180
10.56.131.224,264017,225629,489646
10.56.131.225,97387,532296,629683
10.56.131.226,287391,231395,518786
10.56.131.228,642,4972,5614
10.56.131.23,3545,5752,9297
10.56.131.231,943995,1234306,2178301
10.56.131.232,19992,59221,79213
10.56.131.234,851865,649026,1500891
10.56.131.235,1896,5958,7854
10.56.131.236,0,0,0
10.56.131.237,579,473,1052
10.56.131.238,303809,274277,578086
10.56.131.24,315635,571252,886887
10.56.131.241,664,4972,5636
10.56.131.242,206441,171572,378013
10.56.131.243,511,399,910
10.56.131.245,5425,7945,13370
10.56.131.246,228427,150924,379351
10.56.131.25,318220,263810,582030
10.56.131.250,59246,67014,126260
10.56.131.251,397,499,896
10.56.131.252,205936,1204520,1410456
10.56.131.254,260183,323197,583380
10.56.131.27,12127,10706,22833
10.56.131.29,525,418,943
10.56.131.30,31841,34328,66169
10.56.131.31,716,4972,5688
10.56.131.32,0,0,0
10.56.131.33,20507,24843,45350
10.56.131.34,434708,309157,743865
10.56.131.35,14352,7935,22287
10.56.131.38,270,5802,6072
10.56.131.40,666,4972,5638
10.56.131.42,47575,46417,93992
10.56.131.47,309711,255053,564764
10.56.131.48,67767,126759,194526
10.56.131.49,387377,1184048,1571425
10.56.131.5,1517,9447,10964
10.56.131.50,1090,876,1966
10.56.131.53,986,4972,5958
10.56.131.55,553854,354928,908782
10.56.131.56,862284,699297,1561581
10.56.131.57,554,439,993
10.56.131.58,3470,2884,6354
10.56.131.6,15168,27115,42283
10.56.131.60,9171,5023,14194
10.56.131.61,15151,18356,33507
10.56.131.62,741,116,857
10.56.131.67,222805,644199,867004
10.56.131.71,596,478,1074
10.56.131.72,5006,7403,12409
10.56.131.73,18551,24205,42756
10.56.131.74,209357,799417,1008774
10.56.131.75,261731,176912,438643
10.56.131.76,918,4972,5890
10.56.131.77,163415,1980592,2144007
10.56.131.78,4882,7211,12093
10.56.131.8,0,0,0
10.56.131.80,357601,284822,642423
10.56.131.81,216553,143400,359953
10.56.131.82,628497,546710,1175207
10.56.131.83,158624,171291,329915
10.56.131.87,1172,13474,14646
10.56.131.9,226271,183624,409895
10.56.131.90,260546,6352631,6613177
10.56.131.91,541324,427181,968505
10.56.131.93,331555,267821,599376
10.56.131.95,13537,56617,70154
10.56.131.98,1355704,1079421,2435125
10.56.132.128,627392,1069718,1697110
10.56.132.206,1214,610,1824
10.56.132.3,341262,389571,730833
10.56.136.21,54285,52276,106561
10.56.136.7,13317,22536,35853
10.56.141.10,4321,33485,37806
10.56.141.115,35449,75500,110949
10.56.141.12,19604,19516,39120
10.56.141.126,10122,118989,129111
10.56.141.127,248286,1139997,1388283
10.56.141.130,1092,547,1639
10.56.141.134,574,469,1043
10.56.141.147,1542,1884,3426
10.56.141.175,252412656,426646148,679058804
10.56.141.176,41165,58474,99639
10.56.141.179,4717,8840,13557
10.56.141.18,5203,9681,14884
10.56.141.180,235441,309700,545141
10.56.141.199,505,469,974
10.56.141.204,42300,32541,74841
10.56.141.21,210489,400184,610673
10.56.141.210,69851,62237,132088
10.56.141.219,11942,8643,20585
10.56.141.223,176714,144196,320910
10.56.141.231,0,0,0
10.56.141.233,185111,165055,350166
10.56.141.250,235480,519508,754988
10.56.141.252,277,226610,226887
10.56.141.34,317025458,1068785412,1385810870
10.56.141.35,125483,158689,284172
10.56.141.50,597,492,1089
10.56.141.78,146301,144308,290609
10.56.141.80,61221,134542,195763
10.56.141.86,1056,1008,2064
10.56.141.90,234779,217165,451944
10.56.141.95,466923,375126,842049
10.56.143.128,18471,21349,39820
10.56.143.9,369584,740542,1110126
10.56.143.98,15703,5018,20721
10.56.144.118,409136,708831,1117967
10.56.144.12,276487,234180,510667
10.56.144.126,494636835,1467457273,1962094108
10.56.144.128,4699,8511,13210
10.56.144.131,51978,54609,106587
10.56.144.18,10564,16474,27038
10.56.144.204,1559,1605,3164
10.56.144.206,243579,497944,741523
10.56.144.21,369172,381610,750782
10.56.144.232,189015,127393,316408
10.56.144.35,26969,51302,78271
10.56.144.50,250914,211069,461983
10.56.144.66,975178,674398,1649576
10.56.144.7,5474,101948,107422
10.56.144.86,573,459,1032
10.56.144.9,3462,8421,11883
10.56.144.98,778068,208564,986632
10.56.145.199,2391,3456,5847
10.56.145.98,1848,13960,15808
10.56.146.102,3095,4261,7356
10.56.146.106,2317668,26483020,28800688
10.56.146.108,866280,4293145,5159425
10.56.146.11,824599,675855,1500454
10.56.146.112,244863,203654,448517
10.56.146.115,414748,369808,784556
10.56.146.118,218098,194429,412527
10.56.146.119,2217917,19796279,22014196
10.56.146.121,351125,277119,628244
10.56.146.123,237154,177827,414981
10.56.146.124,0,0,0
10.56.146.125,471,399,870
10.56.146.126,812827,10754623,11567450
10.56.146.127,289870,247800,537670
10.56.146.129,472563,9834534,10307097
10.56.146.13,369,892,1261
10.56.146.130,340272,289480,629752
10.56.146.132,435,485,920
10.56.146.133,427184,326637,753821
10.56.146.134,981,846,1827
10.56.146.136,294348,221675,516023
10.56.146.139,958,4972,5930
10.56.146.14,15985,93806,109791
10.56.146.141,558,443,1001
10.56.146.143,296051,654222,950273
10.56.146.145,1922502,15687887,17610389
10.56.146.146,260097,218554,478651
10.56.146.147,26742,28661,55403
10.56.146.149,5059,130564,135623
10.56.146.15,1418,264,1682
10.56.146.151,767501,672920,1440421
10.56.146.152,866,4978,5844
10.56.146.153,3232996,1925250,5158246
10.56.146.154,945259,10886783,11832042
10.56.146.155,234518,168932,403450
10.56.146.156,315980,267969,583949
10.56.146.16,399248,6169628,6568876
10.56.146.161,410649,461847,872496
10.56.146.162,78218,53270,131488
10.56.146.163,610,1400,2010
10.56.146.166,479112,342893,822005
10.56.146.167,515311,370283,885594
10.56.146.168,262,5802,6064
10.56.146.169,375284,1790940,2166224
10.56.146.171,2173612,73865004,76038616
10.56.146.175,23096,31823,54919
10.56.146.18,375395,597862,973257
10.56.146.180,10052,5073,15125
10.56.146.181,657877,15728983,16386860
10.56.146.183,1111,1260,2371
10.56.146.184,130027,117579,247606
10.56.146.185,321145,1145824,1466969
10.56.146.186,584264,478218,1062482
10.56.146.192,626,4972,5598
10.56.146.193,52374,1634312,1686686
10.56.146.199,3010074,59766896,62776970
10.56.146.20,3239,1146,4385
10.56.146.200,135001,136483,271484
10.56.146.202,411477,2870089,3281566
10.56.146.204,680399,1354255,2034654
10.56.146.205,5431,69002,74433
10.56.146.206,0,0,0
10.56.146.207,529740,447064,976804
10.56.146.208,299792,1668496,1968288
10.56.146.209,559,399,958
10.56.146.210,971065,660651,1631716
10.56.146.211,355432,875827,1231259
10.56.146.213,612714,518117,1130831
10.56.146.215,83852,63905,147757
10.56.146.216,218998,762363,981361
10.56.146.219,13106270,74402860,87509130
10.56.146.221,758066,14076341,14834407
10.56.146.222,594,4873,5467
10.56.146.223,1957,1835,3792
10.56.146.225,286355,207903,494258
10.56.146.227,172707,3839974,4012681
10.56.146.23,449979,365410,815389
10.56.146.232,69646,81995,151641
10.56.146.233,239848,218783,458631
10.56.146.237,2499,2131,4630
10.56.146.239,1380068,7281919,8661987
10.56.146.24,599,449,1048
10.56.146.243,898566,18388094,19286660
10.56.146.244,851630,655985,1507615
10.56.146.246,333569,219235,552804
10.56.146.247,251749,718227,969976
10.56.146.25,4599,4224,8823
10.56.146.252,86901,97476,184377
10.56.146.253,2160,5886,8046
10.56.146.29,113236,102416,215652
10.56.146.30,267322,229509,496831
10.56.146.32,534,399,933
10.56.146.33,557422,365426,922848
10.56.146.34,734931,1756519,2491450
10.56.146.38,658068,490539,1148607
10.56.146.42,592,458,1050
10.56.146.44,2678842,25214641,27893483
10.56.146.45,62288,75265,137553
10.56.146.46,161510,146636,308146
10.56.146.5,193817,188229,382046
10.56.146.52,426921,431212,858133
10.56.146.56,121666,99330,220996
10.56.146.58,391955,2460535,2852490
10.56.146.61,192819,156972,349791
10.56.146.62,3305,3888,7193
10.56.146.67,211288,806625,1017913
10.56.146.68,229222,219652,448874
10.56.146.7,1294704,16819135,18113839
10.56.146.70,8819,1435,10254
10.56.146.71,53135,159500,212635
10.56.146.75,192694,349962,542656
10.56.146.78,60699,45887,106586
10.56.146.8,39131,36826,75957
10.56.146.81,450008,387587,837595
10.56.146.82,291359,643075,934434
10.56.146.83,2842076,105140698,107982774
10.56.146.84,255677,378532,634209
10.56.146.87,267915,219122,487037
10.56.146.88,177270,166311,343581
10.56.146.91,189351,272988,462339
10.56.146.93,188,383,571
10.56.146.95,269850,264969,534819
10.56.146.96,1248,7348,8596
10.56.146.97,25025,23161,48186
10.56.146.98,224239,173890,398129
10.56.147.1,283294,210482,493776
10.56.148.101,650442,19988683,20639125
10.56.148.102,86455,164967,251422
10.56.148.104,258013,213907,471920
10.56.148.106,273334,1074053,1347387
10.56.148.107,418678,283259,701937
10.56.148.112,277701,188890,466591
10.56.148.113,1055,830,1885
10.56.148.116,3105,3785,6890
10.56.148.118,26064,936226,962290
10.56.148.119,224,3168,3392
10.56.148.121,166735,121356,288091
10.56.148.124,435,485,920
10.56.148.126,1177756,4727343,5905099
10.56.148.128,647,542,1189
10.56.148.129,232509,169885,402394
10.56.148.13,2351,3366,5717
10.56.148.131,80137,75184,155321
10.56.148.132,3564421,59674529,63238950
10.56.148.133,867,970,1837
10.56.148.134,592,443,1035
10.56.148.135,3172,39815,42987
10.56.148.139,1739,232,1971
10.56.148.142,2876,6220,9096
10.56.148.145,335,3072,3407
10.56.148.15,239340,265376,504716
10.56.148.150,239990,211033,451023
10.56.148.154,203668,177163,380831
10.56.148.156,172001,125766,297767
10.56.148.157,1068,838,1906
10.56.148.158,220215,158246,378461
10.56.148.159,2191,6422,8613
10.56.148.16,9221,19269,28490
10.56.148.162,192723969,1116780210,1309504179
10.56.148.163,290620,267320,557940
10.56.148.168,433999,303469,737468
10.56.148.173,4594,6562,11156
10.56.148.175,230156,161251,391407
10.56.148.177,436383,916077,1352460
10.56.148.18,228669,182884,411553
10.56.148.180,1093,6922,8015
10.56.148.186,1686,2238,3924
10.56.148.19,0,0,0
10.56.148.191,63897,108654,172551
10.56.148.194,364,4475,4839
10.56.148.199,154301,153574,307875
10.56.148.20,187446,173142,360588
10.56.148.202,777,116,893
10.56.148.204,462,1534,1996
10.56.148.208,923161,765809,1688970
10.56.148.213,8605,15828,24433
10.56.148.215,234067,221356,455423
10.56.148.216,661016829,515972348,1176989177
10.56.148.217,569949058,3220340805,3790289863
10.56.148.219,646,8950,9596
10.56.148.220,684,116,800
10.56.148.222,231449,239345,470794
10.56.148.223,91052,74652,165704
10.56.148.228,232133,179702,411835
10.56.148.231,255808,2457662,2713470
10.56.148.237,169175,129434,298609
10.56.148.238,5047193878,2093202987,7140396865
10.56.148.239,22084,253602,275686
10.56.148.241,3885,5710,9595
10.56.148.243,0,0,0
10.56.148.245,765,1023,1788
10.56.148.248,2939,14861,17800
10.56.148.249,248136,799316,1047452
10.56.148.252,19487,89987,109474
10.56.148.253,15866,25864,41730
10.56.148.254,230020,229026,459046
10.56.148.26,552,471,1023
10.56.148.27,49614,35611,85225
10.56.148.30,804329,671213,1475542
10.56.148.32,610,488,1098
10.56.148.37,282672,1172098,1454770
10.56.148.38,238364,185768,424132
10.56.148.41,9727,3532,13259
10.56.148.54,442718,842091,1284809
10.56.148.55,839468,1161350,2000818
10.56.148.56,586921,472504,1059425
10.56.148.57,186674,138556,325230
10.56.148.58,250200,244404,494604
10.56.148.59,222368,178827,401195
10.56.148.61,1197,1606,2803
10.56.148.75,642,4972,5614
10.56.148.79,61999,291348,353347
10.56.148.80,154027785,882569218,1036597003
10.56.148.82,4866,20862,25728
10.56.148.86,180113,156183,336296
10.56.148.90,214960,224179,439139
10.56.148.93,586057,556041,1142098
10.56.148.95,346752,2219802,2566554
10.56.148.97,4570,17740,22310
10.56.148.98,270847,184554,455401
10.56.148.99,324395,213899,538294
10.56.149.2,171884,175926,347810
10.56.149.4,1854,4828,6682
10.56.15.126,3406,10854,14260
10.56.15.128,2455,887,3342
10.56.15.18,428,485,913
10.56.15.182,722,4974,5696
10.56.15.223,1495,9848,11343
10.56.15.50,3197,117982,121179
10.56.15.7,55667,60209,115876
10.56.15.74,0,0,0
10.56.150.223,17130,24104,41234
10.56.150.9,308153,577755,885908
10.56.154.120,910,382,1292
10.56.154.123,112594,107720,220314
10.56.154.128,1455,604,2059
10.56.154.147,476,435,911
10.56.154.182,432,485,917
10.56.154.50,201668,145591,347259
10.56.154.7,338703,635685,974388
10.56.154.86,12896,14328,27224
10.56.154.87,205631,881709,1087340
10.56.154.9,308427,600743,909170
10.56.155.148,716,4974,5690
10.56.157.13,1128,428,1556
10.56.157.131,606,419,1025
10.56.157.189,19311,42554,61865
10.56.157.229,235287,440251,675538
10.56.157.247,915,1939,2854
10.56.157.59,9470817,44963283,54434100
10.56.157.63,587,415,1002
10.56.162.10,2467,3925,6392
10.56.162.11,42387,19335,61722
10.56.162.118,702,4972,5674
10.56.162.120,247587,555741,803328
10.56.162.128,2529,3465,5994
10.56.162.129,30132,23004,53136
10.56.162.136,934,1002,1936
10.56.162.150,1626,2991,4617
10.56.162.154,5349,15701,21050
10.56.162.156,37804,12646,50450
10.56.162.16,1374,1720,3094
10.56.162.165,295926,721770,1017696
10.56.162.169,771,116,887
10.56.162.18,330319,3100382,3430701
10.56.162.185,1109,781,1890
10.56.162.186,132226,131708,263934
10.56.162.196,7205,23565,30770
10.56.162.20,9230,6381,15611
10.56.162.207,958975,2653793,3612768
10.56.162.215,5504,10251,15755
10.56.162.219,520718,1426813,1947531
10.56.162.221,703450,808814,1512264
10.56.162.222,19344404497,1063494504,20407899001
10.56.162.225,6548,18557,25105
10.56.162.228,2084,3362,5446
10.56.162.229,866,4972,5838
10.56.162.230,1297,2078,3375
10.56.162.251,3145,2963,6108
10.56.162.252,110329096,12398,110341494
10.56.162.34,535,362,897
10.56.162.36,538755,1371310,1910065
10.56.162.44,302541,795035,1097576
10.56.162.47,1008,4972,5980
10.56.162.7,582741,1413287,1996028
10.56.162.80,782,1661,2443
10.56.162.86,13011,41376,54387
10.56.162.9,444,504,948
10.56.162.95,169156,73225,242381
10.56.163.1,7695978,526698161,534394139
10.56.167.10,218637,179820,398457
10.56.167.101,525,399,924
10.56.167.102,60718,143985,204703
10.56.167.103,906,4893,5799
10.56.167.104,79226,70008,149234
10.56.167.106,398,1582,1980
10.56.167.108,286290,189147,475437
10.56.167.110,1972939,743386,2716325
10.56.167.114,242918,697627,940545
10.56.167.115,251955,216965,468920
10.56.167.116,41160,35947,77107
10.56.167.117,89269,60193,149462
10.56.167.118,233865,286126,519991
10.56.167.119,412163,358753,770916
10.56.167.120,158601,242686,401287
10.56.167.121,192564,175833,368397
10.56.167.122,93990,76319,170309
10.56.167.123,711081,1697773,2408854
10.56.167.127,2854,4885,7739
10.56.167.129,511,399,910
10.56.167.13,6663,7163,13826
10.56.167.131,21244,42692,63936
10.56.167.134,15517,19143,34660
10.56.167.136,556,442,998
10.56.167.141,276332,277095,553427
10.56.167.143,837285,733141,1570426
10.56.167.145,513,399,912
10.56.167.151,27241,7291,34532
10.56.167.153,78020,86230,164250
10.56.167.159,1953,348,2301
10.56.167.16,338609,269068,607677
10.56.167.163,710,4974,5684
10.56.167.165,260154,215136,475290
10.56.167.167,36695,33926,70621
10.56.167.168,222222,898297,1120519
10.56.167.173,558,442,1000
10.56.167.176,134497,122403,256900
10.56.167.177,564,418,982
10.56.167.180,352,4475,4827
10.56.167.181,546,399,945
10.56.167.182,215698,151865,367563
10.56.167.190,51352,67578,118930
10.56.167.192,279,5802,6081
10.56.167.193,306187,232971,539158
10.56.167.194,1124,547,1671
10.56.167.197,21036,583650,604686
10.56.167.199,45586,78893,124479
10.56.167.201,174706,136340,311046
10.56.167.204,6195,928,7123
10.56.167.206,220354,210844,431198
10.56.167.207,2890,14922,17812
10.56.167.208,662103,586698,1248801
10.56.167.209,529,423,952
10.56.167.211,2090,9198,11288
10.56.167.214,843,4874,5717
10.56.167.215,432,485,917
10.56.167.221,170602,133718,304320
10.56.167.226,839169,2226,841395
10.56.167.227,216388,160681,377069
10.56.167.228,1750,3978,5728
10.56.167.229,0,0,0
10.56.167.23,23312,6058,29370
10.56.167.230,992892,717204,1710096
10.56.167.232,1214,4972,6186
10.56.167.237,0,0,0
10.56.167.239,0,0,0
10.56.167.241,456861,372916,829777
10.56.167.242,0,0,0
10.56.167.243,2921,766,3687
10.56.167.244,837,1350,2187
10.56.167.248,1544,348,1892
10.56.167.251,189973,127710,317683
10.56.167.31,4096,12422,16518
10.56.167.32,4492,3857,8349
10.56.167.34,51880,129364,181244
10.56.167.35,46101,103945,150046
10.56.167.37,2984,32456,35440
10.56.167.41,62267,58996,121263
10.56.167.45,511,399,910
10.56.167.47,903,5370,6273
10.56.167.49,160967701,788028359,948996060
10.56.167.50,238528,200449,438977
10.56.167.52,26525,27748,54273
10.56.167.53,293676,264800,558476
10.56.167.54,801,116,917
10.56.167.55,208633,634322,842955
10.56.167.56,967542,680313,1647855
10.56.167.58,403132,279926,683058
10.56.167.59,65198,195797,260995
10.56.167.61,126835,128309,255144
10.56.167.62,199155,136639,335794
10.56.167.63,32312,42395,74707
10.56.167.64,2355,2120,4475
10.56.167.65,155418,118370,273788
10.56.167.72,227065,194644,421709
10.56.167.73,340,4475,4815
10.56.167.75,396147,2734785,3130932
10.56.167.77,4623,6143,10766
10.56.167.78,183006,321271,504277
10.56.167.79,295738,230185,525923
10.56.167.83,396289,1703317,2099606
10.56.167.84,252645,180647,433292
10.56.167.9,557,452,1009
10.56.167.90,635569,1114567,1750136
10.56.167.92,5227,14668,19895
10.56.168.115,1271,15249,16520
10.56.168.123,806,1277,2083
10.56.168.128,864,4972,5836
10.56.168.129,389,4475,4864
10.56.168.136,690,16939,17629
10.56.168.154,3820,20857,24677
10.56.168.157,538,423,961
10.56.168.162,1308,6745,8053
10.56.168.179,1955,4275,6230
10.56.168.18,676,4974,5650
10.56.168.189,332206,446019,778225
10.56.168.192,18254,20667,38921
10.56.168.199,3140,51915,55055
10.56.168.2,228012,198898,426910
10.56.168.206,3845,21978,25823
10.56.168.21,287,2100,2387
10.56.168.210,10910,16914,27824
10.56.168.223,1042,679,1721
10.56.168.225,19025,20415,39440
10.56.168.252,101,16481,16582
10.56.168.3,25530,59537,85067
10.56.168.7,0,0,0
10.56.168.87,601,1591,2192
10.56.168.90,2448,13181,15629
10.56.168.98,1352,9946,11298
10.56.170.175,728,8950,9678
10.56.174.104,840324,690936,1531260
10.56.174.111,14384,22285,36669
10.56.174.123,348330,665089,1013419
10.56.174.128,193,702,895
10.56.174.147,129041,108646,237687
10.56.174.175,37025,65431,102456
10.56.174.176,514,427,941
10.56.174.18,417814,1051661,1469475
10.56.174.182,556,449,1005
10.56.174.199,910767,666042,1576809
10.56.174.21,7601,47519,55120
10.56.174.210,2364,2371,4735
10.56.174.35,202687,183801,386488
10.56.174.43,279691,1341178,1620869
10.56.174.50,10345,15034,25379
10.56.174.86,625215,541873,1167088
10.56.174.92,3251943,32546218,35798161
10.56.176.126,1798,914,2712
10.56.176.162,32353,94379,126732
10.56.176.192,922,4974,5896
10.56.176.206,181583,257342,438925
10.56.176.225,184800,339068,523868
10.56.176.50,13255,6828,20083
10.56.176.9,9666,15306,24972
10.56.176.98,77765,67168,144933
10.56.179.120,612,1406,2018
10.56.179.126,190008,749937,939945
10.56.179.128,217880,772433,990313
10.56.179.131,1690,4707,6397
10.56.179.21,3214,45579,48793
10.56.179.223,8678411,113643835,122322246
10.56.179.233,255256,184558,439814
10.56.179.86,347079,270674,617753
10.56.179.98,934742,1812321,2747063
10.56.18.106,479,470,949
10.56.18.108,830740,24120148,24950888
10.56.18.109,14240,18355,32595
10.56.18.11,115423,434166,549589
10.56.18.110,224768,893435,1118203
10.56.18.113,293289,252588,545877
10.56.18.114,17288,17978,35266
10.56.18.116,155583,102811,258394
10.56.18.118,10452,11434,21886
10.56.18.120,545,453,998
10.56.18.121,35191,842096,877287
10.56.18.126,281222,199243,480465
10.56.18.128,173892,148080,321972
10.56.18.13,268180,211390,479570
10.56.18.130,27059,46854,73913
10.56.18.132,5846,1917,7763
10.56.18.133,151064,123216,274280
10.56.18.135,15317,12195,27512
10.56.18.140,95063,78442,173505
10.56.18.141,5298,7960,13258
10.56.18.144,270263,282715,552978
10.56.18.145,6880,29255,36135
10.56.18.146,0,0,0
10.56.18.148,1000449,3818445,4818894
10.56.18.150,1534,450,1984
10.56.18.151,447,426,873
10.56.18.152,151781,169715,321496
10.56.18.153,1246,13425,14671
10.56.18.154,4544,64078,68622
10.56.18.156,10429,35511,45940
10.56.18.16,264659,351376,616035
10.56.18.160,37117,73897,111014
10.56.18.161,121957,323887,445844
10.56.18.162,163272,129049,292321
10.56.18.164,39283,69429,108712
10.56.18.165,281799,268546,550345
10.56.18.168,398793,831518,1230311
10.56.18.17,9174,15565,24739
10.56.18.170,4943,5438,10381
10.56.18.172,22683,28415,51098
10.56.18.173,271643,219411,491054
10.56.18.174,2460,6169,8629
10.56.18.175,2771,15289,18060
10.56.18.177,161443,121734,283177
10.56.18.178,24252,25587,49839
10.56.18.179,1620,4924,6544
10.56.18.18,236792,249380,486172
10.56.18.180,354697,498244,852941
10.56.18.181,807568,18217462,19025030
10.56.18.182,239443,411108,650551
10.56.18.183,390661,1002808,1393469
10.56.18.184,1283,18764,20047
10.56.18.185,2047,2312,4359
10.56.18.186,302331,243076,545407
10.56.18.187,5813,21834,27647
10.56.18.188,34786,21627,56413
10.56.18.190,41467,43826,85293
10.56.18.191,616,4972,5588
10.56.18.195,282128,231091,513219
10.56.18.196,528,746,1274
10.56.18.197,237635,626262,863897
10.56.18.198,506041,406815,912856
10.56.18.200,286052,230379,516431
10.56.18.206,1280112,10404442,11684554
10.56.18.207,1105,570,1675
10.56.18.21,296844,208831,505675
10.56.18.210,181,373,554
10.56.18.211,267463,253083,520546
10.56.18.213,217090,164579,381669
10.56.18.215,4094,979,5073
10.56.18.216,462,384,846
10.56.18.218,154202,138457,292659
10.56.18.221,411,4475,4886
10.56.18.222,484770,954466,1439236
10.56.18.224,4576,5494,10070
10.56.18.225,279473,229712,509185
10.56.18.226,607601,502428,1110029
10.56.18.227,1434,932,2366
10.56.18.228,158614,132440,291054
10.56.18.229,1176,878,2054
10.56.18.231,44743,70469,115212
10.56.18.233,0,0,0
10.56.18.234,0,603,603
10.56.18.235,514530,436832,951362
10.56.18.236,82213,64080,146293
10.56.18.238,672,6184,6856
10.56.18.241,536696,1034897,1571593
10.56.18.242,123225,380407,503632
10.56.18.244,4884,7574,12458
10.56.18.245,180471,256002,436473
10.56.18.247,260657,235809,496466
10.56.18.25,264174,227670,491844
10.56.18.250,6239,26627,32866
10.56.18.252,600,167,767
10.56.18.253,147909,109053,256962
10.56.18.254,252315,192484,444799
10.56.18.255,70659,203644,274303
10.56.18.27,9886,13054,22940
10.56.18.29,181,373,554
10.56.18.30,882,5345,6227
10.56.18.31,4086,1652,5738
10.56.18.33,16498,25231,41729
10.56.18.38,284956,203913,488869
10.56.18.39,808,4974,5782
10.56.18.40,302882,256258,559140
10.56.18.46,9488,14604,24092
10.56.18.48,373309,570203,943512
10.56.18.49,397767,419066,816833
10.56.18.5,518483,344130,862613
10.56.18.54,541652,434419,976071
10.56.18.55,24373,35856,60229
10.56.18.56,1860151,26737099,28597250
10.56.18.57,752000,21969622,22721622
10.56.18.58,225235,196099,421334
10.56.18.60,1792,14711,16503
10.56.18.61,255495,199283,454778
10.56.18.62,4620,31325,35945
10.56.18.63,237662,203574,441236
10.56.18.66,5450,5055,10505
10.56.18.69,934,4972,5906
10.56.18.7,670,4974,5644
10.56.18.70,183034,171876,354910
10.56.18.71,13024402,1389538,14413940
10.56.18.72,0,0,0
10.56.18.73,1537342,7891740,9429082
10.56.18.76,4444,5827,10271
10.56.18.78,3339,25379,28718
10.56.18.79,650,4972,5622
10.56.18.80,183483,154066,337549
10.56.18.82,172690,216175,388865
10.56.18.83,34978,102088,137066
10.56.18.84,57591,10587,68178
10.56.18.86,1047,334,1381
10.56.18.87,11603,21294,32897
10.56.18.89,8511,10493,19004
10.56.18.90,205507,209970,415477
10.56.18.93,0,0,0
10.56.18.94,722,4974,5696
10.56.18.95,1329,1476,2805
10.56.18.96,388249,247099,635348
10.56.18.99,896367,2119950,3016317
10.56.183.127,718,4974,5692
10.56.183.129,103435,164848,268283
10.56.183.136,314424653,5959066713,6273491366
10.56.183.14,1810,348,2158
10.56.183.21,333,499,832
10.56.183.231,685,148,833
10.56.183.32,27268,29131,56399
10.56.185.101,65189,49625,114814
10.56.185.102,345035,281508,626543
10.56.185.103,242224,313534,555758
10.56.185.105,203258,148668,351926
10.56.185.106,114954,122098,237052
10.56.185.107,5460,1322,6782
10.56.185.110,199050,157301,356351
10.56.185.112,567,399,966
10.56.185.115,559,526,1085
10.56.185.116,33029,1160635,1193664
10.56.185.118,7266,3314,10580
10.56.185.119,320603,255273,575876
10.56.185.120,4303,32783,37086
10.56.185.122,457169,358172,815341
10.56.185.123,6470,7736,14206
10.56.185.124,243759,203365,447124
10.56.185.125,547,485,1032
10.56.185.126,4087,1617,5704
10.56.185.127,362915,777437,1140352
10.56.185.128,3614,5899,9513
10.56.185.13,828,1376,2204
10.56.185.130,308694,460275,768969
10.56.185.132,811,1291,2102
10.56.185.133,229170,195747,424917
10.56.185.134,19316,4395,23711
10.56.185.135,856,970,1826
10.56.185.136,707521,600902,1308423
10.56.185.141,130969,122472,253441
10.56.185.143,256153,183042,439195
10.56.185.144,226629,182172,408801
10.56.185.145,560,434,994
10.56.185.146,962,2213,3175
10.56.185.148,225021,171187,396208
10.56.185.150,575,505,1080
10.56.185.151,2963,6196,9159
10.56.185.154,16280,11765,28045
10.56.185.155,7649,1407,9056
10.56.185.158,63200,58876,122076
10.56.185.159,769,4906,5675
10.56.185.16,99858,146103,245961
10.56.185.160,7267,14232,21499
10.56.185.163,1017,838,1855
10.56.185.164,8039,9329,17368
10.56.185.167,6321,6875,13196
10.56.185.169,21461,40873,62334
10.56.185.17,1335,1433,2768
10.56.185.170,208893,165387,374280
10.56.185.173,1843,5871,7714
10.56.185.174,5276,4033,9309
10.56.185.176,1265,5432,6697
10.56.185.177,1241,1342,2583
10.56.185.179,27635,42560,70195
10.56.185.180,194818,173207,368025
10.56.185.182,4037,6229,10266
10.56.185.183,46701,83678,130379
10.56.185.184,10309,6418,16727
10.56.185.185,547,442,989
10.56.185.186,16536,21060,37596
10.56.185.187,159012,117678,276690
10.56.185.188,92202,100713,192915
10.56.185.189,481,447,928
10.56.185.19,230053,226401,456454
10.56.185.190,30137,16373,46510
10.56.185.191,2171,1864,4035
10.56.185.192,1894,444,2338
10.56.185.193,241493,221452,462945
10.56.185.194,197903,127408,325311
10.56.185.196,1288,296,1584
10.56.185.198,7332,1044,8376
10.56.185.20,0,0,0
10.56.185.200,1189,4180,5369
10.56.185.202,1456470,1261000,2717470
10.56.185.203,97274,94394,191668
10.56.185.205,9268,12687,21955
10.56.185.207,32083,29475,61558
10.56.185.208,537,422,959
10.56.185.21,658,4972,5630
10.56.185.211,667,1427,2094
10.56.185.212,192144,168483,360627
10.56.185.213,160929,134946,295875
10.56.185.216,18328,17237,35565
10.56.185.217,531,419,950
10.56.185.218,21076,21221,42297
10.56.185.220,195565608,901316975,1096882583
10.56.185.224,13251,6716,19967
10.56.185.225,478,486,964
10.56.185.226,191596,154114,345710
10.56.185.227,10179,17713,27892
10.56.185.228,116612,133635,250247
10.56.185.229,311243,250147,561390
10.56.185.23,198243,153508,351751
10.56.185.231,0,0,0
10.56.185.232,1768,444,2212
10.56.185.233,6910,7354,14264
10.56.185.234,179288,171624,350912
10.56.185.235,11586,2315,13901
10.56.185.236,16562,52997,69559
10.56.185.238,333234,305089,638323
10.56.185.239,44930,32455,77385
10.56.185.240,146128,422040,568168
10.56.185.241,484,443,927
10.56.185.242,276588,193257,469845
10.56.185.243,203837,150252,354089
10.56.185.245,19076,23271,42347
10.56.185.247,13039,3580,16619
10.56.185.249,182358,142256,324614
10.56.185.251,6028,9115,15143
10.56.185.253,2614,3143,5757
10.56.185.254,196176,149245,345421
10.56.185.28,141259,104659,245918
10.56.185.29,548,434,982
10.56.185.30,313724,729932,1043656
10.56.185.32,7742,11845,19587
10.56.185.34,2569,1974,4543
10.56.185.35,1040,900,1940
10.56.185.36,222666,167028,389694
10.56.185.37,773,1290,2063
10.56.185.38,47572,32066,79638
10.56.185.41,1316061,1193265,2509326
10.56.185.42,718,4972,5690
10.56.185.44,530,418,948
10.56.185.45,668,4972,5640
10.56.185.46,59114,54755,113869
10.56.185.47,236926,253563,490489
10.56.185.48,1572,34812,36384
10.56.185.50,384,485,869
10.56.185.52,23221,23089,46310
10.56.185.53,129714,139523,269237
10.56.185.54,3106,4117,7223
10.56.185.55,270264,187293,457557
10.56.185.57,25874,28529,54403
10.56.185.58,0,0,0
10.56.185.59,6038,7408,13446
10.56.185.60,9425,3325,12750
10.56.185.61,2449,1839,4288
10.56.185.63,1300,5433,6733
10.56.185.64,6713,9907,16620
10.56.185.65,5629,15700,21329
10.56.185.66,1011,870,1881
10.56.185.67,648,542,1190
10.56.185.69,1631,1734,3365
10.56.185.72,1179,601,1780
10.56.185.76,6030,26318,32348
10.56.185.79,13283,9709,22992
10.56.185.80,95481,105693,201174
10.56.185.81,1348,2352,3700
10.56.185.82,539,434,973
10.56.185.83,28999,32501,61500
10.56.185.88,237487,208077,445564
10.56.185.93,11674,9965,21639
10.56.185.94,645,167,812
10.56.185.95,512,399,911
10.56.185.98,504,463,967
10.56.186.0,425,485,910
10.56.186.2,926,862,1788
10.56.186.3,115132,110695,225827
10.56.186.4,5594,21167,26761
10.56.186.63,44846,49919,94765
10.56.187.101,216375059,1163210785,1379585844
10.56.187.103,205858,231386,437244
10.56.187.104,113795,908229,1022024
10.56.187.105,207281,173083,380364
10.56.187.107,373645,300573,674218
10.56.187.108,19554,21067,40621
10.56.187.109,291093,220695,511788
10.56.187.11,76095,73221,149316
10.56.187.110,63792,389932,453724
10.56.187.114,0,0,0
10.56.187.115,283493,239115,522608
10.56.187.116,1667,603,2270
10.56.187.12,442274,387903,830177
10.56.187.121,273853,188951,462804
10.56.187.122,282952,206625,489577
10.56.187.123,152901,133823,286724
10.56.187.128,36797,36422,73219
10.56.187.129,49671,495165,544836
10.56.187.130,208915,181197,390112
10.56.187.131,13160,14701,27861
10.56.187.132,30455,336320,366775
10.56.187.133,569,422,991
10.56.187.136,265476,199385,464861
10.56.187.139,137100,98834,235934
10.56.187.140,720904,587382,1308286
10.56.187.141,572,463,1035
10.56.187.142,190031,207602,397633
10.56.187.143,10215,1990,12205
10.56.187.148,592,485,1077
10.56.187.150,5325,3976,9301
10.56.187.154,108101,177454,285555
10.56.187.156,7432,182972,190404
10.56.187.157,2564,668,3232
10.56.187.16,5144,6096,11240
10.56.187.160,241341,494424,735765
10.56.187.161,28080,32380,60460
10.56.187.162,1676,1784,3460
10.56.187.163,448,426,874
10.56.187.165,15401,24080,39481
10.56.187.167,21041,15119,36160
10.56.187.168,585341,431480,1016821
10.56.187.169,17063,11044,28107
10.56.187.171,566,453,1019
10.56.187.172,11400,2354,13754
10.56.187.173,303145,560825,863970
10.56.187.174,12052,18479,30531
10.56.187.175,3549,1290,4839
10.56.187.176,2550,1618,4168
10.56.187.177,716,4972,5688
10.56.187.18,710,4974,5684
10.56.187.180,0,0,0
10.56.187.182,213161,181557,394718
10.56.187.183,810,116,926
10.56.187.189,59465,164281,223746
10.56.187.19,26890,26188,53078
10.56.187.190,4647,1119,5766
10.56.187.192,10153,7115,17268
10.56.187.194,7898,15484,23382
10.56.187.199,111476,522680,634156
10.56.187.200,10561,8604,19165
10.56.187.201,1974664,1886,1976550
10.56.187.202,262824,211835,474659
10.56.187.203,7338,50411,57749
10.56.187.205,43761805,127144815,170906620
10.56.187.206,580,439,1019
10.56.187.207,627164,571230,1198394
10.56.187.208,3168,14924,18092
10.56.187.21,933,10776,11709
10.56.187.211,592,478,1070
10.56.187.212,73878,207281,281159
10.56.187.213,0,0,0
10.56.187.214,431,398,829
10.56.187.217,6791800,46933,6838733
10.56.187.220,839,116,955
10.56.187.221,284248,348090,632338
10.56.187.222,4313,3832,8145
10.56.187.223,551020,352578,903598
10.56.187.225,149084,143150,292234
10.56.187.226,268443,221978,490421
10.56.187.229,4775,77000,81775
10.56.187.230,702,4974,5676
10.56.187.232,593,469,1062
10.56.187.233,299145,184603,483748
10.56.187.234,1826,1434,3260
10.56.187.235,215333,220166,435499
10.56.187.236,611414,5700859,6312273
10.56.187.237,28309,35053,63362
10.56.187.24,21185,97380,118565
10.56.187.241,1879,2020,3899
10.56.187.243,7009,9546,16555
10.56.187.244,1280,2641,3921
10.56.187.245,1126,1188,2314
10.56.187.247,546706,491335,1038041
10.56.187.25,238250877,1510562236,1748813113
10.56.187.250,0,0,0
10.56.187.251,1695,1314,3009
10.56.187.252,611,1456,2067
10.56.187.254,1908217,1631194,3539411
10.56.187.255,3245,839,4084
10.56.187.26,4331,3258,7589
10.56.187.28,13983,51689,65672
10.56.187.29,434,485,919
10.56.187.32,559705,413232,972937
10.56.187.34,827924,3101403,3929327
10.56.187.38,22279,35610,57889
10.56.187.40,92015,86346,178361
10.56.187.41,1094,870,1964
10.56.187.42,28286,29909,58195
10.56.187.45,281241,202225,483466
10.56.187.46,104300,95513,199813
10.56.187.47,3765,12107,15872
10.56.187.48,13068694,10178678,23247372
10.56.187.49,243489,232757,476246
10.56.187.5,337962,236412,574374
10.56.187.50,0,0,0
10.56.187.52,719483,563585,1283068
10.56.187.53,140778,127233,268011
10.56.187.54,144188,116882,261070
10.56.187.56,270873,257023,527896
10.56.187.57,18679,20101,38780
10.56.187.59,9334,9829,19163
10.56.187.62,1666,2457,4123
10.56.187.64,551,439,990
10.56.187.66,100803,289419,390222
10.56.187.67,187293,733182,920475
10.56.187.7,224635,217383,442018
10.56.187.70,695,523,1218
10.56.187.71,15471,2941,18412
10.56.187.73,203793,166276,370069
10.56.187.77,12555,2590,15145
10.56.187.78,11874,16049,27923
10.56.187.80,5980,2351,8331
10.56.187.81,15304,332166,347470
10.56.187.87,426589,672463,1099052
10.56.187.9,8122,14981,23103
10.56.187.90,409663,288190,697853
10.56.187.92,9322,4044,13366
10.56.187.95,128024,122220,250244
10.56.187.96,4267691,2158838,6426529
10.56.187.97,270,5802,6072
10.56.187.98,215433,189508,404941
10.56.187.99,10034597,627,10035224
10.56.188.1,280869,230786,511655
10.56.188.3,0,0,0
10.56.188.4,12825,30712,43537
10.56.189.115,320,4475,4795
10.56.189.175,796,4972,5768
10.56.19.0,259808,242324,502132
10.56.19.3,358745,492775,851520
10.56.19.4,106201,332728,438929
10.56.190.103,12165,16756,28921
10.56.190.117,0,0,0
10.56.190.119,309,4475,4784
10.56.190.133,1565,2227,3792
10.56.190.159,678,1292,1970
10.56.190.16,878,2015,2893
10.56.190.161,6016,3424,9440
10.56.190.18,2334,14928,17262
10.56.190.184,2050,23116,25166
10.56.190.202,596,1235,1831
10.56.190.220,2382,1284,3666
10.56.190.233,24960,13696,38656
10.56.190.25,21808,12412,34220
10.56.190.253,3401,28210,31611
10.56.190.35,3743,2943,6686
10.56.190.36,966,2288,3254
10.56.190.37,36326,37964,74290
10.56.190.39,6296,6711,13007
10.56.190.60,681,1231,1912
10.56.190.61,1098,1126,2224
10.56.190.79,648,485,1133
10.56.190.83,3516,40511,44027
10.56.190.89,7610,78654,86264
10.56.191.115,298162,288482,586644
10.56.191.118,1846,5907,7753
10.56.191.12,183707,142109,325816
10.56.191.126,4223,6218,10441
10.56.191.128,200855,177700,378555
10.56.191.129,926,4974,5900
10.56.191.130,121076,86889,207965
10.56.191.131,135229,104198,239427
10.56.191.154,167785,141469,309254
10.56.191.157,623,518,1141
10.56.191.175,3764,4735,8499
10.56.191.189,186673,159689,346362
10.56.191.204,174884,169088,343972
10.56.191.206,21282,24551,45833
10.56.191.210,7335,2250,9585
10.56.191.223,24912,20529,45441
10.56.191.225,855979,778634,1634613
10.56.191.233,246485,160657,407142
10.56.191.86,152122,478616,630738
10.56.191.87,856,4990,5846
10.56.191.9,205010,157702,362712
10.56.193.10,280219,684230,964449
10.56.193.104,4902,8493,13395
10.56.193.108,55318,2903821,2959139
10.56.193.115,1171,5457,6628
10.56.193.116,1540792,1677158,3217950
10.56.193.118,1856,13990,15846
10.56.193.123,54065,1570094,1624159
10.56.193.126,29181,22186,51367
10.56.193.127,1628,9348,10976
10.56.193.128,607062,6955738,7562800
10.56.193.135,2394816,3085510,5480326
10.56.193.136,690,4972,5662
10.56.193.147,20992,536778,557770
10.56.193.148,181,383,564
10.56.193.149,703021,3115006,3818027
10.56.193.159,3708,9688,13396
10.56.193.162,2731,6311,9042
10.56.193.165,2431,3182,5613
10.56.193.169,354985,5546344,5901329
10.56.193.176,233034,6688495,6921529
10.56.193.179,58855,64196,123051
10.56.193.18,49787,1886303,1936090
10.56.193.180,79688119,109500988,189189107
10.56.193.186,273969,204350,478319
10.56.193.189,20446,17870,38316
10.56.193.19,276497,798218,1074715
10.56.193.199,13333,10294,23627
10.56.193.20,211829,4993919,5205748
10.56.193.206,20187,17957,38144
10.56.193.208,39867,950267,990134
10.56.193.21,146194,140611,286805
10.56.193.223,29990,43778,73768
10.56.193.225,432,485,917
10.56.193.252,29887,71714,101601
10.56.193.28,79810,224241,304051
10.56.193.30,23867,841801,865668
10.56.193.34,261847,196597,458444
10.56.193.37,224502492,4583919634,4808422126
10.56.193.43,7025,166171,173196
10.56.193.50,116584,5164102,5280686
10.56.193.51,1523138,5187038,6710176
10.56.193.55,34538,33236,67774
10.56.193.66,168617,9096573,9265190
10.56.193.67,708,1362,2070
10.56.193.7,186629,8296588,8483217
10.56.193.85,322096,956403,1278499
10.56.193.86,1470710,27237566,28708276
10.56.193.9,369656,299980,669636
10.56.193.90,1663612,39061459,40725071
10.56.193.92,1504,856,2360
10.56.193.95,0,0,0
10.56.193.98,1001962,674603,1676565
10.56.194.199,161490,138027,299517
10.56.194.95,8998,89072,98070
10.56.194.98,1236,6745,7981
10.56.195.128,543784,586256,1130040
10.56.195.175,1102316,1765954,2868270
10.56.195.199,90028,131767,221795
10.56.195.21,602,1405,2007
10.56.195.223,73103,55797,128900
10.56.195.233,4185354,4590371,8775725
10.56.195.82,16756,32474,49230
10.56.195.98,160788,135812,296600
10.56.197.98,11003,11264,22267
10.56.199.104,116064,76534,192598
10.56.199.128,67190997,1112425549,1179616546
10.56.199.92,34566,29375,63941
10.56.199.98,136136,226964,363100
10.56.202.115,1567376,19441130,21008506
10.56.202.118,401,442,843
10.56.202.123,2059,3763,5822
10.56.202.128,490661,425973,916634
10.56.202.129,1356,29764,31120
10.56.202.131,4531,3709,8240
10.56.202.135,961836,32034538,32996374
10.56.202.136,295996,579620,875616
10.56.202.146,0,0,0
10.56.202.147,407002,3414441,3821443
10.56.202.165,775356,745493,1520849
10.56.202.175,1145,946,2091
10.56.202.182,33562,39769,73331
10.56.202.192,4683,14223,18906
10.56.202.199,597,503,1100
10.56.202.206,7844,128680,136524
10.56.202.214,591,469,1060
10.56.202.229,371208,268080,639288
10.56.202.232,660,493,1153
10.56.202.233,20363,32266,52629
10.56.202.245,9681,10372,20053
10.56.202.252,807,969,1776
10.56.202.44,826,4972,5798
10.56.202.67,1154,148,1302
10.56.202.7,191043,146204,337247
10.56.202.80,244038,205870,449908
10.56.202.82,276911,697784,974695
10.56.202.9,1190,5371,6561
10.56.202.90,531,1234,1765
10.56.202.95,336,4475,4811
10.56.202.98,0,0,0
10.56.204.10,59835,52479,112314
10.56.204.108,341230,289469,630699
10.56.204.11,250110,255806,505916
10.56.204.110,413,4475,4888
10.56.204.116,93049,68637,161686
10.56.204.118,8215,10359,18574
10.56.204.12,66066,65379,131445
10.56.204.120,29407,27069,56476
10.56.204.127,62597,75576,138173
10.56.204.128,3948,1947,5895
10.56.204.129,5561,1290,6851
10.56.204.130,242742,199921,442663
10.56.204.131,1269,601,1870
10.56.204.133,72090,74973,147063
10.56.204.135,28268,25778,54046
10.56.204.136,338388,374951,713339
10.56.204.139,246000,451463,697463
10.56.204.14,216970,206444,423414
10.56.204.142,5934,18093,24027
10.56.204.148,446674,427142,873816
10.56.204.15,7820,9144,16964
10.56.204.156,247403,964846,1212249
10.56.204.157,132751,116367,249118
10.56.204.159,50656610,342340251,392996861
10.56.204.165,38506,20794,59300
10.56.204.166,5832,15228,21060
10.56.204.171,12177,16649,28826
10.56.204.176,4067,27693,31760
10.56.204.178,596,470,1066
10.56.204.179,152470,135384,287854
10.56.204.18,5476,6986,12462
10.56.204.180,234279,364933,599212
10.56.204.19,67638,75792,143430
10.56.204.192,1145,116,1261
10.56.204.196,599,443,1042
10.56.204.20,14112,22643,36755
10.56.204.204,54642,44251,98893
10.56.204.208,1564,3086,4650
10.56.204.209,17210,2552,19762
10.56.204.21,920238,688099,1608337
10.56.204.214,65632,98397,164029
10.56.204.215,4812,38491,43303
10.56.204.217,434346,421308,855654
10.56.204.219,339317,266860,606177
10.56.204.221,139974,127753,267727
10.56.204.223,172947,815224,988171
10.56.204.225,71168,109764,180932
10.56.204.226,22669,21043,43712
10.56.204.228,297,499,796
10.56.204.229,24092,16778,40870
10.56.204.230,441,399,840
10.56.204.231,41507,73188,114695
10.56.204.233,35261,49477,84738
10.56.204.238,42421,38286,80707
10.56.204.241,210882,215750,426632
10.56.204.243,579859,460398,1040257
10.56.204.252,1890,6016,7906
10.56.204.30,784,1417,2201
10.56.204.34,43937,494854,538791
10.56.204.35,162917,1033709,1196626
10.56.204.37,52418,57431,109849
10.56.204.44,266120,482300,748420
10.56.204.50,15078,41693,56771
10.56.204.53,3626,4402,8028
10.56.204.55,614220,529717,1143937
10.56.204.56,39869,43519,83388
10.56.204.63,223447,781694,1005141
10.56.204.67,462668,362673,825341
10.56.204.78,49471,42210,91681
10.56.204.80,37622,112773,150395
10.56.204.82,555,442,997
10.56.204.86,60804,97349,158153
10.56.204.90,236725,397720,634445
10.56.204.95,373114,1133971,1507085
10.56.205.1,16155,14527,30682
10.56.207.10,1860,6542,8402
10.56.207.110,55554,34345,89899
10.56.207.112,212360,218843,431203
10.56.207.116,437935,350773,788708
10.56.207.12,192324,170846,363170
10.56.207.120,120256,366015,486271
10.56.207.124,28202,22539,50741
10.56.207.131,14134821,67551826,81686647
10.56.207.135,188,383,571
10.56.207.136,0,0,0
10.56.207.14,195812,342814,538626
10.56.207.148,295337,313184,608521
10.56.207.15,192087,163118,355205
10.56.207.150,329,4475,4804
10.56.207.152,395669,755312,1150981
10.56.207.156,2371,747,3118
10.56.207.157,170932,169794,340726
10.56.207.159,352613,854903,1207516
10.56.207.16,148118,142929,291047
10.56.207.162,85348,107983,193331
10.56.207.165,12984,9705,22689
10.56.207.169,363687,767617,1131304
10.56.207.175,90679,98135,188814
10.56.207.178,159415,110958,270373
10.56.207.179,630,4974,5604
10.56.207.18,381201,339923,721124
10.56.207.180,269,5802,6071
10.56.207.182,1196,5482,6678
10.56.207.185,717972,945588,1663560
10.56.207.19,0,0,0
10.56.207.192,2164,9449,11613
10.56.207.196,834147,565874,1400021
10.56.207.197,113273,114915,228188
10.56.207.20,2778,3807,6585
10.56.207.201,672,1223,1895
10.56.207.204,218696,190987,409683
10.56.207.206,348515,265290,613805
10.56.207.210,22849,40200,63049
10.56.207.225,253378,219916,473294
10.56.207.228,555,485,1040
10.56.207.231,12407,479126,491533
10.56.207.233,4055,6763,10818
10.56.207.235,318,499,817
10.56.207.239,603,423,1026
10.56.207.245,248464,198819,447283
10.56.207.247,287649,472370,760019
10.56.207.25,549,443,992
10.56.207.250,1297,1553,2850
10.56.207.251,198005,152447,350452
10.56.207.252,5147,4152,9299
10.56.207.253,305,497,802
10.56.207.30,11973,19037,31010
10.56.207.32,11590,14825,26415
10.56.207.34,880117,942703,1822820
10.56.207.44,255129,183700,438829
10.56.207.47,38778,45569,84347
10.56.207.48,100261,3478586,3578847
10.56.207.52,9638,10510,20148
10.56.207.55,23232,19657,42889
10.56.207.63,38806,34089,72895
10.56.207.66,1475,1698,3173
10.56.207.67,219201,148843,368044
10.56.207.71,10599,16218,26817
10.56.207.77,170843,166797,337640
10.56.207.80,9710,1645,11355
10.56.207.81,732,1775,2507
10.56.207.82,736,4972,5708
10.56.207.86,1927,9935,11862
10.56.207.87,79197151,369601829,448798980
10.56.207.9,92981,78447,171428
10.56.207.95,715639,930063,1645702
10.56.207.98,91695,88085,179780
10.56.208.10,74172,59095,133267
10.56.208.108,1058288,1565181,2623469
10.56.208.110,818334,586561,1404895
10.56.208.112,1763,3040,4803
10.56.208.115,3101,810,3911
10.56.208.116,1118,906,2024
10.56.208.118,221682,546329,768011
10.56.208.127,0,0,0
10.56.208.129,0,0,0
10.56.208.13,176684,144348,321032
10.56.208.131,12752,14075,26827
10.56.208.132,244626,251968,496594
10.56.208.135,205248,185278,390526
10.56.208.136,528,423,951
10.56.208.14,33115,34110,67225
10.56.208.147,0,0,0
10.56.208.148,353422,639913,993335
10.56.208.149,270,6407,6677
10.56.208.15,6398,19800,26198
10.56.208.159,344952,729202,1074154
10.56.208.175,1458,1175,2633
10.56.208.176,480,469,949
10.56.208.179,360233,434768,795001
10.56.208.180,8908,10826,19734
10.56.208.182,413570,352343,765913
10.56.208.185,1443,1940,3383
10.56.208.186,34300,44354,78654
10.56.208.189,1056,13425,14481
10.56.208.19,14140,76169,90309
10.56.208.192,4757,8817,13574
10.56.208.196,712134,547914,1260048
10.56.208.199,15376,14458,29834
10.56.208.20,208790,1659581,1868371
10.56.208.206,1006,9449,10455
10.56.208.208,1062,846,1908
10.56.208.21,745,8950,9695
10.56.208.210,4435,7831,12266
10.56.208.219,2356,9978,12334
10.56.208.231,802375,1084476,1886851
10.56.208.243,255835,546203,802038
10.56.208.247,1168,5373,6541
10.56.208.250,957,1060,2017
10.56.208.252,22080,217510,239590
10.56.208.30,786335,568205,1354540
10.56.208.35,288836,235565,524401
10.56.208.37,1278,6684,7962
10.56.208.44,14602,3321,17923
10.56.208.50,264156,239339,503495
10.56.208.55,5314,7405,12719
10.56.208.56,59880,63679,123559
10.56.208.67,1338,1772,3110
10.56.208.7,114360,97737,212097
10.56.208.80,49041,40164,89205
10.56.208.82,524,847,1371
10.56.208.95,126529,128556,255085
10.56.21.10,521137,14675107,15196244
10.56.21.100,55167,151532,206699
10.56.21.101,300878,8846732,9147610
10.56.21.103,26134,11274,37408
10.56.21.105,1185459,31155803,32341262
10.56.21.108,35088,33379,68467
10.56.21.110,14250,6740,20990
10.56.21.113,541484,608027,1149511
10.56.21.114,586187,10166794,10752981
10.56.21.115,1057571,19098232,20155803
10.56.21.117,237339,177426,414765
10.56.21.118,8645,42934,51579
10.56.21.119,29315,518048,547363
10.56.21.12,2124,6100,8224
10.56.21.120,442183,368493,810676
10.56.21.121,23667,28248,51915
10.56.21.122,433587,329204,762791
10.56.21.123,314887,693165,1008052
10.56.21.124,438,746,1184
10.56.21.125,138963,121551,260514
10.56.21.126,12120,19277,31397
10.56.21.127,182492,341302,523794
10.56.21.128,7070,4562,11632
10.56.21.129,233526,613900,847426
10.56.21.130,632,4972,5604
10.56.21.131,368366,288579,656945
10.56.21.132,74108,56904,131012
10.56.21.133,401629,1258470,1660099
10.56.21.134,4512331,33834713,38347044
10.56.21.135,947760,16337736,17285496
10.56.21.136,8050,28672,36722
10.56.21.137,387572,4052145,4439717
10.56.21.139,1108,878,1986
10.56.21.140,169580,152622,322202
10.56.21.142,1166852,9501032,10667884
10.56.21.143,360,792,1152
10.56.21.144,1704013,13548276,15252289
10.56.21.146,315902,571043,886945
10.56.21.148,25800,408179,433979
10.56.21.15,304332,1282355,1586687
10.56.21.153,205488509,769489727,974978236
10.56.21.154,303853,245093,548946
10.56.21.156,66981,61455,128436
10.56.21.157,237537,198263,435800
10.56.21.159,872418,19923527,20795945
10.56.21.160,3327,3774,7101
10.56.21.162,58965,7936939,7995904
10.56.21.163,4757,5294,10051
10.56.21.164,913,1264,2177
10.56.21.165,178721,4597001,4775722
10.56.21.166,2322,3357,5679
10.56.21.168,438149,669734,1107883
10.56.21.169,1499501,44602928,46102429
10.56.21.170,163140,497336,660476
10.56.21.171,214674,783443,998117
10.56.21.172,241735,1672582,1914317
10.56.21.173,808532,14713961,15522493
10.56.21.175,350432,3331257,3681689
10.56.21.176,38334,117235,155569
10.56.21.177,104703,89328,194031
10.56.21.178,850,4974,5824
10.56.21.179,261769,209037,470806
10.56.21.18,20802,10265,31067
10.56.21.181,881,1024,1905
10.56.21.183,28710,98194,126904
10.56.21.184,644716,4167500,4812216
10.56.21.185,562422,2607746,3170168
10.56.21.187,104922,704157,809079
10.56.21.189,889061,6295525,7184586
10.56.21.19,638,8956,9594
10.56.21.191,6241,3881,10122
10.56.21.193,216360,6966757,7183117
10.56.21.194,18427,9410699,9429126
10.56.21.195,475602,481338,956940
10.56.21.199,3068865,50925522,53994387
10.56.21.20,507817,11994055,12501872
10.56.21.201,342512,6134807,6477319
10.56.21.202,12759,505095,517854
10.56.21.204,56710,74969,131679
10.56.21.206,6144,11587,17731
10.56.21.207,85654,81831,167485
10.56.21.208,286339,247529,533868
10.56.21.21,26117,18426,44543
10.56.21.210,219888,153672,373560
10.56.21.212,6462,33159,39621
10.56.21.214,256502,436539,693041
10.56.21.216,1018666,16895138,17913804
10.56.21.217,258994,195667,454661
10.56.21.220,19131,61095,80226
10.56.21.221,1131727,34107404,35239131
10.56.21.222,422615,7752960,8175575
10.56.21.223,2229,2303,4532
10.56.21.224,175747,1689882,1865629
10.56.21.225,573490,1495644,2069134
10.56.21.226,467,501,968
10.56.21.227,3426664,79278319,82704983
10.56.21.228,2518,943,3461
10.56.21.229,267400,4591598,4858998
10.56.21.23,2951531,25518416,28469947
10.56.21.230,212158,1256576,1468734
10.56.21.232,15506,482875,498381
10.56.21.233,773673,1068846,1842519
10.56.21.234,205776,4125584,4331360
10.56.21.235,375716,352979,728695
10.56.21.236,24631,20556,45187
10.56.21.237,2511174,26560255,29071429
10.56.21.24,1435903,35544224,36980127
10.56.21.240,1320933,23068186,24389119
10.56.21.241,368665,11874946,12243611
10.56.21.242,636363,15441890,16078253
10.56.21.243,203366,249133,452499
10.56.21.244,615218,3777633,4392851
10.56.21.245,1045831,19243595,20289426
10.56.21.247,188,383,571
10.56.21.248,1841,20791,22632
10.56.21.249,387434,781842,1169276
10.56.21.25,213224,173970,387194
10.56.21.250,610897,8034103,8645000
10.56.21.252,781753,2617273,3399026
10.56.21.253,5384897,95399426,100784323
10.56.21.254,269678,237538,507216
10.56.21.255,255865,374055,629920
10.56.21.30,2487777,12502878,14990655
10.56.21.31,291483,229979,521462
10.56.21.32,139686,2797360,2937046
10.56.21.33,251256,1306481,1557737
10.56.21.34,2239379,33478694,35718073
10.56.21.35,979082,8691024,9670106
10.56.21.36,9578,1392,10970
10.56.21.37,9407,10856,20263
10.56.21.38,10117,33730,43847
10.56.21.41,200173,171860,372033
10.56.21.44,859940,18045028,18904968
10.56.21.46,184708,178809,363517
10.56.21.47,1250,946,2196
10.56.21.48,233633,191239,424872
10.56.21.49,314812,202293,517105
10.56.21.5,616,4974,5590
10.56.21.50,530,418,948
10.56.21.53,1061953,13595842,14657795
10.56.21.55,12569,3499,16068
10.56.21.56,481,399,880
10.56.21.57,841,1576,2417
10.56.21.58,534,422,956
10.56.21.59,22167,260192,282359
10.56.21.6,53191,41659,94850
10.56.21.60,1501262,32088426,33589688
10.56.21.63,224051,552221,776272
10.56.21.65,220114,165463,385577
10.56.21.69,168911,141747,310658
10.56.21.7,108190,688403,796593
10.56.21.71,1085061,25091665,26176726
10.56.21.72,22974,37462,60436
10.56.21.73,3387874,33956857,37344731
10.56.21.74,213327,174672,387999
10.56.21.75,1472930,2410882,3883812
10.56.21.77,273769,177592,451361
10.56.21.78,51936,2388144,2440080
10.56.21.79,251473,229411,480884
10.56.21.8,166226,270509,436735
10.56.21.81,1199894,13221294,14421188
10.56.21.82,86333,86588,172921
10.56.21.86,4867,216671,221538
10.56.21.87,0,0,0
10.56.21.88,731000,603689,1334689
10.56.21.9,153077,124380,277457
10.56.21.90,378144,11083579,11461723
10.56.21.93,307142,268568,575710
10.56.21.94,872,970,1842
10.56.21.95,272443,216034,488477
10.56.21.96,32397,43833,76230
10.56.21.97,246364,200954,447318
10.56.21.99,386631,303146,689777
10.56.212.115,37208,83011,120219
10.56.212.118,258473,216972,475445
10.56.212.120,470,485,955
10.56.212.175,166589,138860,305449
10.56.212.176,151170,130296,281466
10.56.212.182,9384,142991,152375
10.56.212.192,23880,138405,162285
10.56.212.199,664,514,1178
10.56.212.21,78158,87845,166003
10.56.212.223,632,8950,9582
10.56.212.35,24347,37726,62073
10.56.212.7,41695,36574,78269
10.56.212.80,14364,482419,496783
10.56.212.87,554,438,992
10.56.212.90,554,442,996
10.56.212.95,315,4481,4796
10.56.22.0,3191,4242,7433
10.56.22.1,207908,165095,373003
10.56.22.3,5134,1498,6632
10.56.22.4,2097,8253,10350
10.56.221.199,1110,886,1996
10.56.222.120,72359,67118,139477
10.56.222.162,723,1058,1781
10.56.222.175,2301,1065,3366
10.56.222.199,6812,7187,13999
10.56.222.21,233724,880369,1114093
10.56.222.223,10488,5412,15900
10.56.222.233,1171,1643,2814
10.56.222.98,192856,146555,339411
10.56.230.126,6241,9352,15593
10.56.230.175,28866,49335,78201
10.56.230.192,163876,122016,285892
10.56.230.206,598,1256,1854
10.56.230.21,331331,209807,541138
10.56.230.223,0,0,0
10.56.230.225,3581,6185,9766
10.56.230.95,617,537,1154
10.56.230.98,3083,8948,12031
10.56.232.10,1059,918,1977
10.56.232.101,228643,736222,964865
10.56.232.102,1698363,276593,1974956
10.56.232.103,209712,237057,446769
10.56.232.105,338822,332673,671495
10.56.232.108,219976,186008,405984
10.56.232.11,518194,418449,936643
10.56.232.110,656,870,1526
10.56.232.112,3385,3413,6798
10.56.232.115,328055,274916,602971
10.56.232.116,17809,11009,28818
10.56.232.118,29762910,265740755,295503665
10.56.232.12,717330,582876,1300206
10.56.232.124,416832,744571,1161403
10.56.232.126,1046,668,1714
10.56.232.127,312853,266165,579018
10.56.232.128,485,3044,3529
10.56.232.129,563,423,986
10.56.232.13,379907,345203,725110
10.56.232.130,730,1203,1933
10.56.232.131,485600,952368,1437968
10.56.232.133,92333,75617,167950
10.56.232.134,278654,941644,1220298
10.56.232.135,12752,1856,14608
10.56.232.139,123155,111291,234446
10.56.232.14,68581,398111,466692
10.56.232.141,18788,25485,44273
10.56.232.142,1914,671,2585
10.56.232.143,249027,349157,598184
10.56.232.147,9295454,4466211,13761665
10.56.232.148,362247,411331,773578
10.56.232.149,29340,6430,35770
10.56.232.150,136728535,520670517,657399052
10.56.232.152,113895,72350,186245
10.56.232.153,579,442,1021
10.56.232.154,6102,6325,12427
10.56.232.156,763,116,879
10.56.232.157,261867,1924302,2186169
10.56.232.159,165207,5801667,5966874
10.56.232.16,1034753,925076,1959829
10.56.232.161,1012570,987398,1999968
10.56.232.163,13214,3183,16397
10.56.232.165,1613999817,627475200,2241475017
10.56.232.169,0,0,0
10.56.232.171,323,4475,4798
10.56.232.175,24960,19062,44022
10.56.232.176,1998,1626,3624
10.56.232.177,189874,271099,460973
10.56.232.178,232401,198870,431271
10.56.232.179,796282,987881,1784163
10.56.232.18,45902,52767,98669
10.56.232.182,15404101,122632463,138036564
10.56.232.183,254953,197055,452008
10.56.232.185,10974,24307,35281
10.56.232.189,92015,79132,171147
10.56.232.193,796050,513996,1310046
10.56.232.196,12286,12968,25254
10.56.232.197,319162,268469,587631
10.56.232.199,856,4988,5844
10.56.232.200,645,539,1184
10.56.232.202,2477,6227,8704
10.56.232.204,1699,19647,21346
10.56.232.206,176208,152472,328680
10.56.232.207,11899,1777,13676
10.56.232.208,277048,203616,480664
10.56.232.209,215830,860212,1076042
10.56.232.210,250334,183903,434237
10.56.232.211,981155,677789,1658944
10.56.232.213,859277,693873,1553150
10.56.232.214,1056,798,1854
10.56.232.215,119981294,2808621387,2928602681
10.56.232.217,295544,290340,585884
10.56.232.219,105629,121192,226821
10.56.232.221,246123,288322,534445
10.56.232.222,212286,433543,645829
10.56.232.223,799323,737464,1536787
10.56.232.226,845825,771800,1617625
10.56.232.228,496259,1057531,1553790
10.56.232.229,9019,2874,11893
10.56.232.23,8014,2401,10415
10.56.232.230,307201,393935,701136
10.56.232.232,28499,9892,38391
10.56.232.233,29526975,13272221,42799196
10.56.232.235,463124,412334,875458
10.56.232.238,4277,1079,5356
10.56.232.239,146316,117186,263502
10.56.232.24,338330,301467,639797
10.56.232.243,48096,41538,89634
10.56.232.244,1757,1377,3134
10.56.232.245,74512,88340,162852
10.56.232.250,2868,2676,5544
10.56.232.251,206699,388214,594913
10.56.232.252,13239,21165,34404
10.56.232.253,254643,244149,498792
10.56.232.255,1599,9447,11046
10.56.232.26,286521,213171,499692
10.56.232.30,6853,2802,9655
10.56.232.32,179377,130747,310124
10.56.232.34,270109,362713,632822
10.56.232.36,400044,731945,1131989
10.56.232.39,44181960,392826760,437008720
10.56.232.44,2057,5353,7410
10.56.232.46,657,542,1199
10.56.232.47,34752,40574,75326
10.56.232.48,563187,485705,1048892
10.56.232.53,238752,201463,440215
10.56.232.54,239791,159502,399293
10.56.232.55,21868,50869,72737
10.56.232.56,188045,415803,603848
10.56.232.57,198770,1126250,1325020
10.56.232.63,246242,202153,448395
10.56.232.64,932,824,1756
10.56.232.66,22896112,84143015,107039127
10.56.232.7,15904,19576,35480
10.56.232.70,608492,423462,1031954
10.56.232.73,150784,340604,491388
10.56.232.77,225574,188195,413769
10.56.232.78,140250,114975,255225
10.56.232.79,17480,755334,772814
10.56.232.80,285223,259799,545022
10.56.232.81,721979,10946719,11668698
10.56.232.84,34047,172354,206401
10.56.232.86,408652,877729,1286381
10.56.232.87,477820,603718,1081538
10.56.232.9,7315,2582,9897
10.56.232.90,101969,245457,347426
10.56.232.95,2395,8976,11371
10.56.232.98,1052,944,1996
10.56.233.12,324,4475,4799
10.56.233.159,65384103,1602074235,1667458338
10.56.233.181,1604865073,290506252,1895371325
10.56.233.49,533374439,731612653,1264987092
10.56.233.7,386,4475,4861
10.56.233.78,30422,1661428,1691850
10.56.233.98,6681,13953,20634
10.56.234.0,6587877,485891296,492479173
10.56.234.199,108085,108576,216661
10.56.234.98,5674,8172,13846
10.56.236.126,6136,8906,15042
10.56.236.134,583,410,993
10.56.236.147,1160,3385,4545
10.56.236.148,3026,5359,8385
10.56.236.157,35576,27704,63280
10.56.236.179,1259,3332,4591
10.56.236.206,4267,7314,11581
10.56.236.231,4149,25872,30021
10.56.236.232,679,1291,1970
10.56.236.50,2632,1498,4130
10.56.236.7,0,0,0
10.56.237.21,3869,1588,5457
10.56.240.126,603216,469311,1072527
10.56.240.175,164483,499307,663790
10.56.240.199,3585,9000,12585
10.56.240.21,130428,115927,246355
10.56.240.223,812,5355,6167
10.56.240.233,403,499,902
10.56.245.10,487533,496522,984055
10.56.245.101,531,418,949
10.56.245.104,53132,35042,88174
10.56.245.107,507,399,906
10.56.245.11,47401,41643,89044
10.56.245.110,800,1025,1825
10.56.245.111,946763,758233,1704996
10.56.245.112,202778,270890,473668
10.56.245.115,229295,387821,617116
10.56.245.116,632,23646,24278
10.56.245.118,10314,1636,11950
10.56.245.12,1267,5120,6387
10.56.245.120,608,493,1101
10.56.245.123,9309,15531,24840
10.56.245.126,841,4874,5715
10.56.245.127,108186,94507,202693
10.56.245.129,4858,881,5739
10.56.245.13,21009,9731,30740
10.56.245.131,43983,49205,93188
10.56.245.132,4059,2570,6629
10.56.245.133,425,485,910
10.56.245.134,0,0,0
10.56.245.135,77254,226586,303840
10.56.245.146,119454,157488,276942
10.56.245.147,1290,676,1966
10.56.245.148,4236,30690,34926
10.56.245.149,233522,205945,439467
10.56.245.15,164700,145454,310154
10.56.245.154,398194,487384,885578
10.56.245.157,556421,690575,1246996
10.56.245.158,992,8950,9942
10.56.245.162,0,0,0
10.56.245.165,3058,4092,7150
10.56.245.166,1682,2332,4014
10.56.245.171,43101,5336,48437
10.56.245.176,4708,4030,8738
10.56.245.178,18997,583922,602919
10.56.245.179,418994,299982,718976
10.56.245.18,1172,946,2118
10.56.245.180,218790,178067,396857
10.56.245.182,121014,115551,236565
10.56.245.185,613,469,1082
10.56.245.189,330028,254080,584108
10.56.245.199,173547,168651,342198
10.56.245.20,322744,288324,611068
10.56.245.203,485125,624976,1110101
10.56.245.206,197699,169651,367350
10.56.245.208,23307,10404,33711
10.56.245.210,193362,136661,330023
10.56.245.211,21886,681248,703134
10.56.245.217,29828,21948,51776
10.56.245.219,1498,5088,6586
10.56.245.221,630,4974,5604
10.56.245.222,377895,349667,727562
10.56.245.223,1559695,9699579,11259274
10.56.245.225,82625,73620,156245
10.56.245.228,1729974,63266496,64996470
10.56.245.229,50508939,342009394,392518333
10.56.245.230,1557,1221,2778
10.56.245.231,610507,479662,1090169
10.56.245.232,738,4974,5712
10.56.245.233,96238,100653,196891
10.56.245.238,498670,352062,850732
10.56.245.241,542,471,1013
10.56.245.243,44434,1047917,1092351
10.56.245.245,251445,209937,461382
10.56.245.247,447845,409832,857677
10.56.245.25,5055,36141,41196
10.56.245.251,1178,1046,2224
10.56.245.255,87712,70062,157774
10.56.245.32,74480,83388,157868
10.56.245.34,1021563,766236,1787799
10.56.245.37,257904,208291,466195
10.56.245.43,6869,11674,18543
10.56.245.50,106865,79670,186535
10.56.245.51,5429,8598,14027
10.56.245.54,185340,165728,351068
10.56.245.55,617,512,1129
10.56.245.59,7044,1558,8602
10.56.245.63,248434,786878,1035312
10.56.245.64,766132,6751119,7517251
10.56.245.66,341525,539406,880931
10.56.245.67,1068343,982911,2051254
10.56.245.77,1024,798,1822
10.56.245.85,62870,40123,102993
10.56.245.86,170655,184732,355387
10.56.245.87,24538,822020,846558
10.56.245.9,1414,1162,2576
10.56.245.90,240741,182017,422758
10.56.245.92,253786,200309,454095
10.56.245.93,375324,353799,729123
10.56.245.95,93758,88697,182455
10.56.245.97,22110,25082,47192
10.56.245.98,442162,366783,808945
10.56.246.1,15625,15123,30748
10.56.246.120,1421,6146,7567
10.56.246.123,5347,1797,7144
10.56.246.129,533783,479640,1013423
10.56.246.131,534,419,953
10.56.246.136,1059,579,1638
10.56.246.147,248711,276935,525646
10.56.246.179,936,4972,5908
10.56.246.182,126579,152131,278710
10.56.246.192,6376,98127,104503
10.56.246.199,1637,7182,8819
10.56.246.2,3333,9394,12727
10.56.246.206,1829,444,2273
10.56.246.21,7077,10839,17916
10.56.246.210,171148,154219,325367
10.56.246.233,704,4974,5678
10.56.246.252,4900,14227,19127
10.56.246.35,2286,184880,187166
10.56.246.95,10570,32697,43267
10.56.248.21,27000,33797,60797
10.56.249.10,539618,482725,1022343
10.56.249.107,180611,104052,284663
10.56.249.108,108131,100399,208530
10.56.249.110,227345,215876,443221
10.56.249.115,247076,242390,489466
10.56.249.116,7670,3948,11618
10.56.249.118,53409,53926,107335
10.56.249.12,198350,158765,357115
10.56.249.120,3041,1248,4289
10.56.249.123,39308,36055,75363
10.56.249.127,12860,13197,26057
10.56.249.128,819,1235,2054
10.56.249.129,488427,356070,844497
10.56.249.13,49442,16458,65900
10.56.249.134,181844,147482,329326
10.56.249.146,339705,278016,617721
10.56.249.15,138532,100549,239081
10.56.249.154,298474,223625,522099
10.56.249.162,47917,49008,96925
10.56.249.165,1931,1733,3664
10.56.249.169,18821,3016,21837
10.56.249.175,1132,878,2010
10.56.249.176,43299,21313,64612
10.56.249.179,463927,343100,807027
10.56.249.18,162724,124950,287674
10.56.249.182,16717,11935,28652
10.56.249.185,511,399,910
10.56.249.186,205403,175513,380916
10.56.249.19,283834,265739,549573
10.56.249.192,693,8950,9643
10.56.249.196,8042,6083,14125
10.56.249.204,211254,424751,636005
10.56.249.21,75040,72315,147355
10.56.249.210,628,167,795
10.56.249.219,230736,180291,411027
10.56.249.223,425484,343168,768652
10.56.249.225,254774,249750,504524
10.56.249.231,121415,99400,220815
10.56.249.232,148943,105430,254373
10.56.249.233,31391,24597,55988
10.56.249.241,6022,2989,9011
10.56.249.247,1996,444,2440
10.56.249.30,7772,6298,14070
10.56.249.32,46014,52927,98941
10.56.249.34,443270,371392,814662
10.56.249.35,1236,1024,2260
10.56.249.50,0,0,0
10.56.249.56,3726,963,4689
10.56.249.66,17475,10252,27727
10.56.249.67,14815,2467,17282
10.56.249.7,22505,23536,46041
10.56.249.80,2910,6901,9811
10.56.249.86,24129,25590,49719
10.56.249.87,15840,13680,29520
10.56.249.9,112260,2260546,2372806
10.56.249.90,816,116,932
10.56.249.95,776,940,1716
10.56.249.98,177331,144187,321518
10.56.250.116,275917,202784,478701
10.56.250.126,1631,14824,16455
10.56.250.129,257316,200460,457776
10.56.250.136,625286,492008,1117294
10.56.250.19,19646,2668,22314
10.56.250.199,9672,3082,12754
10.56.250.21,792,4873,5665
10.56.250.223,119989,134085,254074
10.56.250.35,180639,140661,321300
10.56.250.95,1296391,1054370,2350761
10.56.252.115,729,1612,2341
10.56.252.118,455045,3384904,3839949
10.56.252.12,50765,505396,556161
10.56.252.126,325226,3169084,3494310
10.56.252.128,14598,22251,36849
10.56.252.131,127300,4758892,4886192
10.56.252.147,201433,1212071,1413504
10.56.252.179,269521586,1847277027,2116798613
10.56.252.18,30609,1019370,1049979
10.56.252.206,2077,12199,14276
10.56.252.21,184976,1401604,1586580
10.56.252.223,291807,1353574,1645381
10.56.252.225,147483,101671,249154
10.56.252.233,12082,33439,45521
10.56.252.50,23143,32111,55254
10.56.252.7,805532,495441,1300973
10.56.252.80,116132,104000,220132
10.56.252.87,1944,2170,4114
10.56.252.90,274977,222017,496994
10.56.252.98,311617,215048,526665
10.56.26.10,289415,249610,539025
10.56.26.101,252159,192922,445081
10.56.26.102,147719,474026,621745
10.56.26.103,51957,64354,116311
10.56.26.108,235032,358076,593108
10.56.26.112,358905,320805,679710
10.56.26.115,225548,170729,396277
10.56.26.116,2232,1812,4044
10.56.26.118,281509,637856,919365
10.56.26.120,21904,20586,42490
10.56.26.124,410017,367333,777350
10.56.26.126,18343,22122,40465
10.56.26.128,14374,5112,19486
10.56.26.129,5094,4493,9587
10.56.26.130,552,453,1005
10.56.26.131,2871,1650,4521
10.56.26.132,124289,1795642,1919931
10.56.26.133,0,0,0
10.56.26.135,1531,601,2132
10.56.26.136,593923,429104,1023027
10.56.26.14,55687,42721,98408
10.56.26.146,1114,884,1998
10.56.26.147,207458,151484,358942
10.56.26.148,991373,1646575,2637948
10.56.26.150,177234,143635,320869
10.56.26.154,243002,223006,466008
10.56.26.157,84263,1670994,1755257
10.56.26.159,17427,11775,29202
10.56.26.16,634,4974,5608
10.56.26.162,115468,91692,207160
10.56.26.165,5845,2651,8496
10.56.26.166,153900,486827,640727
10.56.26.168,221566,185109,406675
10.56.26.169,12680,12978,25658
10.56.26.172,102950,88757,191707
10.56.26.173,24127,28486,52613
10.56.26.175,193032,1560251,1753283
10.56.26.176,4318,3101,7419
10.56.26.177,47415,59440,106855
10.56.26.18,34726,84332,119058
10.56.26.182,609,1460,2069
10.56.26.189,428675,802990,1231665
10.56.26.191,10034,9602,19636
10.56.26.192,711062,429183,1140245
10.56.26.196,103729,2841004,2944733
10.56.26.204,9557,162692,172249
10.56.26.206,40008,38712,78720
10.56.26.207,25455,28472,53927
10.56.26.208,264319,192807,457126
10.56.26.209,6751,12480,19231
10.56.26.210,0,0,0
10.56.26.212,8273,10914,19187
10.56.26.213,169927,301573,471500
10.56.26.214,560336,478177,1038513
10.56.26.217,402264,2983969,3386233
10.56.26.219,58084,69101,127185
10.56.26.222,316569,299497,616066
10.56.26.223,79511,344794,424305
10.56.26.225,76472,2663801,2740273
10.56.26.236,366774,4876456,5243230
10.56.26.238,958,9919,10877
10.56.26.239,362906,292397,655303
10.56.26.241,94441,782830,877271
10.56.26.244,7426,11016,18442
10.56.26.247,2479,2060,4539
10.56.26.251,709485,9618753,10328238
10.56.26.252,23702,19902,43604
10.56.26.253,1800,1901,3701
10.56.26.32,14477,162945,177422
10.56.26.34,24884,33844,58728
10.56.26.36,201896,400720,602616
10.56.26.44,238141,393565,631706
10.56.26.46,15030,35451,50481
10.56.26.47,303326,2389696,2693022
10.56.26.48,628,520,1148
10.56.26.50,3244,5473,8717
10.56.26.53,264631,224454,489085
10.56.26.54,824,5355,6179
10.56.26.55,231717,153323,385040
10.56.26.56,8696,8401,17097
10.56.26.59,452341,367408,819749
10.56.26.63,28246,92154,120400
10.56.26.66,215828,4153609,4369437
10.56.26.67,426758,338602,765360
10.56.26.70,244067,224290,468357
10.56.26.71,323675,1525911,1849586
10.56.26.77,200511,6405742,6606253
10.56.26.80,244849,366239,611088
10.56.26.81,18618,13788,32406
10.56.26.82,190156,146873,337029
10.56.26.86,515871,4929452,5445323
10.56.26.87,0,0,0
10.56.26.9,23729,15111,38840
10.56.26.93,17332,52325,69657
10.56.26.97,580465,503007,1083472
10.56.26.98,40865,50508,91373
10.56.27.120,865,5721,6586
10.56.27.127,4139,24942,29081
10.56.27.129,196002,136621,332623
10.56.27.175,362,4475,4837
10.56.27.21,1528,5450,6978
10.56.27.223,174804,127353,302157
10.56.27.232,1625,18632,20257
10.56.27.233,37421,44177,81598
10.56.27.252,262263,202237,464500
10.56.27.7,1348,946,2294
10.56.27.9,0,0,0
10.56.28.118,3691,3523,7214
10.56.28.120,196651,171651,368302
10.56.28.123,112484,2871126,2983610
10.56.28.126,97376,82167,179543
10.56.28.127,93713,172965,266678
10.56.28.129,114973,171709,286682
10.56.28.131,61172,66874,128046
10.56.28.147,571,459,1030
10.56.28.175,139075,249999,389074
10.56.28.179,2180,6080,8260
10.56.28.189,1787,10359,12146
10.56.28.210,209560,312524,522084
10.56.28.223,124977,92982,217959
10.56.28.233,1381,1494,2875
10.56.28.252,0,0,0
10.56.28.35,0,0,0
10.56.28.50,463281,354776,818057
10.56.28.7,220950,179251,400201
10.56.28.80,98782,74244,173026
10.56.28.87,317,4475,4792
10.56.28.9,9679,12101,21780
10.56.28.90,90963,85645,176608
10.56.28.98,217193,181500,398693
10.56.29.115,5349,6369,11718
10.56.29.123,219584,182572,402156
10.56.29.126,69976,56924,126900
10.56.29.127,130765,133474,264239
10.56.29.128,566188,469881,1036069
10.56.29.129,210940,152491,363431
10.56.29.130,287017,429409,716426
10.56.29.134,201483,157974,359457
10.56.29.147,608,492,1100
10.56.29.148,58659,116963,175622
10.56.29.175,596,1728,2324
10.56.29.176,7527,14961,22488
10.56.29.199,7597,6264,13861
10.56.29.204,259488,569191,828679
10.56.29.21,888,13426,14314
10.56.29.223,702,522,1224
10.56.29.229,221940,1848490,2070430
10.56.29.233,9531,7355,16886
10.56.29.35,209496,538236,747732
10.56.29.50,277314,2396556,2673870
10.56.29.67,292872,398978,691850
10.56.29.7,449178,726138,1175316
10.56.29.90,14282,36456,50738
10.56.29.95,270547,203340,473887
10.56.29.98,225513,188363,413876
10.56.30.107,0,0,0
10.56.30.115,1842,5479,7321
10.56.30.123,0,0,0
10.56.30.128,189147,174343,363490
10.56.30.148,9985,10053,20038
10.56.30.157,6370,9645,16015
10.56.30.159,21464,27108,48572
10.56.30.162,2508,4042,6550
10.56.30.179,373739,322571,696310
10.56.30.192,297288,1424384,1721672
10.56.30.199,14933,15841,30774
10.56.30.20,1504,6758,8262
10.56.30.225,3385,4301,7686
10.56.30.232,954,4974,5928
10.56.30.233,280947,212192,493139
10.56.30.252,628,4972,5600
10.56.30.35,25221,43955,69176
10.56.30.7,11163,2786,13949
10.56.30.87,370095,431559,801654
10.56.30.9,198705,157637,356342
10.56.31.120,770,1205,1975
10.56.31.175,656,4972,5628
10.56.31.98,3089,5522,8611
10.56.32.118,114847,120820,235667
10.56.32.12,1074,846,1920
10.56.32.123,3575,464,4039
10.56.32.126,96584,111296,207880
10.56.32.128,33755,9997,43752
10.56.32.136,1863,1938,3801
10.56.32.147,469754,545025,1014779
10.56.32.182,162835,166526,329361
10.56.32.192,371968,268628,640596
10.56.32.21,127217,132773,259990
10.56.32.210,61539,56438,117977
10.56.32.225,10525,2226,12751
10.56.32.233,1064,924,1988
10.56.32.35,110306,79864,190170
10.56.32.50,13789,19310,33099
10.56.32.7,743,116,859
10.56.32.80,98962,65472,164434
10.56.32.86,1952,11721,13673
10.56.32.9,139150,114286,253436
10.56.32.90,230878,161423,392301
10.56.34.10,3588,863,4451
10.56.34.101,134608,543345,677953
10.56.34.107,1740343,5951781,7692124
10.56.34.123,1262895,19760372,21023267
10.56.34.129,382827,882715,1265542
10.56.34.13,79172,95813,174985
10.56.34.131,12297,11672,23969
10.56.34.134,886199,1759512,2645711
10.56.34.139,519,362,881
10.56.34.142,598980,455082,1054062
10.56.34.143,14842,264679,279521
10.56.34.144,77109,64397,141506
10.56.34.148,1198,9447,10645
10.56.34.154,1202,846,2048
10.56.34.156,617,167,784
10.56.34.157,1678495739,4139018822,5817514561
10.56.34.162,555648,1935998,2491646
10.56.34.173,513,399,912
10.56.34.177,86213,1081327,1167540
10.56.34.178,296623,600967,897590
10.56.34.179,1211,1474,2685
10.56.34.185,309728,1496277,1806005
10.56.34.19,9823,10534,20357
10.56.34.190,970548,3236099,4206647
10.56.34.192,761,2851,3612
10.56.34.202,10647,11083,21730
10.56.34.204,4424,6140,10564
10.56.34.206,434859,671099,1105958
10.56.34.208,612190,722228,1334418
10.56.34.209,181163,131735,312898
10.56.34.210,1334,13922,15256
10.56.34.212,740,4974,5714
10.56.34.213,0,0,0
10.56.34.214,317,4475,4792
10.56.34.219,700,946,1646
10.56.34.222,219190,487698,706888
10.56.34.228,83249,1181260,1264509
10.56.34.230,305461,248700,554161
10.56.34.231,0,0,0
10.56.34.232,33293,6211,39504
10.56.34.236,337444,1586244,1923688
10.56.34.238,233684,179148,412832
10.56.34.241,330145,790177,1120322
10.56.34.244,27456,374955,402411
10.56.34.252,3094,12188,15282
10.56.34.253,380463,309624,690087
10.56.34.34,110966,620024,730990
10.56.34.36,1414,515,1929
10.56.34.39,153893,482556,636449
10.56.34.50,974380,2551055,3525435
10.56.34.53,305959,1344017,1649976
10.56.34.56,911109,1357369,2268478
10.56.34.59,365613,2909645,3275258
10.56.34.63,549361,3347305,3896666
10.56.34.67,677502,9534274,10211776
10.56.34.7,136207,1735092,1871299
10.56.34.70,232035,693930,925965
10.56.34.75,14017,185491,199508
10.56.34.77,228165,183684,411849
10.56.34.78,1194618,3381193,4575811
10.56.34.79,1131344,5458891,6590235
10.56.34.8,345270,217452,562722
10.56.34.90,724,4974,5698
10.56.35.1,853149,1645146,2498295
10.56.36.10,536244,7968630,8504874
10.56.36.115,797435,11803603,12601038
10.56.36.118,476245,416980,893225
10.56.36.12,427626,361501,789127
10.56.36.120,374648,823151,1197799
10.56.36.127,176633,143806,320439
10.56.36.128,297818,253167,550985
10.56.36.129,473099,3652070,4125169
10.56.36.130,260328,209393,469721
10.56.36.136,1551516,29142008,30693524
10.56.36.147,62056,174358,236414
10.56.36.157,283832,244802,528634
10.56.36.158,257672,203572,461244
10.56.36.175,801156,8945434,9746590
10.56.36.189,226721,209130,435851
10.56.36.19,326607,623132,949739
10.56.36.199,1540,1244,2784
10.56.36.204,303478,259960,563438
10.56.36.206,221456,195020,416476
10.56.36.21,19122,54629,73751
10.56.36.223,857341,716174,1573515
10.56.36.231,274757,271210,545967
10.56.36.252,4529,41675,46204
10.56.36.28,255686,218484,474170
10.56.36.34,3353974,63814124,67168098
10.56.36.51,220411,330863,551274
10.56.36.78,317153,255424,572577
10.56.36.87,437927,389913,827840
10.56.36.9,216648,165014,381662
10.56.36.95,224524,137339,361863
10.56.37.199,38938,32772,71710
10.56.37.2,34154431,60239477,94393908
10.56.37.21,13027,33874,46901
10.56.37.87,26603,26798,53401
10.56.37.98,81499,68812,150311
10.56.38.128,160106,139603,299709
10.56.38.131,179525,175070,354595
10.56.38.18,185726,157681,343407
10.56.38.182,15481,16325,31806
10.56.38.192,24954,43720,68674
10.56.38.199,179893,1039068,1218961
10.56.38.21,125296,336558,461854
10.56.38.223,82806,85961,168767
10.56.38.233,29529,50137,79666
10.56.38.9,407948,336475,744423
10.56.38.98,388536,516560,905096
10.56.4.10,4270,3268,7538
10.56.4.100,115646,102488,218134
10.56.4.101,662,4974,5636
10.56.4.102,257190,181329,438519
10.56.4.103,3325,2655,5980
10.56.4.106,22599,18733,41332
10.56.4.107,535,423,958
10.56.4.109,286488,316649,603137
10.56.4.112,0,0,0
10.56.4.12,334,4475,4809
10.56.4.120,5526,5709,11235
10.56.4.121,2813,11729,14542
10.56.4.122,1120,838,1958
10.56.4.124,4090,5701,9791
10.56.4.125,145267,245816,391083
10.56.4.126,1011958,898568,1910526
10.56.4.127,541,496,1037
10.56.4.128,59129,52582,111711
10.56.4.13,835372,765109,1600481
10.56.4.130,59284,60347,119631
10.56.4.132,1410299,1221304,2631603
10.56.4.133,15850,620709,636559
10.56.4.134,926635,17545007,18471642
10.56.4.135,0,0,0
10.56.4.136,534,399,933
10.56.4.137,12040,140221,152261
10.56.4.138,1341,2566,3907
10.56.4.14,357315,496851,854166
10.56.4.140,383335,292343,675678
10.56.4.142,194352,159492,353844
10.56.4.143,84448,84351,168799
10.56.4.145,13761,70121,83882
10.56.4.146,328924224,803985250,1132909474
10.56.4.147,1386,1116,2502
10.56.4.150,308028,297155,605183
10.56.4.152,417794,926785,1344579
10.56.4.153,334387,299054,633441
10.56.4.155,1367302,2412737,3780039
10.56.4.156,217775,181060,398835
10.56.4.16,1455,19228,20683
10.56.4.161,1685,1944,3629
10.56.4.162,4876058,84693218,89569276
10.56.4.163,557,442,999
10.56.4.164,74629,433940,508569
10.56.4.166,315,4475,4790
10.56.4.167,394001,343478,737479
10.56.4.169,341181,726020,1067201
10.56.4.173,1359829,35239591,36599420
10.56.4.174,17836,26743,44579
10.56.4.178,72302,49162,121464
10.56.4.179,285947,304006,589953
10.56.4.180,22762,626052,648814
10.56.4.181,295046,244014,539060
10.56.4.182,464216,391328,855544
10.56.4.183,27348,76987,104335
10.56.4.187,260025,208489,468514
10.56.4.193,1011,1111,2122
10.56.4.195,1826,5702,7528
10.56.4.196,31541,744316,775857
10.56.4.198,1024,6927,7951
10.56.4.199,3467,17639,21106
10.56.4.20,7882,7724,15606
10.56.4.202,1223,1088,2311
10.56.4.205,533687,393795,927482
10.56.4.206,31071,28465,59536
10.56.4.207,827704,1273787,2101491
10.56.4.208,3200,16081,19281
10.56.4.209,5489,2726,8215
10.56.4.21,351234,345239,696473
10.56.4.210,6257844,134115572,140373416
10.56.4.216,704,4974,5678
10.56.4.217,293317,1425226,1718543
10.56.4.218,726781,587079,1313860
10.56.4.22,285186,237458,522644
10.56.4.220,975,884,1859
10.56.4.221,238695,370733,609428
10.56.4.223,0,0,0
10.56.4.224,54679,2343871,2398550
10.56.4.225,9257,49880,59137
10.56.4.226,672,4972,5644
10.56.4.227,116824,121793,238617
10.56.4.228,212829,157964,370793
10.56.4.229,313984,262258,576242
10.56.4.230,6540,62925,69465
10.56.4.231,208613,175842,384455
10.56.4.232,595411,1711211,2306622
10.56.4.233,6174,1511,7685
10.56.4.234,1559,864,2423
10.56.4.236,4286,1181,5467
10.56.4.237,249578,777620,1027198
10.56.4.238,1671,14091,15762
10.56.4.24,6201,8713,14914
10.56.4.244,192431,235234,427665
10.56.4.245,23897,34934,58831
10.56.4.246,6322,1266,7588
10.56.4.249,588,419,1007
10.56.4.25,372409,646324,1018733
10.56.4.250,0,0,0
10.56.4.251,540,451,991
10.56.4.252,3698,5384,9082
10.56.4.254,240544,195150,435694
10.56.4.255,357887,316364,674251
10.56.4.26,179214,136308,315522
10.56.4.30,8634,45151,53785
10.56.4.33,179603,156962,336565
10.56.4.35,230466,186876,417342
10.56.4.36,221743,179484,401227
10.56.4.37,19550,16963,36513
10.56.4.39,17047,26098,43145
10.56.4.41,290755,225444,516199
10.56.4.44,36746,37849,74595
10.56.4.45,266646582,1781382884,2048029466
10.56.4.48,7311,5771,13082
10.56.4.49,840697,641426,1482123
10.56.4.5,941741,811063,1752804
10.56.4.50,569,455,1024
10.56.4.52,321250,252532,573782
10.56.4.55,340,4475,4815
10.56.4.58,333,4475,4808
10.56.4.59,309,4475,4784
10.56.4.6,336711,266171,602882
10.56.4.63,87422,102362,189784
10.56.4.65,3779,9584,13363
10.56.4.7,535,399,934
10.56.4.70,7760,91921,99681
10.56.4.73,30305,1226474,1256779
10.56.4.74,2094135,41894811,43988946
10.56.4.75,53724,489428,543152
10.56.4.78,1117,848,1965
10.56.4.79,726696,624378,1351074
10.56.4.80,11477,9244,20721
10.56.4.81,31425,745375,776800
10.56.4.83,428710,379661,808371
10.56.4.84,285739,358747,644486
10.56.4.86,364179364,20709922033,21074101397
10.56.4.89,307655,801534,1109189
10.56.4.9,471,427,898
10.56.4.90,2169,14451,16620
10.56.4.91,133214,210400,343614
10.56.4.93,378,4475,4853
10.56.4.94,403204,348865,752069
10.56.4.96,593664,1596447,2190111
10.56.4.98,1333,42423,43756
10.56.41.120,872,4937,5809
10.56.41.123,1040,1407,2447
10.56.41.126,3140,831,3971
10.56.41.162,202827,290665,493492
10.56.41.182,1014,5842,6856
10.56.41.192,0,0,0
10.56.41.223,37471,48062,85533
10.56.41.7,200630,185422,386052
10.56.41.98,423,399,822
10.56.43.115,93653,91569,185222
10.56.43.118,511,399,910
10.56.43.12,27327,380055,407382
10.56.43.120,751,1488,2239
10.56.43.123,6766,4581,11347
10.56.43.126,456369,370845,827214
10.56.43.127,548,442,990
10.56.43.134,2420,2116,4536
10.56.43.147,1009,9453,10462
10.56.43.148,203035,168475,371510
10.56.43.162,215130,167911,383041
10.56.43.175,271586276,561585999,833172275
10.56.43.179,270980,174093,445073
10.56.43.182,304200,1037546,1341746
10.56.43.189,28948,33554,62502
10.56.43.199,239409,196821,436230
10.56.43.204,190982,762357,953339
10.56.43.206,132022,93650,225672
10.56.43.210,24609,32814,57423
10.56.43.225,224005,193201,417206
10.56.43.233,393627,309611,703238
10.56.43.35,1077,781,1858
10.56.43.7,1154,5392,6546
10.56.43.78,1028,798,1826
10.56.43.80,350623,274447,625070
10.56.43.86,522,415,937
10.56.43.87,169291,149713,319004
10.56.43.90,940,4974,5914
10.56.43.95,209938,280050,489988
10.56.43.98,312935,320940,633875
10.56.47.10,940,2643,3583
10.56.47.11,696,4974,5670
10.56.47.111,134233,234373,368606
10.56.47.112,32874,18369,51243
10.56.47.113,32930,4124,37054
10.56.47.117,269426,238952,508378
10.56.47.118,7317468,4935,7322403
10.56.47.123,614232,534638,1148870
10.56.47.124,275721,222950,498671
10.56.47.127,172751,151381,324132
10.56.47.134,1184,924,2108
10.56.47.14,9194,10840,20034
10.56.47.141,359292,308308,667600
10.56.47.143,261807,213483,475290
10.56.47.147,23056058,5465,23061523
10.56.47.148,1246,18250,19496
10.56.47.149,962,844,1806
10.56.47.15,5346,2819,8165
10.56.47.152,48796,132997,181793
10.56.47.153,1561,2045,3606
10.56.47.157,308684,246158,554842
10.56.47.158,119945,130940,250885
10.56.47.16,823787,694523,1518310
10.56.47.163,194067,170536,364603
10.56.47.164,197078,128884,325962
10.56.47.165,13063,197,13260
10.56.47.167,8892,12321,21213
10.56.47.169,0,0,0
10.56.47.172,287775,239785,527560
10.56.47.176,342739,354731,697470
10.56.47.177,1386,1564,2950
10.56.47.178,156821,133000,289821
10.56.47.181,1971,4974,6945
10.56.47.182,2127174,8375037,10502211
10.56.47.183,1121,897,2018
10.56.47.19,2729,3997,6726
10.56.47.191,4238,1618,5856
10.56.47.192,1542,6029,7571
10.56.47.196,637,508,1145
10.56.47.201,505,399,904
10.56.47.202,236923,206820,443743
10.56.47.208,929403,679009,1608412
10.56.47.209,1254,10774,12028
10.56.47.21,179582,169412,348994
10.56.47.211,319884,1015246,1335130
10.56.47.213,337313,246411,583724
10.56.47.214,545,439,984
10.56.47.217,208423,185237,393660
10.56.47.221,1139,600,1739
10.56.47.222,204,0,204
10.56.47.223,143577,131052,274629
10.56.47.226,1182,970,2152
10.56.47.229,273264,237108,510372
10.56.47.235,7236,9327,16563
10.56.47.236,28498,21566,50064
10.56.47.24,269,5120,5389
10.56.47.243,623649,523698,1147347
10.56.47.245,581986,518764,1100750
10.56.47.25,194591,150481,345072
10.56.47.250,397685800,2145557300,2543243100
10.56.47.32,758480,645874,1404354
10.56.47.34,8531,10267,18798
10.56.47.38,19353,17014,36367
10.56.47.43,1287,6600,7887
10.56.47.44,1899,1575,3474
10.56.47.50,334705,280848,615553
10.56.47.51,3104,1275,4379
10.56.47.52,184156,173017,357173
10.56.47.55,2437,482205,484642
10.56.47.56,130119,809935,940054
10.56.47.57,233429,278648,512077
10.56.47.63,220527,188782,409309
10.56.47.64,6737,1327,8064
10.56.47.7,1086,818,1904
10.56.47.77,142971,123017,265988
10.56.47.80,480203,413190,893393
10.56.47.81,214486,182134,396620
10.56.47.82,536,786,1322
10.56.47.84,16230,13982,30212
10.56.47.9,5596,9752,15348
10.56.47.90,3138,3508,6646
10.56.47.92,6707,8093,14800
10.56.47.93,4598,16921,21519
10.56.47.95,605,148,753
10.56.47.97,63116,58891,122007
10.56.47.98,17743,16301,34044
10.56.48.2,57234,77942,135176
10.56.5.0,38820,29621,68441
10.56.5.3,204083,170293,374376
10.56.5.4,7257,1575,8832
10.56.54.10,178226,168123,346349
10.56.54.101,466,485,951
10.56.54.107,2071,348,2419
10.56.54.108,544,442,986
10.56.54.11,112155,118533,230688
10.56.54.110,162393,132987,295380
10.56.54.116,135634,118018,253652
10.56.54.124,531,419,950
10.56.54.127,716,4972,5688
10.56.54.128,207738,145422,353160
10.56.54.129,207356,517894,725250
10.56.54.133,278249,211896,490145
10.56.54.134,0,0,0
10.56.54.142,123986,103819,227805
10.56.54.147,2062,5088,7150
10.56.54.154,305,4475,4780
10.56.54.165,19493,28705,48198
10.56.54.169,851,116,967
10.56.54.176,244107307,580404907,824512214
10.56.54.199,1016,808,1824
10.56.54.204,3231,1966,5197
10.56.54.207,553,399,952
10.56.54.209,140801,114815,255616
10.56.54.211,55059,59199,114258
10.56.54.212,179199,139375,318574
10.56.54.213,85079,116411,201490
10.56.54.214,209491,364545,574036
10.56.54.215,8056,7536,15592
10.56.54.219,244478,247138,491616
10.56.54.221,531,419,950
10.56.54.222,555,787,1342
10.56.54.223,77029,763339,840368
10.56.54.225,953,1059,2012
10.56.54.228,190131,203338,393469
10.56.54.231,505,471,976
10.56.54.24,702,4972,5674
10.56.54.241,322004,325417,647421
10.56.54.243,205202,408333,613535
10.56.54.244,3940,3341,7281
10.56.54.245,583,148,731
10.56.54.247,171897,160542,332439
10.56.54.250,938,884,1822
10.56.54.251,180219,126576,306795
10.56.54.30,138973,111518,250491
10.56.54.32,162059,155874,317933
10.56.54.35,143280,125853,269133
10.56.54.36,201727,246366,448093
10.56.54.37,434,485,919
10.56.54.46,174649,146883,321532
10.56.54.47,35989,9858,45847
10.56.54.55,8686,2171,10857
10.56.54.63,182430,175717,358147
10.56.54.66,122024,126859,248883
10.56.54.67,742,116,858
10.56.54.87,5965,1160,7125
10.56.54.9,150052,124326,274378
10.56.54.90,298716,243598,542314
10.56.54.95,20844,28314,49158
10.56.56.107,1265,283,1548
10.56.56.118,33907,28008,61915
10.56.56.12,777,2851,3628
10.56.56.126,91541,73024,164565
10.56.56.128,591,479,1070
10.56.56.136,1322,1030,2352
10.56.56.147,1264,9944,11208
10.56.56.18,619,507,1126
10.56.56.182,1691,690,2381
10.56.56.199,773,116,889
10.56.56.223,21319,7804,29123
10.56.56.50,5199,64054,69253
10.56.56.67,2466,2511,4977
10.56.58.10,417308,388993,806301
10.56.58.118,199059,166835,365894
10.56.58.12,160577,134589,295166
10.56.58.120,291550,348441,639991
10.56.58.123,1112,886,1998
10.56.58.126,251127,206665,457792
10.56.58.128,180233,154124,334357
10.56.58.129,307706,231605,539311
10.56.58.134,629,523,1152
10.56.58.154,297465,256155,553620
10.56.58.157,298846,2456534,2755380
10.56.58.159,389,0,389
10.56.58.169,3003,5848,8851
10.56.58.175,288604,230402,519006
10.56.58.179,530698,947972,1478670
10.56.58.18,36089,32670,68759
10.56.58.182,6868,30639,37507
10.56.58.189,29014,332771,361785
10.56.58.19,409484,487641,897125
10.56.58.192,346192,255475,601667
10.56.58.199,14563,24218,38781
10.56.58.206,234174,659453,893627
10.56.58.210,746,4974,5720
10.56.58.223,2473,4235,6708
10.56.58.229,1028,798,1826
10.56.58.231,455,485,940
10.56.58.232,46165,290923,337088
10.56.58.233,9619,5057,14676
10.56.58.250,535,423,958
10.56.58.252,0,0,0
10.56.58.37,13719,29187,42906
10.56.58.80,183273,173316,356589
10.56.58.9,27394,466499,493893
10.56.58.90,730,826,1556
10.56.58.98,1144,946,2090
10.56.6.162,403521,772490,1176011
10.56.6.199,63368,60109,123477
10.56.60.107,16531,202363,218894
10.56.60.115,384677,1051185,1435862
10.56.60.118,170297,139500,309797
10.56.60.12,2185,5915,8100
10.56.60.120,318397,1431911,1750308
10.56.60.128,1282606,11498876,12781482
10.56.60.131,2743393,60449233,63192626
10.56.60.134,580978,17744437,18325415
10.56.60.136,360624,322455,683079
10.56.60.147,239191,445336,684527
10.56.60.148,229795,265804,495599
10.56.60.154,419318,400032,819350
10.56.60.157,313952,1283311,1597263
10.56.60.162,407,398,805
10.56.60.169,0,0,0
10.56.60.175,180,373,553
10.56.60.176,4716,580,5296
10.56.60.180,68651,55934,124585
10.56.60.189,346469,2152404,2498873
10.56.60.19,16060,12364,28424
10.56.60.192,60353589,1408254065,1468607654
10.56.60.199,20023,20558,40581
10.56.60.204,830815,15517503,16348318
10.56.60.21,76920,220867,297787
10.56.60.210,20319,6249879,6270198
10.56.60.223,190802,146112,336914
10.56.60.225,835081,690758,1525839
10.56.60.231,135625,2704282,2839907
10.56.60.245,379199,1271977,1651176
10.56.60.252,207075,2961643,3168718
10.56.60.35,1128730,25645366,26774096
10.56.60.37,5027,55648,60675
10.56.60.44,0,0,0
10.56.60.78,423193,484237,907430
10.56.60.80,337019,221185,558204
10.56.60.86,49559014,938667,50497681
10.56.60.87,1058255,2172815,3231070
10.56.60.9,234995,185028,420023
10.56.60.90,519608,806655,1326263
10.56.63.10,1109,547,1656
10.56.63.100,417,450,867
10.56.63.101,438741,909629,1348370
10.56.63.102,144455,110797,255252
10.56.63.104,706,4974,5680
10.56.63.107,2674,1876,4550
10.56.63.108,1491299,2125802,3617101
10.56.63.112,1079,1969,3048
10.56.63.113,349570,11046218,11395788
10.56.63.114,1247,5395,6642
10.56.63.115,1503063,3148765,4651828
10.56.63.116,15359,8845,24204
10.56.63.117,2906,747,3653
10.56.63.118,3188,15776,18964
10.56.63.12,7986,10548,18534
10.56.63.120,35430,272940,308370
10.56.63.127,227178,329298,556476
10.56.63.128,500,415,915
10.56.63.129,0,5802,5802
10.56.63.130,357976,367552,725528
10.56.63.131,6721,3622,10343
10.56.63.132,177646,201049,378695
10.56.63.133,213710,180934,394644
10.56.63.134,2201,1162,3363
10.56.63.135,363556,802102,1165658
10.56.63.136,106863,98282,205145
10.56.63.137,196339,163062,359401
10.56.63.138,269,5802,6071
10.56.63.139,51866,232552,284418
10.56.63.14,1060,4974,6034
10.56.63.141,347742,283972,631714
10.56.63.142,25948,33971,59919
10.56.63.145,286316,712786,999102
10.56.63.147,8853,11838,20691
10.56.63.149,17097,17606,34703
10.56.63.15,291349,990776,1282125
10.56.63.153,158013,208494,366507
10.56.63.154,7010,7789,14799
10.56.63.155,265727,3254675,3520402
10.56.63.159,129622,113424,243046
10.56.63.16,828,116,944
10.56.63.160,134536,115882,250418
10.56.63.163,1298,1001,2299
10.56.63.165,22929,33442,56371
10.56.63.168,7451,1814,9265
10.56.63.169,133116,253731,386847
10.56.63.170,3365936,12857390,16223326
10.56.63.172,774,116,890
10.56.63.173,13654,4480,18134
10.56.63.174,701,6287,6988
10.56.63.177,192070,201843,393913
10.56.63.179,8129,10558,18687
10.56.63.184,105482168,508291862,613774030
10.56.63.185,31171,801885,833056
10.56.63.186,1593,1876,3469
10.56.63.189,10763,13919,24682
10.56.63.190,173234,113563,286797
10.56.63.191,2862,3206,6068
10.56.63.192,182163,151531,333694
10.56.63.194,1475373,1193954,2669327
10.56.63.196,26732,25560,52292
10.56.63.198,194112,143808,337920
10.56.63.199,566,438,1004
10.56.63.20,215460,235247,450707
10.56.63.200,18823,5072,23895
10.56.63.201,5748,7902,13650
10.56.63.202,23076,20979,44055
10.56.63.203,817721,615672,1433393
10.56.63.205,4070,4846,8916
10.56.63.206,445403394,698203930,1143607324
10.56.63.209,16421,1034,17455
10.56.63.210,85406,117907,203313
10.56.63.212,481,399,880
10.56.63.213,230054,225220,455274
10.56.63.214,487395,1074140,1561535
10.56.63.215,1493,232,1725
10.56.63.219,599,439,1038
10.56.63.220,639,495,1134
10.56.63.222,254297,212136,466433
10.56.63.223,391178911,1552379980,1943558891
10.56.63.224,591432,914755,1506187
10.56.63.228,102697,81509,184206
10.56.63.229,759,946,1705
10.56.63.23,199654,171917,371571
10.56.63.231,561,148,709
10.56.63.232,2234,2685,4919
10.56.63.235,2868,60488,63356
10.56.63.237,535,423,958
10.56.63.239,515,399,914
10.56.63.240,47873,33322,81195
10.56.63.241,224224,220949,445173
10.56.63.242,237638,219648,457286
10.56.63.244,155364,149927,305291
10.56.63.245,237638,194779,432417
10.56.63.246,79831,83660,163491
10.56.63.247,240160,326928,567088
10.56.63.249,229585,1528693,1758278
10.56.63.250,11979,10341,22320
10.56.63.251,0,0,0
10.56.63.254,210997,192222,403219
10.56.63.255,34534,30555,65089
10.56.63.26,6349,7745,14094
10.56.63.27,202411,548209,750620
10.56.63.29,9194444,4704720,13899164
10.56.63.30,19621,40543,60164
10.56.63.31,1312,1088,2400
10.56.63.34,14794,2389,17183
10.56.63.36,1265,1429,2694
10.56.63.37,342900,317550,660450
10.56.63.39,715,2116562,2117277
10.56.63.40,2090,4011,6101
10.56.63.42,1591,1644,3235
10.56.63.44,12231,1856,14087
10.56.63.45,647,536,1183
10.56.63.46,3805,2543,6348
10.56.63.47,4541,9479,14020
10.56.63.48,17310,2899,20209
10.56.63.5,581,454,1035
10.56.63.52,273081,274820,547901
10.56.63.56,38498,39891,78389
10.56.63.59,222885,190152,413037
10.56.63.60,266952,798005,1064957
10.56.63.61,1529,1197,2726
10.56.63.62,154466,128054,282520
10.56.63.65,248819,1281901,1530720
10.56.63.66,728,4980,5708
10.56.63.67,224816,164107,388923
10.56.63.68,75765,128990,204755
10.56.63.69,34387,29858,64245
10.56.63.7,216797,431004,647801
10.56.63.70,4358,3157,7515
10.56.63.71,116618,115368,231986
10.56.63.73,14509,3053,17562
10.56.63.75,743624,764992,1508616
10.56.63.76,1600,232,1832
10.56.63.77,3307,3815,7122
10.56.63.79,800088,647225,1447313
10.56.63.8,590,10272,10862
10.56.63.80,1930,11727,13657
10.56.63.81,346,497,843
10.56.63.82,631,525,1156
10.56.63.83,32279,42046,74325
10.56.63.84,85328,89757,175085
10.56.63.85,19321,4294,23615
10.56.63.86,80173,150345,230518
10.56.63.90,2916,740,3656
10.56.63.91,191298,162091,353389
10.56.63.92,13880,10811,24691
10.56.63.93,186576,219954,406530
10.56.63.94,3849,25152,29001
10.56.63.95,22028,34232,56260
10.56.63.96,351081,276331,627412
10.56.63.98,820526,1301131,2121657
10.56.63.99,130240,112781,243021
10.56.64.118,425540,885962,1311502
10.56.64.12,330591,848082,1178673
10.56.64.120,612106,487655,1099761
10.56.64.126,788,116,904
10.56.64.128,308452,212222,520674
10.56.64.131,117294,105052,222346
10.56.64.175,400147,392718,792865
10.56.64.182,1052,1629,2681
10.56.64.192,13534,4086,17620
10.56.64.206,5315,38644,43959
10.56.64.21,815,116,931
10.56.64.223,181629,138462,320091
10.56.64.35,329932,256142,586074
10.56.64.4,2908,763,3671
10.56.64.7,1227,5371,6598
10.56.64.9,10740,609300,620040
10.56.65.128,541,435,976
10.56.65.131,0,0,0
10.56.65.162,2661,30806,33467
10.56.65.182,16014,14833,30847
10.56.65.206,400747,345422,746169
10.56.65.21,5266,25697,30963
10.56.65.233,3130,2944,6074
10.56.65.7,6184,8986,15170
10.56.65.9,130726,106812,237538
10.56.65.98,244757,227626,472383
10.56.68.115,220435,305489,525924
10.56.68.118,696,1221,1917
10.56.68.123,7476,21695,29171
10.56.68.126,10124,134770,144894
10.56.68.148,310403168,847432040,1157835208
10.56.68.149,178201,119045,297246
10.56.68.162,628,8950,9578
10.56.68.165,632211578,5327901792,5960113370
10.56.68.171,550,148,698
10.56.68.182,13072,39178,52250
10.56.68.196,150659,117879,268538
10.56.68.199,319109,879301,1198410
10.56.68.210,502148,351549,853697
10.56.68.223,629,458,1087
10.56.68.229,7240,6990,14230
10.56.68.231,1139553,781873,1921426
10.56.68.232,14300241,8681,14308922
10.56.68.233,541,434,975
10.56.68.238,309300,586213,895513
10.56.68.250,2796,80073,82869
10.56.68.251,240693,187820,428513
10.56.68.35,198222,172674,370896
10.56.68.67,4312,1304,5616
10.56.68.7,11818,6215,18033
10.56.68.9,1717,5373,7090
10.56.68.93,236511,152950,389461
10.56.68.95,1892,2042,3934
10.56.68.98,775,116,891
10.56.69.128,2228,1841,4069
10.56.69.199,612,8950,9562
10.56.69.21,350255,467386,817641
10.56.69.233,288092,561606,849698
10.56.7.128,830,4974,5804
10.56.70.120,36441,567436,603877
10.56.70.128,90366,525473,615839
10.56.70.199,1003,10052,11055
10.56.70.50,365920,274389,640309
10.56.70.9,11286,217755,229041
10.56.73.101,1102,939,2041
10.56.73.107,232051,179076,411127
10.56.73.112,3138,3923,7061
10.56.73.115,250893,206634,457527
10.56.73.116,37577,47258,84835
10.56.73.118,191598,156080,347678
10.56.73.12,2679,1245,3924
10.56.73.123,228327,179526,407853
10.56.73.126,26267,31895,58162
10.56.73.127,450402,374726,825128
10.56.73.128,463956,878771,1342727
10.56.73.130,690,3569,4259
10.56.73.131,2499,24126,26625
10.56.73.132,96576,100594,197170
10.56.73.135,139152,2852823,2991975
10.56.73.14,1443,1397,2840
10.56.73.146,8747,11801,20548
10.56.73.149,162539,141923,304462
10.56.73.15,2502,18926,21428
10.56.73.150,256720,293581,550301
10.56.73.159,44295,58763,103058
10.56.73.165,6415,1977,8392
10.56.73.169,23844,29376,53220
10.56.73.175,11437224,3548288,14985512
10.56.73.176,642731,2987425,3630156
10.56.73.18,102239,99724,201963
10.56.73.180,5719912,3189471,8909383
10.56.73.182,28001,21910,49911
10.56.73.185,580,442,1022
10.56.73.189,274808,227872,502680
10.56.73.19,412897,561340,974237
10.56.73.196,250021,206364,456385
10.56.73.199,3000,2741,5741
10.56.73.20,95652,77676,173328
10.56.73.204,1231,1512,2743
10.56.73.210,10062,11492,21554
10.56.73.214,274376,230719,505095
10.56.73.223,1255,1324,2579
10.56.73.225,77063,1526902,1603965
10.56.73.228,57814,58368,116182
10.56.73.229,17761,67093,84854
10.56.73.231,246467,216692,463159
10.56.73.233,41321,43058,84379
10.56.73.238,147280,207038,354318
10.56.73.24,320570,278197,598767
10.56.73.241,169017359,1011597436,1180614795
10.56.73.245,23709,58415,82124
10.56.73.247,349,499,848
10.56.73.251,3301,6988,10289
10.56.73.252,308619,262895,571514
10.56.73.30,2760,2362,5122
10.56.73.34,101259,138535,239794
10.56.73.35,4298,5851,10149
10.56.73.37,2336,2184,4520
10.56.73.46,6223,161721,167944
10.56.73.50,210997,230309,441306
10.56.73.54,16662,14129,30791
10.56.73.55,55278,36423,91701
10.56.73.56,0,0,0
10.56.73.66,8913,13795,22708
10.56.73.7,718,4972,5690
10.56.73.78,188188,159369,347557
10.56.73.80,1980,14920,16900
10.56.73.82,244292,790429,1034721
10.56.73.86,17138,221734,238872
10.56.73.87,322155,18273420,18595575
10.56.73.9,28951,3799,32750
10.56.73.90,183554,156064,339618
10.56.73.93,6651,5825,12476
10.56.73.95,121228,123806,245034
10.56.73.98,4798782,1562103,6360885
10.56.74.1,10001,11181,21182
10.56.74.120,1857,5487,7344
10.56.74.128,1726,5404,7130
10.56.74.223,117312,137168,254480
10.56.76.162,1203,952,2155
10.56.76.98,855,854,1709
10.56.78.107,599,1253,1852
10.56.78.123,1555,2270,3825
10.56.78.147,786,2180,2966
10.56.78.176,154667,88074,242741
10.56.78.179,97564,97894,195458
10.56.78.185,2700,16699,19399
10.56.78.199,2099,12758,14857
10.56.78.204,12194,667125,679319
10.56.78.206,720,148,868
10.56.78.21,315,4475,4790
10.56.78.210,14318,17774,32092
10.56.78.219,0,0,0
10.56.78.233,117977,111118,229095
10.56.78.35,83475,1072956,1156431
10.56.78.37,9400,10545,19945
10.56.78.67,297443,154885,452328
10.56.78.78,3194,12393,15587
10.56.78.80,228132,189584,417716
10.56.78.86,20484,19279,39763
10.56.78.87,799,1363,2162
10.56.78.9,1388,9946,11334
10.56.82.120,82158,107553,189711
10.56.82.128,1933,1858,3791
10.56.82.175,3937,50046,53983
10.56.82.199,51595,50520,102115
10.56.82.9,195458,132918,328376
10.56.85.115,13002312,96988451,109990763
10.56.85.118,39278895,138626159,177905054
10.56.85.126,14005,108821,122826
10.56.85.128,859044,695106,1554150
10.56.85.131,8159821,30761942,38921763
10.56.85.18,59123,588265,647388
10.56.85.182,17665510,59744264,77409774
10.56.85.192,6941,10170,17111
10.56.85.21,25809425,124205678,150015103
10.56.85.223,90871,78300,169171
10.56.85.233,4404958,79761403,84166361
10.56.85.50,1770639,47435165,49205804
10.56.85.7,2269248,12675092,14944340
10.56.85.87,9305996,331463051,340769047
10.56.85.9,1151853,2759747,3911600
10.56.85.95,239958,204090,444048
10.56.85.98,272983,3888220,4161203
10.56.86.10,13373,16748,30121
10.56.86.107,17665,15874,33539
10.56.86.123,271353,221091,492444
10.56.86.124,1544,2024,3568
10.56.86.127,538789,539681,1078470
10.56.86.128,2412,2452,4864
10.56.86.129,16718,16791,33509
10.56.86.130,371,484,855
10.56.86.134,211677,189784,401461
10.56.86.147,622,4978,5600
10.56.86.154,103043,93523,196566
10.56.86.157,172859,178062,350921
10.56.86.159,880,4974,5854
10.56.86.162,315085,238166,553251
10.56.86.169,1098,1990,3088
10.56.86.175,221338,177661,398999
10.56.86.176,147300,379834,527134
10.56.86.180,186652,142223,328875
10.56.86.182,464,485,949
10.56.86.185,205972,178634,384606
10.56.86.196,375176,280398,655574
10.56.86.208,96128,472220,568348
10.56.86.21,260430,219832,480262
10.56.86.210,220486,248708,469194
10.56.86.223,132771,122954,255725
10.56.86.225,9758,9813,19571
10.56.86.229,101769,87875,189644
10.56.86.232,15787,21811,37598
10.56.86.250,24976,26804,51780
10.56.86.252,202944,154071,357015
10.56.86.37,183693,122854,306547
10.56.86.50,1150,984,2134
10.56.86.7,29536,4176,33712
10.56.86.71,11391,14931,26322
10.56.86.80,172733,168110,340843
10.56.86.86,117118,96557,213675
10.56.86.87,25281,25478,50759
10.56.86.95,5309,1134,6443
10.56.86.99,9627,7788,17415
10.56.87.3,163969,125386,289355
10.56.88.133,1031,148,1179
10.56.89.115,42417,41079,83496
10.56.89.123,1149,5423,6572
10.56.89.126,105650,472083,577733
10.56.89.199,45577,36587,82164
10.56.89.21,1890,501,2391
10.56.89.233,2248,3716,5964
10.56.89.50,1953,2162,4115
10.56.89.80,0,0,0
10.56.89.87,73583,175392,248975
10.56.89.9,1067,838,1905
10.56.9.199,181,383,564
10.56.9.21,971,1338,2309
10.56.9.98,542414,1370699,1913113
10.56.90.112,1468,232,1700
10.56.90.116,58617,108751,167368
10.56.90.131,474,0,474
10.56.90.133,605,148,753
10.56.90.192,55885,70185,126070
10.56.90.215,11787,2080,13867
10.56.90.233,78327,82774,161101
10.56.90.55,5643,6067,11710
10.56.90.63,676,4974,5650
10.56.90.64,14946535,180474926,195421461
10.56.90.77,2168,3100,5268
10.56.90.78,134354,145478,279832
10.56.90.9,307646,509645,817291
10.56.90.90,553,399,952
10.56.92.10,10528673,8131707,18660380
10.56.92.100,331897,251488,583385
10.56.92.101,19733,19299,39032
10.56.92.102,319845,2639857,2959702
10.56.92.105,515311,390997,906308
10.56.92.106,116412,5461053,5577465
10.56.92.107,376895,3887379,4264274
10.56.92.110,563,148,711
10.56.92.112,606,1176,1782
10.56.92.113,789858,7362995,8152853
10.56.92.115,580,443,1023
10.56.92.116,511228,736274,1247502
10.56.92.118,1160,5391,6551
10.56.92.119,335,4475,4810
10.56.92.12,1428885,8662195,10091080
10.56.92.121,652502,20802691,21455193
10.56.92.122,0,0,0
10.56.92.124,248146,202504,450650
10.56.92.125,17436544,6359858,23796402
10.56.92.126,300873,2771954,3072827
10.56.92.127,64877,1948069,2012946
10.56.92.129,80522457,86304400,166826857
10.56.92.13,2655,5146,7801
10.56.92.131,317526,220740,538266
10.56.92.132,363902,499175,863077
10.56.92.134,0,0,0
10.56.92.136,128662,106528,235190
10.56.92.139,182289,1693138,1875427
10.56.92.14,416,4475,4891
10.56.92.142,223347,316803,540150
10.56.92.143,100470,232303,332773
10.56.92.146,1228,2643,3871
10.56.92.15,86327,2985346,3071673
10.56.92.151,246538,812816,1059354
10.56.92.154,517442,11082773,11600215
10.56.92.156,173363,3609276,3782639
10.56.92.159,167454,135040,302494
10.56.92.161,475389,470810,946199
10.56.92.164,22619,61115,83734
10.56.92.166,188,383,571
10.56.92.167,400785,2010281,2411066
10.56.92.168,1945694,5865467,7811161
10.56.92.169,455458,307762,763220
10.56.92.17,325912,245004,570916
10.56.92.170,138745,2083549,2222294
10.56.92.172,13989,164401,178390
10.56.92.173,261237,1000836,1262073
10.56.92.175,78928,76295,155223
10.56.92.177,3219,5766,8985
10.56.92.178,310387,7301693,7612080
10.56.92.18,20774,31923,52697
10.56.92.180,35056,99745,134801
10.56.92.181,1983,501,2484
10.56.92.182,1225,547,1772
10.56.92.184,1793,1314,3107
10.56.92.186,0,0,0
10.56.92.187,401411149,482373292,883784441
10.56.92.188,190811,154543,345354
10.56.92.189,422029,4414214,4836243
10.56.92.192,653,506,1159
10.56.92.193,166363,135547,301910
10.56.92.194,16027,717270,733297
10.56.92.195,461965,434071,896036
10.56.92.196,377,874,1251
10.56.92.198,427690,13063590,13491280
10.56.92.199,0,0,0
10.56.92.20,172698829,911996717,1084695546
10.56.92.200,413453,283032,696485
10.56.92.205,1813219,1754163,3567382
10.56.92.206,21036,371268,392304
10.56.92.208,15211,343676,358887
10.56.92.210,711759,14783485,15495244
10.56.92.211,11401300,14639307,26040607
10.56.92.212,424744,7443987,7868731
10.56.92.214,35239,47048,82287
10.56.92.216,430503,286441,716944
10.56.92.217,309036,6829994,7139030
10.56.92.218,0,214,214
10.56.92.219,2198156,9153867,11352023
10.56.92.221,1246,4873,6119
10.56.92.224,18549,1185101,1203650
10.56.92.226,309813,240011,549824
10.56.92.227,143354,5501749,5645103
10.56.92.228,1335032,6355340,7690372
10.56.92.229,31932,13191,45123
10.56.92.23,3594,6511,10105
10.56.92.231,50101,2261670,2311771
10.56.92.232,471563,1585597,2057160
10.56.92.233,3130,9467,12597
10.56.92.235,551941,7687292,8239233
10.56.92.236,1678688,63486185,65164873
10.56.92.237,782055,559095,1341150
10.56.92.238,216474,165419,381893
10.56.92.239,257560,203105,460665
10.56.92.24,182620,156164,338784
10.56.92.240,90823,219471,310294
10.56.92.242,243164,578212,821376
10.56.92.244,341969,374042,716011
10.56.92.246,364639,687096,1051735
10.56.92.249,629614,7297739,7927353
10.56.92.25,569696,2072591,2642287
10.56.92.252,336,4475,4811
10.56.92.255,113001,114459,227460
10.56.92.26,277327028,2874909796,3152236824
10.56.92.27,46647669,5922205,52569874
10.56.92.29,940036,1005266,1945302
10.56.92.31,1218225,31294546,32512771
10.56.92.32,199454,148122,347576
10.56.92.33,2883,10121,13004
10.56.92.34,1673,3869,5542
10.56.92.37,16484,26065,42549
10.56.92.39,8269,12122,20391
10.56.92.40,11912,1740,13652
10.56.92.41,791,116,907
10.56.92.42,329167,276776,605943
10.56.92.45,1271744,18799611,20071355
10.56.92.46,5023,22943,27966
10.56.92.47,3613,863,4476
10.56.92.48,244445,226839,471284
10.56.92.49,338068,273486,611554
10.56.92.50,626680,7968121,8594801
10.56.92.52,59079,77754,136833
10.56.92.53,2348779,35203270,37552049
10.56.92.56,10971,28756,39727
10.56.92.58,550,415,965
10.56.92.59,225683,10611727,10837410
10.56.92.60,6629,8060,14689
10.56.92.63,46743,1039791,1086534
10.56.92.64,52953,43006,95959
10.56.92.65,48406,1690127,1738533
10.56.92.67,1084,2606,3690
10.56.92.68,32329,29178,61507
10.56.92.7,1115689,3561587,4677276
10.56.92.70,581983,15907165,16489148
10.56.92.71,324599,249327,573926
10.56.92.72,120655,4528880,4649535
10.56.92.73,227838,177260,405098
10.56.92.74,686,116,802
10.56.92.75,16115,25943,42058
10.56.92.80,451879,844793,1296672
10.56.92.81,864983,1063403,1928386
10.56.92.83,788501,5474643,6263144
10.56.92.86,200813,644088,844901
10.56.92.87,19350,1402492,1421842
10.56.92.88,38173,46774,84947
10.56.92.9,7155,2987,10142
10.56.92.94,262703,216379,479082
10.56.92.96,498620,359309,857929
10.56.92.97,26252,425648,451900
10.56.92.98,929663,10752274,11681937
10.56.93.0,28401,10193,38594
10.56.93.1,69659688,114374761,184034449
10.56.93.3,175447098,1025912489,1201359587
10.56.93.4,198001,147060,345061
10.56.93.98,976258,676195,1652453
10.56.95.10,173778,153773,327551
10.56.95.104,1071252,1782613,2853865
10.56.95.107,36097,72676,108773
10.56.95.115,631278,480444,1111722
10.56.95.116,277529,181637,459166
10.56.95.118,938,22781,23719
10.56.95.12,2812,2057,4869
10.56.95.120,716,4972,5688
10.56.95.123,2079,2178,4257
10.56.95.127,37472,9407,46879
10.56.95.128,6207,7403,13610
10.56.95.129,399632,277301,676933
10.56.95.130,387975,316395,704370
10.56.95.131,139423,111357,250780
10.56.95.134,365,5499,5864
10.56.95.135,489178,344209,833387
10.56.95.147,355967,278127,634094
10.56.95.148,1571,232,1803
10.56.95.158,2542,2662,5204
10.56.95.159,260042,224514,484556
10.56.95.169,332086,287822,619908
10.56.95.176,11603,12993,24596
10.56.95.179,52196,59525,111721
10.56.95.180,210427,190880,401307
10.56.95.182,251466,210105,461571
10.56.95.185,220581,195276,415857
10.56.95.186,431708,724844,1156552
10.56.95.189,97108,1152476,1249584
10.56.95.192,149621,133118,282739
10.56.95.196,31370,31095,62465
10.56.95.20,1234,10549,11783
10.56.95.204,1657,1282,2939
10.56.95.208,647365,472381,1119746
10.56.95.219,271316,1012757,1284073
10.56.95.225,342079,268101,610180
10.56.95.229,463596,4704378,5167974
10.56.95.232,1541,18647,20188
10.56.95.245,30269,14891,45160
10.56.95.252,305,4475,4780
10.56.95.28,200074,201300,401374
10.56.95.34,4025,7354,11379
10.56.95.35,689010,670474,1359484
10.56.95.43,191855,223776,415631
10.56.95.44,297996,2072212,2370208
10.56.95.50,257531,185750,443281
10.56.95.56,13549,56796,70345
10.56.95.7,4021,1872,5893
10.56.95.78,40715,38412,79127
10.56.95.82,0,0,0
10.56.95.86,0,0,0
10.56.95.87,241149,219582,460731
10.56.95.9,573,442,1015
10.56.95.90,439055,302829,741884
10.56.95.92,895647,733872,1629519
10.56.95.95,644635,20554462,21199097
10.56.95.98,459150,316833,775983
10.56.98.10,491,362,853
10.56.98.101,581,469,1050
10.56.98.104,56065,5536,61601
10.56.98.107,767,116,883
10.56.98.108,986,5577,6563
10.56.98.112,10056,1276,11332
10.56.98.115,4436,1204,5640
10.56.98.116,624,512,1136
10.56.98.118,572,505,1077
10.56.98.120,2196,2946,5142
10.56.98.123,2858,24951,27809
10.56.98.128,1013,1117,2130
10.56.98.13,22597,38385,60982
10.56.98.130,5076,1181,6257
10.56.98.131,15235,17958,33193
10.56.98.132,9831,7563,17394
10.56.98.133,1279,5462,6741
10.56.98.134,1242,1018,2260
10.56.98.142,8887,7904,16791
10.56.98.146,4976,7148,12124
10.56.98.149,98194,90231,188425
10.56.98.15,321178,277880,599058
10.56.98.150,511,399,910
10.56.98.154,681,945,1626
10.56.98.156,215360,200386,415746
10.56.98.157,5357,696,6053
10.56.98.158,9847,11298,21145
10.56.98.159,25640,23714,49354
10.56.98.16,36766,42454,79220
10.56.98.162,558,419,977
10.56.98.165,170863,138468,309331
10.56.98.166,235561417,1420446299,1656007716
10.56.98.17,3764,7126,10890
10.56.98.175,5636,1231,6867
10.56.98.176,1310,5377,6687
10.56.98.178,23167,43872,67039
10.56.98.180,69822,56255,126077
10.56.98.182,1062,836,1898
10.56.98.185,1445,490,1935
10.56.98.186,1297,5478,6775
10.56.98.192,8047,25834,33881
10.56.98.196,581,423,1004
10.56.98.20,515,412,927
10.56.98.203,1215,330,1545
10.56.98.204,28823,28757,57580
10.56.98.206,6309,812,7121
10.56.98.214,512,399,911
10.56.98.215,233912,197921,431833
10.56.98.219,1726,1146,2872
10.56.98.221,1195,571,1766
10.56.98.222,24360,21265,45625
10.56.98.223,14495,27677,42172
10.56.98.226,2632,740,3372
10.56.98.228,1153,5459,6612
10.56.98.229,2245,3615,5860
10.56.98.230,4909,2524,7433
10.56.98.231,48393,6723,55116
10.56.98.232,0,0,0
10.56.98.233,4021,6772,10793
10.56.98.236,1888,1850,3738
10.56.98.238,251,5802,6053
10.56.98.24,14822,18071,32893
10.56.98.243,263389,225685,489074
10.56.98.245,1691,6517,8208
10.56.98.252,400630,344694,745324
10.56.98.254,3019,8193,11212
10.56.98.255,56169,139228,195397
10.56.98.28,2037,3743,5780
10.56.98.32,1112,794,1906
10.56.98.34,2111,1358,3469
10.56.98.35,139932,137184,277116
10.56.98.37,718,499,1217
10.56.98.50,0,0,0
10.56.98.54,1086,866,1952
10.56.98.56,1554,1080,2634
10.56.98.63,94684,61788,156472
10.56.98.67,7762,16910,24672
10.56.98.69,552,439,991
10.56.98.7,426,485,911
10.56.98.78,10515,15829,26344
10.56.98.80,1056,830,1886
10.56.98.87,543,419,962
10.56.98.9,228340,187216,415556
10.56.98.92,502,415,917
10.56.98.93,133869,120201,254070
10.56.98.95,68803,12812,81615
10.56.98.98,2790,348,3138
10.56.99.1,881,5950,6831
10.56.99.10,181623,177356,358979
10.56.99.120,528,423,951
10.56.99.123,522067,468992,991059
10.56.99.126,333156,530958,864114
10.56.99.129,44148,66341,110489
10.56.99.131,319560,264655,584215
10.56.99.147,432,485,917
10.56.99.148,1246,1036,2282
10.56.99.154,1462,1552,3014
10.56.99.169,105977,82449,188426
10.56.99.175,239074,931929,1171003
10.56.99.176,313118,253054,566172
10.56.99.179,100428,87329,187757
10.56.99.189,26245,55042,81287
10.56.99.192,227183,191506,418689
10.56.99.199,173639,152224,325863
10.56.99.204,188891,165467,354358
10.56.99.21,7651,9239,16890
10.56.99.223,316337,263528,579865
10.56.99.225,188471,271329,459800
10.56.99.229,0,0,0
10.56.99.250,303941,259145,563086
10.56.99.252,466,485,951
10.56.99.34,769,1414,2183
10.56.99.37,229372,162843,392215
10.56.99.50,1094,884,1978
10.56.99.7,9295,9409,18704
10.56.99.78,266144,320886,587030
10.56.99.80,21007,25023,46030
10.56.99.87,4447,5852,10299
10.56.99.90,199197,163080,362277
10.56.99.98,38931,43548,82479
10.60.175.116,19483172,273386128,292869300
10.60.175.130,364,497,861
10.60.175.163,1618,4085,5703
10.60.175.181,7956,4971,12927
10.60.175.182,50049,107772,157821
10.60.175.30,529,788,1317
10.60.175.6,13921,1160,15081
10.60.175.89,592,2179,2771
10.60.181.10,0,0,0
10.60.181.115,1076339,1512349,2588688
10.60.181.120,432,485,917
10.60.181.132,4435,2054,6489
10.60.181.133,1250,9954,11204
10.60.181.146,582,148,730
10.60.181.148,0,0,0
10.60.181.15,31373,19529,50902
10.60.181.165,8647,2134,10781
10.60.181.18,2113,2950,5063
10.60.181.19,46325,38542,84867
10.60.181.199,990,9455,10445
10.60.181.208,225901,202461,428362
10.60.181.21,29392,45864,75256
10.60.181.214,484,485,969
10.60.181.215,15363,24600,39963
10.60.181.231,109253,76414,185667
10.60.181.232,686,148,834
10.60.181.32,22675,8138,30813
10.60.181.44,560,399,959
10.60.181.82,23026,23489,46515
10.60.181.86,400536,724111,1124647
10.60.181.92,748,4972,5720
10.60.20.126,52220,58824,111044
10.60.20.128,1313,1337,2650
10.60.20.206,2900,2645,5545
10.60.20.225,18241,16270,34511
10.60.24.131,531,477,1008
10.60.24.133,629,148,777
10.60.24.134,457,984,1441
10.60.24.174,457,984,1441
10.60.24.189,460,984,1444
10.60.24.199,967,1059,2026
10.60.24.227,6369,2243,8612
10.60.24.32,52510,96752,149262
10.60.24.44,10129,15394,25523
10.60.24.45,11950,23810,35760
10.60.24.64,209215,399123,608338
10.60.24.66,4262,6293,10555
10.60.24.99,158475,307438,465913
10.60.244.108,2494,14920,17414
10.60.244.11,596743,798635,1395378
10.60.244.113,437,399,836
10.60.244.115,4815,3955,8770
10.60.244.118,6754,6799,13553
10.60.244.12,660,4974,5634
10.60.244.122,719665,1351515,2071180
10.60.244.129,41480,30831,72311
10.60.244.130,1226,18249,19475
10.60.244.131,345,499,844
10.60.244.132,62352,89195,151547
10.60.244.133,12143,21696,33839
10.60.244.135,4816,5435,10251
10.60.244.136,1868,810,2678
10.60.244.142,687,1377,2064
10.60.244.15,12543,7514,20057
10.60.244.154,5395,3902,9297
10.60.244.157,10948,2707,13655
10.60.244.158,10013,1895,11908
10.60.244.175,6376,8642,15018
10.60.244.192,12964,11780,24744
10.60.244.206,2648,3318,5966
10.60.244.21,330,4475,4805
10.60.244.215,6136,8906,15042
10.60.244.226,6712,9015,15727
10.60.244.229,800,428,1228
10.60.244.23,770,4974,5744
10.60.244.232,1138,1322,2460
10.60.244.241,528,1399,1927
10.60.244.245,1463,9066,10529
10.60.244.247,11413,22562,33975
10.60.244.26,4540,9936,14476
10.60.244.29,27409,26279,53688
10.60.244.34,1871,631,2502
10.60.244.5,159741,59412,219153
10.60.244.55,4946,8416,13362
10.60.244.66,83157,120398,203555
10.60.244.67,2374,232,2606
10.60.244.71,2041,631,2672
10.60.244.72,47069,45790,92859
10.60.244.77,2815,7346,10161
10.60.244.78,12565,16003,28568
10.60.244.82,39551,36536,76087
10.60.244.84,369,4475,4844
10.60.244.90,1280,1322,2602
10.60.244.95,649,421,1070
10.60.244.99,31549,19178,50727
10.60.245.1,738,116,854
10.60.245.4,643,485,1128
10.60.26.10,29567,25397,54964
10.60.26.107,6796,11711,18507
10.60.26.11,187,396,583
10.60.26.110,4242,11974,16216
10.60.26.112,16889,30392,47281
10.60.26.14,1902,6494,8396
10.60.26.146,2061,11453,13514
10.60.26.15,772311,3431041,4203352
10.60.26.156,753,4966,5719
10.60.26.157,8790,8159,16949
10.60.26.171,2568,6180,8748
10.60.26.180,1104,836,1940
10.60.26.214,58144,1284023,1342167
10.60.26.215,824,116,940
10.60.26.221,776,1413,2189
10.60.26.232,893800,1629863,2523663
10.60.26.236,2747,5878,8625
10.60.26.243,0,0,0
10.60.26.251,107865,110930,218795
10.60.26.37,166,60485,60651
10.60.26.44,282,494,776
10.60.26.53,31114,60756,91870
10.60.26.55,53362,995324,1048686
10.60.26.66,2643870805,774355810,3418226615
10.60.26.67,14938,39477,54415
10.60.26.77,2005,7301,9306
10.60.26.78,16154,79153,95307
10.60.27.1,5152,44718,49870
10.60.28.11,306,4481,4787
10.60.28.116,3710,5094,8804
10.60.28.123,689,1059,1748
10.60.28.127,375,779,1154
10.60.28.129,20136,24323,44459
10.60.28.135,571,1199,1770
10.60.28.142,3768,44688,48456
10.60.28.146,398,484,882
10.60.28.169,598,4972,5570
10.60.28.175,1195,5499,6694
10.60.28.179,1776,232,2008
10.60.28.180,587,453,1040
10.60.28.20,12647,2162,14809
10.60.28.204,19115,28134,47249
10.60.28.206,1952,3114,5066
10.60.28.208,6905,12957,19862
10.60.28.211,7622,10706,18328
10.60.28.214,2957,528,3485
10.60.28.223,555,442,997
10.60.28.228,2153,14365,16518
10.60.28.232,51710,56718,108428
10.60.28.24,1868,2004,3872
10.60.28.30,711,795,1506
10.60.28.34,146285,245119,391404
10.60.28.35,2972,4862,7834
10.60.28.36,542074,523727,1065801
10.60.28.37,707,487,1194
10.60.28.7,64014,76279,140293
10.60.28.70,1059,894,1953
10.60.28.95,1550,4828,6378
10.60.28.98,6581,16796,23377
10.60.46.128,799,116,915
10.60.55.115,0,0,0
10.60.55.123,92179,75393,167572
10.60.55.126,12051,2274,14325
10.60.55.147,8439,6388,14827
10.60.55.15,1124,1763,2887
10.60.55.162,13428,17242,30670
10.60.55.192,19793,3016,22809
10.60.55.204,26812,13518,40330
10.60.55.219,8162,15775,23937
10.60.55.9,1320,2406,3726
10.60.55.98,17884,21145,39029
10.64.175.102,71586,409517,481103
10.64.175.103,25763,489215,514978
10.64.175.112,91602,589016,680618
10.64.175.117,48599,37123,85722
10.64.175.119,772,5624,6396
10.64.175.12,188,383,571
10.64.175.124,88493,798312,886805
10.64.175.129,386,2812,3198
10.64.175.13,79875,382772,462647
10.64.175.130,64162,419617,483779
10.64.175.138,9335,19792,29127
10.64.175.141,3811,232972,236783
10.64.175.144,67299,47940,115239
10.64.175.145,307870,270763,578633
10.64.175.150,107144,87250,194394
10.64.175.151,1439,2288,3727
10.64.175.156,18940,67606,86546
10.64.175.169,122365,1004478,1126843
10.64.175.171,80833,64135,144968
10.64.175.177,55748,43468,99216
10.64.175.178,463588,4115141,4578729
10.64.175.187,1486440,1179800,2666240
10.64.175.193,50079,633324,683403
10.64.175.195,5161,69125,74286
10.64.175.202,92489,657468,749957
10.64.175.214,976089,615780,1591869
10.64.175.217,72884,58690,131574
10.64.175.236,9593,89312492,89322085
10.64.175.237,5457,6379,11836
10.64.175.238,126381,85236,211617
10.64.175.251,386,2812,3198
10.64.175.255,127036,700644,827680
10.64.175.32,62434,59809,122243
10.64.175.34,117832,861116,978948
10.64.175.40,53207,880201,933408
10.64.175.50,19172,14723,33895
10.64.175.53,69450,56469,125919
10.64.175.59,1873,39641,41514
10.64.175.64,509,2812,3321
10.64.175.68,188,383,571
10.64.175.7,42615,905313,947928
10.64.175.81,11891,52280,64171
10.64.175.90,26901,24726,51627
10.64.175.91,3275,7361,10636
10.64.175.95,36243,25092,61335
10.64.176.1,2131,11340,13471
10.64.176.4,73974,59442,133416
10.64.223.95,15488,60961,76449
10.64.24.102,36166,324293,360459
10.64.24.105,374,1075,1449
10.64.24.113,19216,12828,32044
10.64.24.121,114435,1051007,1165442
10.64.24.122,181,373,554
10.64.24.141,114112,1971426,2085538
10.64.24.143,20903,267609,288512
10.64.24.145,331,1582,1913
10.64.24.167,188,373,561
10.64.24.170,374,1075,1449
10.64.24.181,181,373,554
10.64.24.183,48627,1308385,1357012
10.64.24.187,5178,84984,90162
10.64.24.191,255277,6707658,6962935
10.64.24.194,30518,19081,49599
10.64.24.200,22646,14209,36855
10.64.24.237,181,373,554
10.64.24.41,56558,560837,617395
10.64.24.71,7361,5970,13331
10.64.24.75,7346,181116,188462
10.64.24.79,555,1165,1720
10.64.24.8,59441,958442,1017883
10.64.24.96,237647,5749112,5986759
10.64.24.99,42841,570228,613069
10.64.244.100,55742,45182,100924
10.64.244.112,27030,31336,58366
10.64.244.145,40246,28051,68297
10.64.244.147,68897,57502,126399
10.64.244.171,45000,47331,92331
10.64.244.179,69817,49291,119108
10.64.244.204,62750,86131,148881
10.64.244.207,33414,27414,60828
10.64.244.210,25465,24738,50203
10.64.244.235,47343,286020,333363
10.64.244.241,17478,14443,31921
10.64.244.28,72400,51907,124307
10.64.244.39,62294,44347,106641
10.64.244.44,85886,63382,149268
10.64.244.55,65554,46195,111749
10.64.244.68,23679,22054,45733
10.64.244.85,38231,34445,72676
10.64.244.86,46948,38555,85503
10.64.244.97,8192,7891,16083
10.64.245.1,29621,24611,54232
10.64.46.100,33653,30983,64636
10.64.46.103,28519,22068,50587
10.64.46.118,16900,13771,30671
10.64.46.119,944,3948,4892
10.64.46.12,42394,29899,72293
10.64.46.120,39279,2966843,3006122
10.64.46.129,23648,26514,50162
10.64.46.137,188,383,571
10.64.46.141,46311,30235,76546
10.64.46.145,33349,24859,58208
10.64.46.147,31353,23347,54700
10.64.46.148,188,383,571
10.64.46.151,21151,1083662,1104813
10.64.46.168,61952,1056881,1118833
10.64.46.181,531,494,1025
10.64.46.19,8962,565672,574634
10.64.46.200,172818,106572,279390
10.64.46.216,14298,136276,150574
10.64.46.220,17069,13771,30840
10.64.46.235,104596,68772,173368
10.64.46.31,394124,6700121,7094245
10.64.46.33,1790,8466,10256
10.64.46.37,15732,14443,30175
10.64.46.40,87402,54660,142062
10.64.46.41,25406,18871,44277
10.64.46.42,257,373,630
10.64.46.52,188,383,571
10.64.46.56,375,779,1154
10.64.46.85,70406,3458352,3528758
10.64.46.90,193,702,895
10.64.55.105,12539,14478,27017
10.64.55.111,7547,337858,345405
10.64.55.112,36832,94195,131027
10.64.55.116,51342,34267,85609
10.64.55.132,205683,143294,348977
10.64.55.144,7146,5604,12750
10.64.55.148,188,383,571
10.64.55.188,6960,5100,12060
10.64.55.195,28125,26070,54195
10.64.55.212,170291,112387,282678
10.64.55.216,43339,42806,86145
10.64.55.219,78907,647241,726148
10.64.55.224,515700,1063506,1579206
10.64.55.24,47248,38866,86114
10.64.55.241,306914,637039,943953
10.64.55.243,146970,109353,256323
10.64.55.248,51514,35676,87190
10.64.55.255,37896,434226,472122
10.64.57.122,3672,45960,49632
10.64.57.144,187,396,583
10.64.57.161,150619,975370,1125989
10.64.57.228,181,373,554
10.64.57.239,68196,483056,551252
10.64.57.244,145906,1923450,2069356
10.64.58.4,25503,735151,760654
10.64.97.28,374,792,1166
10.65.175.139,16085,76620,92705
10.66.4.80,305046,181500,486546
10.66.4.98,393567,238279,631846
10.67.115.182,187,396,583
10.67.131.115,141142,105275,246417
10.67.131.128,108069,330708,438777
10.67.131.250,227440,165200,392640
10.70.115.120,193249,135696,328945
10.70.115.128,74499,179539,254038
10.70.115.206,188267,140340,328607
10.70.115.7,188904,140172,329076
10.70.210.247,32477,27323,59800
10.70.210.86,1081,1068,2149
10.70.31.233,504370,349603,853973
10.70.31.98,5660,127774,133434
10.71.162.182,3784803,1402408,5187211
10.71.167.123,2198,9198,11396
10.71.167.175,107684,334542,442226
10.71.167.18,22296,296790,319086
10.71.167.206,7251,257746,264997
10.71.167.21,187,396,583
10.71.167.9,762,2851,3613
10.71.167.98,187,396,583
10.71.21.128,20203,190110,210313
10.71.21.175,5308,21797,27105
10.71.21.182,688568,1915868,2604436
10.71.21.199,9348,43430,52778
10.71.21.233,11517,33987,45504
10.71.21.9,51264,195907,247171
10.71.21.95,417,373,790
10.71.21.98,296932,5509505,5806437
10.73.131.182,297205,222996,520201
10.73.131.223,87619,62448,150067
10.73.18.199,969,2851,3820
10.73.18.223,1041975,1807752,2849727
10.74.148.199,144035,847027,991062
10.74.148.21,128947,469316,598263
10.74.185.21,233852,895304,1129156
10.75.167.115,126603,91592,218195
10.75.167.98,33760,29352,63112
10.76.129.35,181,373,554
10.76.129.7,13607,959896,973503
10.76.171.127,223622,435839,659461
10.76.171.233,213602,429155,642757
10.76.171.50,190428,159216,349644
10.76.195.128,241471,797911,1039382
10.76.195.243,250230,199243,449473
10.76.195.247,212154,174444,386598
10.77.217.3,211172221,191338239,402510460
1.12.73.61,931,589,1520
1.160.162.141,964,609,1573
1.160.198.39,2852,39473,42325
1.161.151.175,0,130,130
1.162.187.124,0,130,130
1.164.106.123,0,130,130
1.169.215.31,0,130,130
1.171.56.146,0,2731,2731
1.180.106.239,1724,409,2133
1.180.188.11,508491,422,508913
1.180.226.23,2760,53,2813
1.181.154.161,240,548,788
1.181.180.216,381,12834,13215
1.181.181.167,1380,53,1433
1.181.182.199,9537,53,9590
1.181.246.222,9540,49,9589
1.181.252.229,9537,53,9590
1.182.104.64,207,400,607
1.182.122.77,0,68,68
1.182.49.250,9537,53,9590
1.183.10.37,32738,140,32878
1.183.72.211,258,182,440
1.188.166.87,41,143,184
1.188.88.175,41,151,192
1.189.209.234,194018,6742,200760
1.189.6.71,136,1146,1282
1.190.122.150,41,151,192
1.190.138.141,41,143,184
1.190.143.252,41,151,192
1.190.182.111,41,151,192
1.190.199.16,310,200,510
1.190.255.85,41,151,192
1.191.129.255,41,151,192
1.192.112.245,46687,149,46836
1.192.144.137,1033,142,1175
1.192.186.154,9537,53,9590
1.192.202.163,500,495,995
1.192.211.66,9537,53,9590
1.192.220.56,19799,826,20625
1.192.225.27,0,0,0
1.192.225.72,22679268,597012,23276280
1.192.230.47,190,155,345
1.192.237.202,408,804,1212
1.192.246.2,2043,9896,11939
1.192.246.52,611,1210,1821
1.192.9.5,28611,159,28770
1.193.139.37,236,152,388
1.194.101.18,308,561,869
1.194.134.8,2927,131,3058
1.194.135.137,459327,8689931,9149258
1.194.139.38,205,399,604
1.194.142.163,238,155,393
1.194.197.99,237,153,390
1.194.231.81,454,277,731
1.194.242.79,448,278,726
1.194.32.60,0,0,0
1.195.128.247,9537,53,9590
1.195.139.99,237,143,380
1.195.15.108,1115,3154,4269
1.195.150.228,9537,53,9590
1.195.187.146,295315,183,295498
1.195.199.89,9540,53,9593
1.195.20.190,9537,52,9589
1.195.201.224,9537,53,9590
1.195.214.6,238,156,394
1.195.240.161,978,443892,444870
1.195.247.89,5740,151935,157675
1.195.89.27,8052,132,8184
1.196.207.211,8449,423,8872
1.196.248.30,3686,147957,151643
1.197.13.51,9537,52,9589
1.197.204.193,84,84,168
1.197.5.82,41,143,184
1.198.11.55,84168,2714,86882
1.198.11.56,32538,2105,34643
1.198.13.33,41,151,192
1.198.145.43,16564,39,16603
1.198.191.17,410,1002,1412
1.198.196.30,16637,257,16894
1.198.2.79,214,124,338
1.198.248.235,360891,143,361034
1.199.113.58,9537,52,9589
1.199.122.189,2504,1557,4061
1.199.91.213,451,423,874
1.2.3.9,0,0,0
1.202.104.50,4737,447,5184
1.202.109.104,104,202,306
1.202.134.145,51224,3690,54914
1.202.167.6,487809,14672,502481
1.202.167.9,366017,49220,415237
1.202.18.73,921,1800,2721
1.202.181.145,5120,458,5578
1.202.21.61,0,68,68
1.202.22.96,205,375,580
1.202.30.193,520,396,916
1.202.30.227,276,429,705
1.202.30.71,102,0,102
1.202.34.207,103,198,301
1.202.34.89,206,374,580
1.202.45.68,406,800,1206
1.202.47.31,104,201,305
1.202.49.4,102,200,302
1.202.5.162,101,201,302
1.202.51.163,1397,447,1844
1.202.54.39,377,620,997
1.202.6.147,552,822,1374
1.202.68.24,305,559,864
1.202.80.129,237,157,394
1.202.80.56,510,934,1444
1.202.80.68,102,199,301
1.202.82.183,93,199,292
1.202.85.155,429,246,675
1.205.125.114,9537,53,9590
1.205.137.36,0,68,68
1.205.162.39,42603,1109,43712
1.205.182.232,1878,1208,3086
1.205.188.32,9537,53,9590
1.205.2.74,9752,177,9929
1.205.245.67,402,246,648
1.205.247.214,0,68,68
1.205.52.69,0,136,136
1.206.11.88,410,800,1210
1.206.148.254,50353,503,50856
1.206.161.154,9537,49,9586
1.206.177.219,19074,105,19179
1.206.206.243,82078,212,82290
1.207.138.173,0,408,408
1.207.17.126,49396,229,49625
1.207.176.117,0,68,68
1.207.176.175,6900,53,6953
1.207.195.150,76,81,157
1.207.200.210,86490,473,86963
1.207.206.94,0,68,68
1.207.222.104,9537,53,9590
1.207.237.134,818,1606,2424
1.207.243.7,66240,1398,67638
1.207.251.23,240,154,394
1.207.27.111,9540,53,9593
1.207.73.240,0,136,136
1.207.9.254,18865,538,19403
1.214.112.219,342,200,542
1.226.105.55,35017,37826,72843
1.234.39.98,1672,720,2392
1.241.24.40,4325,7916,12241
1.251.186.17,4710651,81389,4792040
1.255.53.86,382,166,548
1.26.88.126,219,285,504
1.30.50.172,41,151,192
1.34.14.0,0,130,130
1.34.163.134,0,403,403
1.48.105.140,407,803,1210
1.48.120.49,41,151,192
1.48.140.61,139,49279,49418
1.48.19.118,161803,307,162110
1.48.32.241,237,155,392
1.48.70.149,426634,176,426810
1.48.75.30,6961,4499,11460
1.48.90.163,9545,53,9598
1.48.97.100,19074,105,19179
1.50.94.123,224,310,534
1.56.7.82,131979,972,132951
1.57.102.47,41,151,192
1.57.111.252,0,357,357
1.57.80.211,41,151,192
1.57.9.140,41,151,192
1.59.165.43,705,14486,15191
1.60.125.23,41,151,192
1.60.221.154,41,151,192
1.60.251.179,2406,672,3078
1.60.47.12,41,143,184
1.61.40.141,82,302,384
1.62.132.64,41,143,184
1.62.138.252,41,151,192
1.62.150.243,41,143,184
1.62.18.7,41,151,192
1.62.76.198,0,800,800
1.69.139.26,0,950,950
1.70.131.72,32954,37,32991
1.70.171.221,333789,987,334776
1.80.139.209,103,200,303
1.80.249.133,48,64,112
1.80.81.144,0,136,136
1.80.99.141,23,93,116
1.81.1.33,5670,3817,9487
1.81.137.31,15795,4612,20407
1.81.14.213,18945,579,19524
1.82.119.212,808,4891,5699
1.82.145.116,5200,3339,8539
1.82.145.215,1189,778,1967
1.82.15.195,38152,2254,40406
1.82.191.152,54281,4245,58526
1.82.73.229,86,86,172
1.82.85.181,4397,266008,270405
1.83.1.12,0,136,136
1.83.109.133,2296,467612,469908
1.83.113.25,15593,1943965,1959558
1.83.124.88,102225,3869,106094
1.83.164.90,237198,2435,239633
1.83.191.100,14622,1324596,1339218
1.83.69.131,250,145,395
1.83.81.148,17175,64,17239
1.84.11.96,0,68,68
1.84.118.216,193,155,348
1.84.149.127,48345,2417,50762
1.84.53.235,226,155,381
1.85.12.194,98016,1046,99062
1.85.138.80,1431,3012,4443
1.85.166.51,105875,1377,107252
1.85.17.63,16560,456,17016
1.85.209.230,967,4588,5555
1.85.218.211,306,597,903
1.85.237.106,0,68,68
1.85.4.217,1360,265,1625
1.85.46.114,739,130,869
1.86.12.112,67245,3814,71059
1.86.168.140,234,142,376
1.86.21.126,105,110,215
1.86.236.14,17084,141,17225
1.86.236.94,0,756,756
1.86.26.127,95,95,190
1.86.45.78,519,68,587
1.86.74.123,163,445,608
1.87.186.16,73213,322,73535
1.87.232.19,90,95,185
1.87.241.123,48,64,112
1.87.251.79,119,137,256
1.87.253.133,368,548,916
1.93.161.58,19320,458,19778
1.93.3.205,8236,450,8686
1.93.43.90,0,687,687
1.93.51.117,52770,659,53429
10.21.11.25,93824,59048,152872
10.21.12.198,3381404,3499818,6881222
10.21.126.251,324316,13433,337749
10.21.141.252,3560545,4939245,8499790
10.21.249.120,196276,367788,564064
10.21.249.13,2521,7039,9560
10.21.249.152,2455128,900952,3356080
10.21.249.16,1524952,902128,2427080
10.21.249.163,21834891,6101793,27936684
10.21.249.173,1133728,626964,1760692
10.21.249.175,173680,355980,529660
10.21.249.190,2558944,822472,3381416
10.21.249.196,1222772,846784,2069556
10.21.249.244,1870815,882215,2753030
10.21.249.34,736,1096,1832
10.21.249.42,5433066,8379609,13812675
10.21.249.48,1418044,840896,2258940
10.21.249.66,995072,745144,1740216
10.21.249.84,1178656,921348,2100004
10.21.250.4,1019008,691272,1710280
10.21.252.11,3411756,299380,3711136
10.21.252.166,5893336,339488,6232824
10.21.252.215,4286664,306696,4593360
10.21.252.217,1371120,302224,1673344
10.21.252.221,2484768,326680,2811448
10.21.252.222,2828620,270236,3098856
10.21.252.230,3957040,368756,4325796
10.21.252.46,1914832,141696,2056528
10.21.252.63,14841188,47741767,62582955
10.21.252.77,2794988,348268,3143256
10.21.253.1,4350296,292296,4642592
10.21.27.216,25,71,96
10.21.27.56,5,71,76
10.21.56.100,5936,769,6705
10.22.12.11,33068,3204,36272
10.22.12.166,4370,84,4454
10.22.12.189,5,19,24
10.22.12.236,66149732,9191326,75341058
10.22.12.46,15,46,61
10.22.12.54,136,42,178
10.22.249.109,1558916,830376,2389292
10.22.249.116,1249136,953488,2202624
10.22.249.128,191484,372892,564376
10.22.249.16,1635373,944025,2579398
10.22.249.169,1751928,851668,2603596
10.22.249.220,3760192,929956,4690148
10.22.249.227,2004760,1045748,3050508
10.22.249.37,2292408,1037504,3329912
10.22.249.67,4623584,5286267,9909851
10.22.249.83,1752088,1001764,2753852
10.22.249.9,199220,360836,560056
10.22.249.91,2316000,1022108,3338108
10.22.80.160,98778935,56912389,155691324
10.23.167.158,5360,5085,10445
10.23.167.74,427657,540698,968355
10.23.180.173,2317,3323,5640
10.23.181.127,110488,10104,120592
10.23.181.98,411721,1196,412917
10.23.182.4,11914,4727,16641
10.23.251.150,1091,1228,2319
10.23.251.226,257450,225143,482593
10.23.251.39,1557,2170,3727
10.24.104.102,35651,182564,218215
10.24.104.103,29825,164852,194677
10.24.104.113,35456,184696,220152
10.24.104.122,38568,184696,223264
10.24.104.141,786568,454956,1241524
10.24.104.143,35563,168540,204103
10.24.104.161,38744,184704,223448
10.24.104.163,38064,184632,222696
10.24.104.167,38744,184664,223408
10.24.104.178,37136,184632,221768
10.24.104.181,33419,182508,215927
10.24.104.183,35619,181036,216655
10.24.104.191,30913,177092,208005
10.24.104.197,36099,184632,220731
10.24.104.200,38744,184704,223448
10.24.104.209,38432,184632,223064
10.24.104.214,38112,184632,222744
10.24.104.228,33950,180352,214302
10.24.104.235,38744,184568,223312
10.24.104.238,35611,170068,205679
10.24.104.24,38744,184632,223376
10.24.104.253,38064,184632,222696
10.24.104.255,36339,182476,218815
10.24.104.26,36059,180996,217055
10.24.104.39,36155,182508,218663
10.24.104.52,34723,56316,91039
10.24.104.57,36339,182508,218847
10.24.104.59,38312,184696,223008
10.24.104.70,32710,180304,213014
10.24.104.71,38008,184664,222672
10.24.104.75,33398,180400,213798
10.24.104.79,35995,182508,218503
10.24.104.8,44773,187356,232129
10.24.104.93,35603,181684,217287
10.24.12.149,305,570,875
10.24.12.219,213689,14902,228591
10.24.12.247,723,2592,3315
10.24.130.144,805,785,1590
10.24.130.152,2049,3185,5234
10.24.130.172,1709,18485,20194
10.24.130.177,805,785,1590
10.24.130.208,0,516,516
10.24.130.209,1381,2195,3576
10.24.130.211,805,785,1590
10.24.130.23,2101,8909,11010
10.24.130.239,805,785,1590
10.24.130.244,4599,7767,12366
10.24.130.25,805,785,1590
10.24.130.48,2049,2285,4334
10.24.130.62,805,785,1590
10.24.130.84,4098,16738,20836
10.24.130.97,805,785,1590
10.24.131.4,805,785,1590
10.24.139.131,952024,9336060,10288084
10.24.146.14,2789954,4800406,7590360
10.24.146.142,1775682,5513,1781195
10.24.146.212,2732916,3210907,5943823
10.24.146.235,728744,50428,779172
10.24.146.67,4500,4218,8718
10.24.146.78,2985,1764,4749
10.24.170.50,2498,1102,3600
10.24.172.109,43595080,4450490,48045570
10.24.172.12,36824,184696,221520
10.24.172.120,32736,179640,212376
10.24.172.129,38744,184696,223440
10.24.172.130,33835,182524,216359
10.24.172.136,36179,182540,218719
10.24.172.153,98648980,93910377,192559357
10.24.172.154,349140,445956,795096
10.24.172.176,35859,184696,220555
10.24.172.180,29028,176280,205308
10.24.172.183,527127544,112916078,640043622
10.24.172.189,32254,167912,200166
10.24.172.19,374072,436960,811032
10.24.172.210,11473284,964382,12437666
10.24.172.229,784788,422292,1207080
10.24.172.25,4156,3636,7792
10.24.172.34,472076,426360,898436
10.24.172.35,31414,180608,212022
10.24.172.78,36339,182524,218863
10.24.172.87,36347,184736,221083
10.24.172.90,33742,180480,214222
10.24.173.2,48305,17123,65428
10.24.197.152,1220,2075,3295
10.24.215.125,1297,5978,7275
10.24.215.174,870214,21724,891938
10.24.215.218,1231772,92360,1324132
10.24.215.88,7263216,6591,7269807
10.24.240.218,44950,432328,477278
10.24.243.109,3530,10088,13618
10.24.243.119,36544,184696,221240
10.24.243.139,48420,209740,258160
10.24.243.141,2229090,4615246,6844336
10.24.243.142,55544,232376,287920
10.24.243.145,615120,541452,1156572
10.24.243.156,56136,232416,288552
10.24.243.157,469364,486076,955440
10.24.243.184,682212,548572,1230784
10.24.243.226,53804,230332,284136
10.24.243.239,3698172,5596495,9294667
10.24.243.27,473120,478612,951732
10.24.243.31,713048,548896,1261944
10.24.243.44,452328,512612,964940
10.24.243.53,54720,232376,287096
10.24.243.67,396160,525828,921988
10.24.243.91,18426,9880,28306
10.24.249.104,751965168,463875648,1215840816
10.24.249.108,45148,101228,146376
10.24.249.110,1794888,633412,2428300
10.24.249.112,48076,198124,246200
10.24.249.13,1823584,672564,2496148
10.24.249.14,1413400,666588,2079988
10.24.249.140,36564,26690,63254
10.24.249.149,54440,232376,286816
10.24.249.151,1447288,425928,1873216
10.24.249.178,232632,428620,661252
10.24.249.192,4731983,48673,4780656
10.24.249.211,0,908,908
10.24.249.216,1469948,386444,1856392
10.24.249.233,5786,5768,11554
10.24.249.240,526372,421648,948020
10.24.249.247,54224,230352,284576
10.24.249.253,2963615,548898,3512513
10.24.249.32,2109488,675956,2785444
10.24.249.65,7727,6084,13811
10.24.249.70,2887996,30329,2918325
10.24.249.76,1134,1383,2517
10.24.249.82,52940,227192,280132
10.24.26.168,3457,18697,22154
10.24.49.10,930,2085,3015
10.24.49.105,56316,234056,290372
10.24.49.109,1677,900,2577
10.24.49.111,248996,18044,267040
10.24.49.117,31852,5991,37843
10.24.49.119,640436,115792,756228
10.24.49.121,1460,1226,2686
10.24.49.128,41852,2916,44768
10.24.49.140,474572,54844,529416
10.24.49.141,25756,175304,201060
10.24.49.143,34852,170068,204920
10.24.49.144,1474540,716840,2191380
10.24.49.152,391980,484464,876444
10.24.49.154,960789680,216084012,1176873692
10.24.49.172,633516,551292,1184808
10.24.49.181,53700,230188,283888
10.24.49.182,30412,4852,35264
10.24.49.183,52260,230372,282632
10.24.49.200,54904,232376,287280
10.24.49.207,357132,504316,861448
10.24.49.210,1944244,745944,2690188
10.24.49.232,1772,2277,4049
10.24.49.239,1386852,618548,2005400
10.24.49.25,367432,504684,872116
10.24.49.28,47212,3348,50560
10.24.49.29,300836,478524,779360
10.24.49.65,625584,100784,726368
10.24.49.73,34516,182580,217096
10.24.50.4,840936,546068,1387004
10.24.64.111,770164,48444,818608
10.24.64.118,476614307,1346066276,1822680583
10.24.64.166,2253100,705956,2959056
10.24.64.176,3917764,20632916,24550680
10.24.64.191,167463,760,168223
10.24.64.215,989368,650004,1639372
10.24.64.222,1474448,682128,2156576
10.24.64.230,1518608,691316,2209924
10.24.64.232,83716776,50682172,134398948
10.24.64.24,1461272,727912,2189184
10.24.64.39,588577294,5391317572,5979894866
10.24.64.43,29648,26160,55808
10.24.64.46,874444,597844,1472288
10.24.64.54,1659180,708268,2367448
10.24.64.62,520336,308648,828984
10.24.64.64,1415648,668040,2083688
10.24.64.77,1863124,728240,2591364
10.24.64.9,9459030,1725635,11184665
10.24.64.98,28455,19485,47940
10.24.65.1,1917092,676396,2593488
10.24.65.2,1071307,17668636,18739943
10.24.66.181,161829,9259,171088
10.24.66.194,183381,64730,248111
10.24.66.211,2839557,70212,2909769
10.24.66.27,1417710,978,1418688
10.24.66.99,465070,10291,475361
10.24.70.117,2475022,1577969,4052991
10.24.73.10,573,593,1166
10.24.73.248,1815442,3826441,5641883
10.24.73.78,20382,1271,21653
10.25.32.138,23240,21074,44314
10.25.32.50,2922203,5151883,8074086
10.25.32.68,19472,22365,41837
10.25.32.74,20760,21355,42115
10.25.68.116,327360,3362,330722
10.25.69.124,4050,4193,8243
10.26.139.186,24557543,4470006,29027549
10.26.139.32,1378056,304605,1682661
10.26.176.116,997483,46862,1044345
10.26.47.162,457396,8068,465464
10.26.47.175,3372,3252,6624
10.26.47.223,0,0,0
10.26.47.225,23146,11976,35122
10.26.47.52,53460,232376,285836
10.26.47.7,3372,3252,6624
10.26.47.86,6061,4612,10673
10.26.53.114,2465,2554,5019
10.26.53.129,12361,2050,14411
10.26.54.255,18376418,3612228,21988646
10.26.68.193,22786,814,23600
10.26.85.111,236212,4193,240405
10.26.85.151,4266587,102788,4369375
10.26.85.216,48871,18972,67843
10.26.85.240,2840,3372,6212
10.26.86.146,23919981,4607233,28527214
10.26.86.199,952,380,1332
10.26.86.3,54157,3012,57169
10.26.99.24,646891,936115,1583006
10.27.110.164,19532,2388,21920
10.27.6.115,1785,2765,4550
10.28.187.29,1024238,138223,1162461
10.28.187.84,2521987,956551,3478538
10.28.35.31,3983852,3297989,7281841
10.28.52.103,4263552,945978,5209530
10.28.52.161,1872342,538181,2410523
10.28.52.167,346078,117598,463676
10.28.52.31,110481661,10447357,120929018
10.28.52.45,118820,48480,167300
10.28.52.6,1706483,644823,2351306
10.28.52.76,11860,20143,32003
10.28.64.142,3731601,3643202,7374803
10.29.82.118,11348,12060,23408
10.30.1.150,40108,4441,44549
10.30.1.214,31941617,24174,31965791
10.30.1.238,6553040,216747,6769787
10.30.1.93,358607,45320,403927
10.30.110.88,12115,5739,17854
10.30.118.234,724,321,1045
10.30.118.59,78840,1227,80067
10.30.118.98,34948,13936,48884
10.30.134.126,15024,1112,16136
10.30.136.23,1472,548,2020
10.30.136.36,3628874,180237,3809111
10.30.15.127,1919741,8340,1928081
10.30.15.193,6826,6456,13282
10.30.150.54,11205646551,256809297,11462455848
10.30.160.210,2920,186,3106
10.30.162.102,805,785,1590
10.30.162.155,805,785,1590
10.30.162.16,10460,1130,11590
10.30.162.181,805,785,1590
10.30.162.186,225588,16061,241649
10.30.162.191,805,785,1590
10.30.162.193,805,785,1590
10.30.162.254,805,785,1590
10.30.162.45,252,742,994
10.30.162.57,805,785,1590
10.30.162.66,0,850,850
10.30.162.81,805,785,1590
10.30.162.99,805,785,1590
10.30.170.90,195880,90518,286398
10.30.18.116,3884,4893,8777
10.30.18.15,6322,6063,12385
10.30.18.208,23052,12703,35755
10.30.18.214,1421,1567,2988
10.30.18.245,236646,151933,388579
10.30.18.39,11453329,725661,12178990
10.30.18.55,17228,27117,44345
10.30.18.63,75220,4628,79848
10.30.18.93,2675441,262691,2938132
10.30.185.12,15043,1545,16588
10.30.185.54,4286,3861,8147
10.30.185.64,164019,7915,171934
10.30.185.72,1591761,460365,2052126
10.30.194.31,178320,9547,187867
10.30.245.115,5164,9835,14999
10.30.245.118,3512,3633,7145
10.30.245.12,80870480,5578173,86448653
10.30.245.129,3512,3705,7217
10.30.245.170,74954,14936,89890
10.30.245.233,405482,108114,513596
10.30.245.39,4161337,27213,4188550
10.30.245.90,1812,3633,5445
10.30.250.230,6908,1394,8302
10.30.48.147,870,1150,2020
10.30.48.160,12433526,390683,12824209
10.30.48.195,20520058,6183187,26703245
10.30.48.5,8184,4077,12261
10.30.48.6,164,576,740
10.30.52.54,90085,9366,99451
10.30.52.97,908,1998,2906
10.30.59.227,30753,562853,593606
10.30.63.166,35516,100183,135699
10.30.63.66,514318,44239,558557
10.31.53.247,2397,84565,86962
10.31.60.138,300,842,1142
10.31.60.74,4410,3309,7719
10.32.143.222,4685,6324,11009
10.32.172.107,55920,232416,288336
10.32.172.113,1043716,522672,1566388
10.32.172.122,56136,232376,288512
10.32.172.133,32796,28668,61464
10.32.172.134,37448,184736,222184
10.32.172.136,69188,205932,275120
10.32.172.138,54704,232376,287080
10.32.172.14,6944447,4030867,10975314
10.32.172.150,81116,49500,130616
10.32.172.165,875552,374380,1249932
10.32.172.171,31100,33500,64600
10.32.172.186,503424,505008,1008432
10.32.172.196,1350204,652792,2002996
10.32.172.199,36573,2868,39441
10.32.172.243,60983,479,61462
10.32.172.39,898656,548404,1447060
10.32.172.44,51256,232376,283632
10.32.172.56,1072164,547716,1619880
10.32.172.74,51184,230332,281516
10.32.240.119,387376,5993,393369
10.32.243.104,38072,184696,222768
10.32.243.158,38008,184664,222672
10.32.243.177,54040,232376,286416
10.32.243.199,42160,188476,230636
10.32.243.203,35867,182516,218383
10.32.243.30,207605758,74319252,281925010
10.32.243.43,33420,182652,216072
10.32.243.83,232576,417244,649820
10.32.243.85,31856,182652,214508
10.32.243.9,36368,151104,187472
10.32.243.97,47020,107724,154744
10.32.42.109,52208,230648,282856
10.32.42.121,55164,234000,289164
10.32.42.137,38552,184664,223216
10.32.42.170,55952,232376,288328
10.32.42.216,404608,472436,877044
10.32.42.248,50984,230204,281188
10.32.42.37,7291,2148,9439
10.32.42.45,19939,37257,57196
10.32.42.46,3196,3636,6832
10.32.42.48,4964092,4971028,9935120
10.32.42.61,52932,232376,285308
10.32.42.66,18920,1462,20382
10.32.42.8,18688,47680,66368
10.32.42.83,53804,232376,286180
10.32.43.3,42528,188708,231236
10.32.49.105,724232,484896,1209128
10.32.49.107,1189264,617464,1806728
10.32.49.113,1754198,784751,2538949
10.32.49.125,33742,180520,214262
10.32.49.13,2352356,448932,2801288
10.32.49.132,1500900,443052,1943952
10.32.49.135,957724,253652,1211376
10.32.49.152,1034572,548372,1582944
10.32.49.156,38744,184696,223440
10.32.49.159,1852740,677672,2530412
10.32.49.160,38432,184696,223128
10.32.49.164,35856,184696,220552
10.32.49.170,1596,900,2496
10.32.49.181,364128,320904,685032
10.32.49.185,1207120,641556,1848676
10.32.49.189,6753709,7703681,14457390
10.32.49.190,1150714,3532841,4683555
10.32.49.218,32867,170012,202879
10.32.49.219,2654232,748892,3403124
10.32.49.245,1958416,265032,2223448
10.32.49.25,38528,184696,223224
10.32.49.30,943292,386852,1330144
10.32.49.44,2275120,265024,2540144
10.32.49.48,893276,544420,1437696
10.32.49.55,1196776,225400,1422176
10.32.49.59,75955,39428,115383
10.32.49.6,38568,184696,223264
10.32.49.63,51820,2916,54736
10.32.49.74,38680,184696,223376
10.32.49.81,886104,484312,1370416
10.32.49.83,33233,185624,218857
10.32.49.91,261372,440636,702008
10.32.50.2,1596,900,2496
10.32.6.11,1849764,710308,2560072
10.32.6.139,1061436,655356,1716792
10.32.6.142,1299416,672248,1971664
10.32.6.192,118160,27056,145216
10.32.6.217,1104868,676380,1781248
10.32.6.219,8835,4918,13753
10.32.6.221,1663912,686652,2350564
10.32.6.226,1996556,694400,2690956
10.32.6.236,1780196,716312,2496508
10.32.6.250,1082500,651724,1734224
10.32.6.252,1653012,630028,2283040
10.32.6.50,28944,27472,56416
10.32.6.53,2008772,717124,2725896
10.32.6.94,96787,17041,113828
10.32.68.188,77778,1412,79190
10.32.68.227,196149,22158,218307
10.32.68.83,724,1269,1993
10.33.68.175,37788,2147,39935
10.33.68.19,3767333,3682178,7449511
10.34.170.229,5756,3284,9040
10.34.170.9,2093,1492,3585
10.34.170.95,1772,1412,3184
10.34.170.98,2700,2836,5536
10.35.1.178,250121,368912,619033
10.35.1.226,1022770,1498217,2520987
10.35.104.181,1895,471,2366
10.35.110.190,66798,20386,87184
10.35.110.226,1508,1081,2589
10.35.112.61,3101,2580,5681
10.35.143.102,0,632,632
10.35.158.79,36108,4116,40224
10.35.170.105,59744,15552,75296
10.35.194.74,2705381,47518,2752899
10.35.23.101,10035,13424,23459
10.35.23.241,13209,22239,35448
10.35.23.251,10529,14174,24703
10.35.23.63,10072,13259,23331
10.35.237.77,26917,3536,30453
10.35.240.116,2701,2452,5153
10.35.240.208,3692,2916,6608
10.35.240.244,82,325,407
10.35.240.29,984,3912,4896
10.35.240.67,47396,3434,50830
10.35.240.97,91084,20423,111507
10.35.246.163,805,785,1590
10.35.246.164,805,785,1590
10.35.246.168,805,785,1590
10.35.246.193,0,785,785
10.35.246.202,805,785,1590
10.35.246.238,1731175,251961,1983136
10.35.246.26,805,785,1590
10.35.246.29,805,785,1590
10.35.246.38,805,785,1590
10.35.246.57,805,785,1590
10.35.39.240,1017636,25781,1043417
10.35.54.223,36032,29729,65761
10.35.69.139,246,535,781
10.35.70.252,23874552,21353519,45228071
10.35.70.78,78392,1004,79396
10.35.82.115,138,234,372
10.35.82.206,1936740937,101980410,2038721347
10.35.82.21,14025239,9505661,23530900
10.35.82.50,544,160,704
10.35.82.7,56,104,160
10.36.15.104,125240,13207,138447
10.36.15.111,519016,113266,632282
10.36.15.85,2724456,1260,2725716
10.36.15.98,86963133,12748997,99712130
10.36.16.2,3654,2447,6101
10.36.28.19,1648384,4788357,6436741
10.36.32.229,186924813,346612114,533536927
10.36.44.120,154601,287004,441605
10.36.44.158,50825,213404,264229
10.36.44.162,77221,264980,342201
10.36.44.18,696640,450364,1147004
10.36.44.182,53787,228492,282279
10.36.44.199,42690,190192,232882
10.36.44.203,55403,230332,285735
10.36.44.206,694044,448944,1142988
10.36.44.223,54891,228772,283663
10.36.44.7,927292,466752,1394044
10.36.44.85,53110,228056,281166
10.36.44.9,52358,230220,282578
10.36.44.92,50054,228048,278102
10.36.44.95,1204448,560712,1765160
10.36.64.243,92531,182010595,182103126
10.37.126.55,545950,20837,566787
10.37.54.179,2138455,3100866,5239321
10.37.54.34,83805,2997,86802
10.37.69.144,91579,293336,384915
10.37.69.152,53078,228176,281254
10.37.69.159,53262,228176,281438
10.37.69.172,871375,463100,1334475
10.37.69.192,258672,441152,699824
10.37.69.39,621372,466040,1087412
10.37.69.48,57136,232376,289512
10.37.69.58,46460,211512,257972
10.37.69.74,47980,194536,242516
10.37.69.81,608960,21744,630704
10.37.70.4,384600,266768,651368
10.37.85.76,6033961,3745246,9779207
10.38.1.207,244,377,621
10.38.1.70,1174726,107272,1281998
10.38.115.102,35747,182540,218287
10.38.115.144,36243,57764,94007
10.38.115.152,38744,184664,223408
10.38.115.163,37152,184696,221848
10.38.115.164,36339,184696,221035
10.38.115.166,46724,101172,147896
10.38.115.172,38224,184664,222888
10.38.115.177,38744,184664,223408
10.38.115.190,38560,184696,223256
10.38.115.193,38512,184696,223208
10.38.115.201,36360,184664,221024
10.38.115.207,1677,900,2577
10.38.115.222,53292,232376,285668
10.38.115.244,37488,184696,222184
10.38.115.253,37352,184696,222048
10.38.115.26,36043,182492,218535
10.38.115.48,33830,55688,89518
10.38.115.57,33907,170036,203943
10.38.115.58,18424,47680,66104
10.38.115.84,31425,53564,84989
10.38.115.99,38440,184600,223040
10.38.116.1,48380,210748,259128
10.38.125.10,1486396,649276,2135672
10.38.125.103,80188,916,81104
10.38.125.111,747242,23003,770245
10.38.125.145,13452,4404,17856
10.38.125.152,818744,420280,1239024
10.38.125.169,3106420,684580,3791000
10.38.125.180,1943588,675820,2619408
10.38.125.184,21804,4452,26256
10.38.125.19,2411628,696080,3107708
10.38.125.191,1748828,446004,2194832
10.38.125.203,2236,7716,9952
10.38.125.219,1700128,593028,2293156
10.38.125.250,928208,558524,1486732
10.38.125.34,1824260,703752,2528012
10.38.125.58,7291,2124,9415
10.38.125.7,13125681,1558244,14683925
10.38.125.79,71788,4804,76592
10.38.139.10,255961,64172,320133
10.38.158.100,10,96,106
10.38.158.160,3736185,1354068,5090253
10.38.158.42,1096045,1975,1098020
10.38.158.69,1585,1558,3143
10.38.158.89,44239157,6997485,51236642
10.38.68.62,116759,18479,135238
10.39.109.237,6384,3600,9984
10.39.11.114,915,1575,2490
10.39.11.12,5016,641,5657
10.39.11.174,2373454750,360278599,2733733349
10.39.12.107,3301063,4789774,8090837
10.39.12.177,14239,4585,18824
10.39.124.119,868812526,406211737,1275024263
10.39.124.79,91980,5364,97344
10.39.125.88,142682,4442,147124
10.39.130.220,17322,7992,25314
10.39.141.108,7164,4980,12144
10.39.143.248,4534,30974,35508
10.39.146.127,805,785,1590
10.39.146.207,2104,1848,3952
10.39.170.33,54567,3884,58451
10.39.174.115,6626,7842,14468
10.39.176.101,391,776,1167
10.39.176.77,1112086,174529,1286615
10.39.18.203,0,3503,3503
10.39.18.28,48512,4141,52653
10.39.18.40,98974992,89134228,188109220
10.39.191.117,805,785,1590
10.39.191.168,805,785,1590
10.39.191.173,805,785,1590
10.39.191.201,805,785,1590
10.39.191.202,1709,14933,16642
10.39.191.207,324636,65937,390573
10.39.191.38,805,785,1590
10.39.202.234,6708,3924,10632
10.39.202.64,1261347,1843910,3105257
10.39.228.119,2920,1486,4406
10.39.228.216,6584139,304044,6888183
10.39.228.226,137,256,393
10.39.237.127,3008036,298233,3306269
10.39.237.129,3832453,783124,4615577
10.39.237.218,4486,11750,16236
10.39.237.225,6620331,857424,7477755
10.39.237.42,2461,1709,4170
10.39.237.80,9132964,960503,10093467
10.39.242.206,41,0,41
10.39.249.177,77714,119258,196972
10.39.26.105,16541,14277,30818
10.39.27.119,773251153,105436666,878687819
10.39.27.175,8368317,1518846,9887163
10.39.27.235,22464095,4880516,27344611
10.39.27.5,3621,23261,26882
10.39.27.65,19210,5117,24327
10.39.27.94,1948,7440,9388
10.39.28.233,2529,4695,7224
10.39.32.135,34575,1047,35622
10.39.52.203,107949,4500,112449
10.39.53.216,1041296,89365,1130661
10.39.53.38,154885,10938,165823
10.39.53.59,22813,6799,29612
10.39.56.249,6175507,1145235,7320742
10.39.6.102,471299,85358,556657
10.39.6.99,107837,16255,124092
10.39.64.115,195216,13190,208406
10.39.64.123,329518,37996,367514
10.39.64.192,3051625,141394,3193019
10.39.64.225,62268,2705,64973
10.39.64.50,3874157,132604,4006761
10.39.66.125,12344,8152,20496
10.39.66.203,31239992,1120569895,1151809887
10.39.66.42,160,280,440
10.39.66.76,0,437,437
10.39.68.122,31496515,2806601,34303116
10.39.68.197,8210,4644,12854
10.39.68.239,1794,831,2625
10.39.70.103,656,2600,3256
10.39.70.174,82,325,407
10.39.70.72,14153,7964,22117
10.39.73.140,10298,414,10712
10.39.73.35,108678,9388,118066
10.39.79.70,254372,22844,277216
10.39.80.144,56001899,73607784,129609683
10.39.80.181,75391280,18644510,94035790
10.40.110.117,63468,6548,70016
10.40.110.177,77276,4980,82256
10.40.110.207,2796,2548,5344
10.40.110.213,21484,5876,27360
10.40.110.23,62124,6948,69072
10.40.110.239,25884,6948,32832
10.40.110.38,1772,1412,3184
10.40.110.41,39496,7816,47312
10.40.120.218,4334955,101159,4436114
10.40.140.139,61696,1085696,1147392
10.40.140.166,53387,178696,232083
10.40.140.222,46082,215000,261082
10.40.140.236,41756,154944,196700
10.40.154.245,668086,70417,738503
10.40.170.104,194271,362680,556951
10.40.170.124,45669,189148,234817
10.40.170.128,30902,122888,153790
10.40.170.144,435868,300072,735940
10.40.170.158,211884,422800,634684
10.40.170.177,481252,292424,773676
10.40.170.199,35659,184736,220395
10.40.170.203,198362,409636,607998
10.40.170.211,34747,184696,219443
10.40.170.227,205908,260572,466480
10.40.170.233,33078,180320,213398
10.40.170.239,57891,214860,272751
10.40.170.36,33878,167912,201790
10.40.170.45,6365,3780,10145
10.40.170.70,57752,232416,290168
10.40.170.72,191520,252732,444252
10.40.170.80,218132,408564,626696
10.40.170.83,202351,249908,452259
10.40.170.98,206043,386724,592767
10.40.189.123,43261,3300,46561
10.40.189.35,66506,10280,76786
10.40.189.50,19037,9620,28657
10.40.194.223,169331,20946,190277
10.40.216.239,4305516,5454051,9759567
10.40.240.71,3656071,3976999,7633070
10.40.244.122,23706651,3891586,27598237
10.40.244.235,8083870,732387,8816257
10.40.244.41,348602,106214,454816
10.40.244.75,25249234,4138673,29387907
10.40.251.116,39944,7032,46976
10.40.28.125,1933,11172,13105
10.40.28.183,65832,66274,132106
10.40.28.39,5468946,387337,5856283
10.40.53.172,3709,7684,11393
10.40.53.18,6634,6232,12866
10.40.53.183,126909144,260680671,387589815
10.40.53.87,4109,4468,8577
10.40.53.99,677337,433552,1110889
10.40.54.26,477418,30808,508226
10.40.54.4,17034,6680,23714
10.40.54.85,3452,3028,6480
10.40.6.102,218628,417136,635764
10.40.6.193,206699,376408,583107
10.40.6.99,210391,399948,610339
10.40.64.158,5807574,5632248,11439822
10.40.69.118,89217,1829300,1918517
10.40.69.129,52175,1794260,1846435
10.40.69.252,60980,1809720,1870700
10.40.69.90,76264,1079456,1155720
10.40.84.29,89393,289016,378409
10.40.84.84,110889,291088,401977
10.40.89.95,1677,900,2577
10.40.93.66,3994,3464,7458
10.41.240.128,805,785,1590
10.41.240.177,74000,44286,118286
10.41.240.9,0,785,785
10.41.68.88,3553,4193,7746
10.41.70.145,0,785,785
10.41.70.184,805,785,1590
10.41.70.222,3515,3633,7148
10.41.70.234,805,785,1590
10.41.70.27,805,785,1590
10.41.70.31,805,785,1590
10.41.70.62,805,785,1590
10.41.70.69,2821,2457,5278
10.41.70.88,805,785,1590
10.42.130.13,1850,568,2418
10.42.130.186,53945,10624,64569
10.42.130.230,832,1202,2034
10.42.237.213,149020429,142940004,291960433
10.42.32.18,4189,4742453,4746642
10.42.32.210,19544,10472,30016
10.42.33.176,3200,2418,5618
10.42.35.135,1771201,425434,2196635
10.42.35.192,78249,34457,112706
10.42.47.241,18186,10712,28898
10.42.86.178,3069,4886,7955
10.42.86.228,228,324,552
10.42.86.230,2786,4370,7156
10.42.99.251,22796929,1088537,23885466
10.42.99.59,1409713,18720,1428433
10.43.126.114,217124,416268,633392
10.43.126.242,195465,387532,582997
10.43.126.248,198375,236400,434775
10.43.126.72,219506,276340,495846
10.43.126.76,206172,398524,604696
10.43.126.83,194895,250776,445671
10.43.175.149,2454694,2644962,5099656
10.43.207.133,93065,1831564,1924629
10.43.207.145,49784,1081184,1130968
10.43.207.214,55911,1802892,1858803
10.43.207.228,56719,185996,242715
10.43.207.232,1270804,2375916,3646720
10.43.207.234,55003,301996,356999
10.43.207.238,81089,1828996,1910085
10.43.207.63,65628,197969,263597
10.43.207.93,92086,1831128,1923214
10.43.24.211,2208,549,2757
10.43.251.18,5201,7739,12940
10.43.253.193,23349,75546,98895
10.43.34.120,39959,29855,69814
10.43.34.131,58597,1139268,1197865
10.43.36.134,3341,2980,6321
10.43.67.124,7576,10902,18478
10.43.88.10,205193,386240,591433
10.43.88.116,44293,189940,234233
10.43.88.159,41981,188572,230553
10.43.88.169,219796,418008,637804
10.43.88.180,214868,397544,612412
10.43.88.219,206406,411996,618402
10.43.88.233,1677,900,2577
10.43.88.37,60577,212784,273361
10.44.139.126,3595,4193,7788
10.45.1.115,4136,3160,7296
10.45.1.123,4136,3208,7344
10.45.1.176,3786,2408,6194
10.45.1.232,4298,3160,7458
10.45.1.80,4136,3160,7296
10.45.110.145,4136,3160,7296
10.45.110.151,2189,1764,3953
10.45.110.155,4136,3208,7344
10.45.110.17,4136,3208,7344
10.45.110.184,4136,3208,7344
10.45.110.194,4136,3208,7344
10.45.110.198,4136,3160,7296
10.45.110.216,4298,3208,7506
10.45.110.224,4136,3208,7344
10.45.110.234,4136,3160,7296
10.45.110.237,4136,3160,7296
10.45.110.240,4298,3208,7506
10.45.110.254,4136,3208,7344
10.45.110.49,2028,1444,3472
10.45.110.58,1836,1332,3168
10.45.110.62,4136,3208,7344
10.45.110.69,4136,3208,7344
10.45.110.88,4136,3160,7296
10.45.110.94,4136,3208,7344
10.45.111.0,4136,3208,7344
10.45.139.209,1772,1188,2960
10.45.139.47,4136,3208,7344
10.45.18.108,4136,3208,7344
10.45.18.110,4136,3160,7296
10.45.18.112,4136,3160,7296
10.45.18.116,4136,3160,7296
10.45.18.13,4136,3208,7344
10.45.18.131,4136,3208,7344
10.45.18.132,4136,3208,7344
10.45.18.135,2108,1764,3872
10.45.18.14,4136,3160,7296
10.45.18.149,4136,3160,7296
10.45.18.15,2108,1716,3824
10.45.18.162,4136,3160,7296
10.45.18.169,4136,3160,7296
10.45.18.176,4136,3208,7344
10.45.18.18,1677,1716,3393
10.45.18.180,4136,3160,7296
10.45.18.186,4136,3160,7296
10.45.18.203,2914,3208,6122
10.45.18.223,4232,3208,7440
10.45.18.225,4136,3208,7344
10.45.18.247,4136,3208,7344
10.45.18.30,4136,3208,7344
10.45.18.34,25165,3348,28513
10.45.18.55,3624,2360,5984
10.45.18.56,4136,3208,7344
10.45.18.7,4298,3208,7506
10.45.18.80,4136,3208,7344
10.45.18.82,4136,3208,7344
10.45.18.85,4298,3208,7506
10.45.18.86,4136,3208,7344
10.45.18.92,4298,3208,7506
10.45.54.151,4136,3160,7296
10.46.184.126,192,66,258
10.46.184.18,192,66,258
10.46.184.206,192,66,258
10.46.185.153,672,0,672
10.46.245.2,106934,1772,108706
10.46.54.180,147,0,147
10.46.54.208,126,0,126
10.46.6.225,42099,54515,96614
10.46.6.86,6546,5537,12083
10.46.6.87,70726,130011,200737
10.47.1.183,2844,3076,5920
10.47.187.139,49689597,71029910,120719507
10.47.6.80,52244,26000,78244
10.48.110.228,2893521,205883650,208777171
10.48.110.59,183612,8500,192112
10.48.35.58,106699296,20572209,127271505
10.49.126.80,62429577,9770156,72199733
10.49.137.108,746,360,1106
10.49.137.114,175177979,214911497,390089476
10.49.137.118,5596,3424,9020
10.49.137.129,270010,7081,277091
10.49.137.131,2750467566,107615387,2858082953
10.49.137.141,3240394,966349,4206743
10.49.137.148,7692,1113,8805
10.49.137.163,27193423,4748,27198171
10.49.137.164,660,443,1103
10.49.137.188,40738821860,194781496,40933603356
10.49.137.191,56643,5793,62436
10.49.137.192,63372,3159,66531
10.49.137.197,11450770,1164434,12615204
10.49.137.202,231449,420500,651949
10.49.137.210,286308,127258,413566
10.49.137.212,21428,805,22233
10.49.137.223,194060,2581,196641
10.49.137.240,50542885,18457704,69000589
10.49.137.242,5316909,3261710,8578619
10.49.137.249,93690,951960,1045650
10.49.137.253,11658505,2692,11661197
10.49.137.255,872,427,1299
10.49.137.26,13824292,2901644,16725936
10.49.137.33,1532686,14896,1547582
10.49.137.37,693005,32620,725625
10.49.137.40,31076,306834,337910
10.49.137.45,754250945,2249247,756500192
10.49.137.54,144200,18627,162827
10.49.137.57,452308,5451,457759
10.49.137.65,45952,4262,50214
10.49.137.78,11556,1096,12652
10.49.137.79,4391170,1043271,5434441
10.49.137.94,681745,45816,727561
10.49.146.199,25917660,12900262,38817922
10.49.148.102,7484,1439,8923
10.49.148.103,18090,4531,22621
10.49.148.105,6433,1559,7992
10.49.148.126,12157,3061,15218
10.49.148.131,512987538,466162444,979149982
10.49.148.148,1750209,688769,2438978
10.49.148.167,9216,1904,11120
10.49.148.170,3221,1137,4358
10.49.148.191,1738,1034,2772
10.49.148.200,4693,1167,5860
10.49.148.206,6423,1701,8124
10.49.148.26,9239,2001,11240
10.49.148.41,8150,3227,11377
10.49.148.7,12735,2958,15693
10.49.148.78,4144235,869679685,873823920
10.49.148.79,4668,1148,5816
10.49.148.8,7484,1439,8923
10.49.148.81,12735,2800,15535
10.49.148.96,4677,1116,5793
10.49.148.98,82456,1526,83982
10.49.148.99,4689,1137,5826
10.49.171.123,1132179557,949670,1133129227
10.49.174.120,267984,203968,471952
10.49.174.123,25025625,11044418,36070043
10.49.174.126,222747,45786,268533
10.49.174.148,171682,112582,284264
10.49.174.157,8660836,4070684,12731520
10.49.174.162,159216,49036,208252
10.49.174.175,15933118,3364503,19297621
10.49.174.176,2004,1529,3533
10.49.174.189,190139,5519,195658
10.49.174.192,59496,8628,68124
10.49.174.21,312292,68806,381098
10.49.174.223,223422,167881,391303
10.49.174.232,150856,69169,220025
10.49.174.67,121188,44184,165372
10.49.174.80,151941917,356235856,508177773
10.49.174.9,88638260,15086965,103725225
10.49.179.107,50870,5242,56112
10.49.179.11,12227104,8358,12235462
10.49.179.110,5154746,900262,6055008
10.49.179.123,314446,12003,326449
10.49.179.13,18646,2018,20664
10.49.179.16,7016571,577427,7593998
10.49.179.166,1218453,8198,1226651
10.49.179.223,56508,1907,58415
10.49.179.44,878820,6665,885485
10.49.180.1,19302,1114,20416
10.49.180.18,47156774,8183829,55340603
10.49.180.182,22101,8128,30229
10.49.180.192,100000444,121480872,221481316
10.49.180.196,6938,3258,10196
10.49.188.128,5617832,1760195,7378027
10.49.207.115,497047,16172,513219
10.49.207.21,6903243,258976,7162219
10.49.207.50,3667035,401502,4068537
10.49.207.80,1530825,5889117,7419942
10.49.21.123,4002485,3892648,7895133
10.49.21.125,71509691,4032825,75542516
10.49.21.157,637,1138,1775
10.49.21.252,248028,6859,254887
10.49.212.107,35679,2430,38109
10.49.212.13,871808,26651,898459
10.49.212.14,94407,7350,101757
10.49.212.30,2381942,58288,2440230
10.49.212.32,737573,7637,745210
10.49.216.12,53662387,13111181,66773568
10.49.216.129,85112941,13442042,98554983
10.49.216.13,896,1471,2367
10.49.216.130,9547983,10076857,19624840
10.49.216.137,192428,1793,194221
10.49.216.15,740,1135,1875
10.49.216.228,896,1475,2371
10.49.216.234,263033,263035,526068
10.49.216.241,793,1471,2264
10.49.216.48,740,1138,1878
10.49.217.3,130852151,95098047,225950198
10.49.22.118,2441,764,3205
10.49.22.147,307989418,18411705003,18719694421
10.49.22.199,4495,1151,5646
10.49.22.34,2246,2054,4300
10.49.22.87,1455911396,87470833,1543382229
10.49.223.117,599061419,18231014,617292433
10.49.223.124,6142465,163259,6305724
10.49.223.131,546,696,1242
10.49.223.133,3497684,351283,3848967
10.49.223.138,152258,25107,177365
10.49.223.139,22582,4695,27277
10.49.223.140,34166,217804,251970
10.49.223.145,1799646,13596240,15395886
10.49.223.158,148391,65640,214031
10.49.223.16,746,390,1136
10.49.223.167,11867,1816,13683
10.49.223.17,4853,7945,12798
10.49.223.177,207056,245192,452248
10.49.223.180,27197,11617,38814
10.49.223.181,2171,2746,4917
10.49.223.182,885447996,3166064,888614060
10.49.223.184,114934,1116,116050
10.49.223.196,685,1377,2062
10.49.223.200,377970,4278,382248
10.49.223.201,58942224,8340264,67282488
10.49.223.202,343748,5737,349485
10.49.223.208,117601,22949,140550
10.49.223.221,55638,26404,82042
10.49.223.222,2951,781,3732
10.49.223.228,12186,2708,14894
10.49.223.234,61773608,15119020,76892628
10.49.223.236,531109,114222,645331
10.49.223.24,16362443,2654745,19017188
10.49.223.245,95026,168395,263421
10.49.223.255,1849877,7013,1856890
10.49.223.33,15715,6724,22439
10.49.223.38,28262,2293,30555
10.49.223.39,1096297,115836,1212133
10.49.223.46,2650,1233,3883
10.49.223.47,5170,805,5975
10.49.223.53,122594,7508,130102
10.49.223.59,963314,10949,974263
10.49.223.64,506571,212907,719478
10.49.223.71,353233975,72380399,425614374
10.49.223.72,11637,1116,12753
10.49.223.74,636,523,1159
10.49.223.86,173297,7581,180878
10.49.223.93,14757,1894,16651
10.49.223.98,4451203,72142839,76594042
10.49.224.4,270028,463773,733801
10.49.229.18,12013,1823,13836
10.49.229.192,4674182,890433,5564615
10.49.231.175,294411,39418,333829
10.49.231.188,0,428,428
10.49.231.7,17122,2876,19998
10.49.231.9,47873020,9157213,57030233
10.49.253.107,103976100,4115505,108091605
10.49.253.115,21,0,21
10.49.253.118,2811,1431,4242
10.49.253.12,1383,1628,3011
10.49.253.120,184875905,16609722,201485627
10.49.253.127,402542986,42227172,444770158
10.49.253.129,8200400,492508,8692908
10.49.253.133,132668833,17405534,150074367
10.49.253.134,92,0,92
10.49.253.136,92,0,92
10.49.253.147,2811,1255,4066
10.49.253.157,1451798,3590676,5042474
10.49.253.166,6468,8383,14851
10.49.253.175,1963434296,171653389,2135087685
10.49.253.18,144,506,650
10.49.253.189,214302,10685,224987
10.49.253.192,3832,2775,6607
10.49.253.199,332306,20637,352943
10.49.253.204,4093,1395,5488
10.49.253.210,2811,1431,4242
10.49.253.217,21530,4000,25530
10.49.253.223,14778,793,15571
10.49.253.225,7944,1641,9585
10.49.253.245,287322,4856,292178
10.49.253.252,2939,2342,5281
10.49.253.255,5372,9250,14622
10.49.253.37,475706,3846,479552
10.49.253.46,33413225,17098328,50511553
10.49.253.53,20876697,44872220,65748917
10.49.253.55,20542247,9997987,30540234
10.49.253.7,101716117,24540,101740657
10.49.253.70,138779,38154,176933
10.49.253.77,60501360,13373189,73874549
10.49.253.78,20,0,20
10.49.253.80,9691,5130,14821
10.49.253.86,3696,1623,5319
10.49.253.87,5136,2516,7652
10.49.253.90,518,524,1042
10.49.255.115,383287,8946,392233
10.49.255.35,354602,27192,381794
10.49.34.120,746,384,1130
10.49.34.128,7485,1434,8919
10.49.34.20,89260,15228,104488
10.49.34.233,23550871,21734310,45285181
10.49.34.44,1460,427,1887
10.49.34.67,3351,1090,4441
10.49.36.103,6424,1591,8015
10.49.36.123,312889,7036017,7348906
10.49.36.144,46322,1949,48271
10.49.36.148,479634,18656,498290
10.49.36.165,348779697,10406715,359186412
10.49.36.186,11556,1096,12652
10.49.36.193,184427,4393,188820
10.49.36.199,44043,1807,45850
10.49.36.204,90343,5796,96139
10.49.36.21,370538,19373,389911
10.49.36.211,36137,3954,40091
10.49.36.55,379687,7897,387584
10.49.36.80,1065586,135183974,136249560
10.49.43.118,159387,2509,161896
10.49.43.140,438,419,857
10.49.43.192,565,1608,2173
10.49.43.202,14541,3652,18193
10.49.43.204,9731,2282,12013
10.49.43.221,578619,20872,599491
10.49.43.233,12159,432,12591
10.49.43.241,13229,4145,17374
10.49.43.37,699168,22214,721382
10.49.43.44,21798,2170,23968
10.49.43.78,13056,3311,16367
10.49.43.93,39133,4790,43923
10.49.43.94,15589,870,16459
10.49.45.10,157352957,129966700,287319657
10.49.45.110,3544466,77550,3622016
10.49.45.113,412518,20965,433483
10.49.45.127,1301380,32101,1333481
10.49.45.132,379683,139383,519066
10.49.45.166,1632867,2632833,4265700
10.49.45.168,4332862,415145,4748007
10.49.45.171,12828,4435,17263
10.49.45.199,1374457,85669,1460126
10.49.45.201,4874,3205,8079
10.49.45.222,282817,59889,342706
10.49.45.236,79507,4746305,4825812
10.49.45.244,100346,1422,101768
10.49.45.250,473179640,842716,474022356
10.49.45.253,594494,296034,890528
10.49.45.37,1107356,3812654,4920010
10.49.45.47,76756,7353,84109
10.49.45.56,7068,2206,9274
10.49.45.78,809,412,1221
10.49.45.79,248721,99355,348076
10.49.45.82,728382,12933,741315
10.49.53.199,87141,11655,98796
10.49.53.21,492107,10758,502865
10.49.56.126,5358046,134288,5492334
10.49.58.128,1917372,679848,2597220
10.49.58.162,13514505,46312,13560817
10.49.58.175,3559989,56111,3616100
10.49.58.233,495040910,145653486,640694396
10.49.81.134,5743931,46258,5790189
10.49.81.148,7527819,614794,8142613
10.49.81.158,269616065,439803783,709419848
10.49.81.232,966414716,163894622,1130309338
10.49.81.35,1957,1164,3121
10.49.81.78,234668,1905,236573
10.49.88.126,1881101277,1370206,1882471483
10.49.88.162,4634335761,208116538,4842452299
10.49.88.199,3283707,60255,3343962
10.49.88.210,1173138,91157,1264295
10.49.88.95,30225060,7447921,37672981
10.49.93.199,896,1474,2370
10.50.103.17,496212,1039,497251
10.50.113.26,15806,1039,16845
10.50.115.151,39152,1210,40362
10.50.115.18,139394,1037,140431
10.50.115.192,111339,1037,112376
10.50.115.232,11680,1037,12717
10.50.125.119,18351,1039,19390
10.50.125.160,12451,1039,13490
10.50.125.207,3126,544,3670
10.50.125.88,16184,1039,17223
10.50.130.195,44875,1049,45924
10.50.185.135,111049,1037,112086
10.50.185.248,158055,1039,159094
10.50.185.35,16816,1037,17853
10.50.186.3,1563,272,1835
10.50.245.228,20950,1049,21999
10.50.245.233,21313,1047,22360
10.50.245.56,113625,1037,114662
10.50.246.14,74825,1208,76033
10.50.246.173,13518,1039,14557
10.50.26.192,19170881,1370056,20540937
10.50.26.95,3301934,30959,3332893
10.50.32.15,16611,1037,17648
10.50.32.249,1882733,1039,1883772
10.50.32.56,29123,2310,31433
10.50.35.119,8252,2964,11216
10.50.35.60,2108,3396,5504
10.50.48.9,3335,1037,4372
10.50.52.105,16807,1039,17846
10.50.52.30,20544962,5980207,26525169
10.50.63.113,9726,9556,19282
10.50.69.125,81466,1223,82689
10.50.69.172,6904,7298,14202
10.50.85.134,274443,7191,281634
10.50.85.157,309864,7201,317065
10.50.85.229,220595,7201,227796
10.50.85.78,214060,7191,221251
10.50.86.203,2300,272,2572
10.50.99.144,16835,1039,17874
10.50.99.63,31560,870,32430
10.50.99.66,91310,1221,92531
10.51.120.21,58808,55720,114528
10.51.194.120,50932,27565873,27616805
10.51.194.86,80992,72917,153909
10.51.65.131,75833726,22692601,98526327
10.52.143.173,2237,6516,8753
10.52.143.202,108277,11116,119393
10.52.226.207,14938380,15735653,30674033
10.52.23.128,39336,5324,44660
10.52.23.162,11601,1555,13156
10.52.23.182,19032,3066,22098
10.52.23.230,1136399,1760007,2896406
10.52.237.5,580,700,1280
10.52.247.207,4399929,40312,4440241
10.52.247.214,8501,2346,10847
10.52.247.94,137,256,393
10.52.248.4,323,768,1091
10.52.26.126,34057,322,34379
10.52.26.154,1042987,61282,1104269
10.52.26.231,3454431,73411,3527842
10.52.26.67,66370,32986,99356
10.52.28.103,406502,623632,1030134
10.52.35.159,252,993,1245
10.52.35.221,32394,443,32837
10.52.35.46,38272,1111,39383
10.52.47.149,41172,67767,108939
10.52.47.166,19314,28414,47728
10.52.47.44,445278,727919,1173197
10.52.47.82,1342602,2206807,3549409
10.52.48.14,9924,2049,11973
10.53.120.163,89134,262456,351590
10.53.120.38,181410,297640,479050
10.53.197.10,440768,432956,873724
10.53.197.154,240108,459284,699392
10.53.197.19,54691,231000,285691
10.53.197.229,51246,214736,265982
10.53.197.250,57768,232416,290184
10.53.197.34,349240,464596,813836
10.54.126.43,13810,3649,17459
10.54.148.107,18935,4246,23181
10.54.148.226,26894,4849,31743
10.54.148.240,31032,10964,41996
10.54.148.246,30810,10602,41412
10.54.148.82,41982,10466,52448
10.54.167.145,0,0,0
10.54.167.24,24625,4652,29277
10.54.167.40,0,0,0
10.54.167.42,19078,4061,23139
10.54.167.62,111928,32957,144885
10.54.171.161,0,0,0
10.54.171.181,8987,6633,15620
10.54.171.89,14011,728,14739
10.54.175.241,23750,6546,30296
10.54.175.65,17662,4991,22653
10.54.180.107,11152,3462,14614
10.54.180.230,0,0,0
10.54.20.108,49653,1591,51244
10.54.20.115,16363,1144,17507
10.54.20.169,43740,1219,44959
10.54.20.48,86640,25965,112605
10.54.20.56,2053,181,2234
10.54.207.218,0,0,0
10.54.207.235,7182,2113,9295
10.54.21.113,23197,1456,24653
10.54.21.173,0,0,0
10.54.21.184,0,0,0
10.54.21.213,0,0,0
10.54.21.83,10744,1215,11959
10.54.216.120,6101,421,6522
10.54.216.9,55168,15311,70479
10.54.22.100,85982,26209,112191
10.54.22.141,2620,243,2863
10.54.22.243,0,0,0
10.54.22.90,50292,15141,65433
10.54.24.162,3450,416,3866
10.54.24.233,0,0,0
10.54.244.162,26047,697,26744
10.54.244.20,9070,3816,12886
10.54.244.239,20420,5787,26207
10.54.244.94,169470,29894,199364
10.54.251.173,0,0,0
10.54.251.30,4267,456,4723
10.54.253.152,77689,23263,100952
10.54.253.167,0,0,0
10.54.254.249,7182,2113,9295
10.54.254.78,0,0,0
10.54.36.189,7184,2148,9332
10.54.36.196,0,0,0
10.54.36.78,5987,2108,8095
10.54.43.168,0,0,0
10.54.45.143,38759,11012,49771
10.54.45.213,42006,13931,55937
10.54.45.255,46121,15402,61523
10.54.45.51,2647,195,2842
10.54.46.110,2617,482,3099
10.54.46.203,64383,5282,69665
10.54.5.144,29053,9654,38707
10.54.5.210,98361,26845,125206
10.54.5.78,594,663,1257
10.54.55.253,16454,3854,20308
10.54.55.65,1916,579,2495
10.54.57.34,15714,1446,17160
10.54.58.250,69624,19149,88773
10.54.67.154,0,0,0
10.54.67.182,6806,446,7252
10.54.67.25,21750,6366,28116
10.54.67.68,30132,5413,35545
10.54.81.141,0,0,0
10.54.81.89,4533,1916,6449
10.54.88.104,42922,12377,55299
10.54.88.7,29582,7862,37444
10.54.88.77,48486,13433,61919
10.54.88.99,29274,2104,31378
10.54.97.109,98629,14014,112643
10.54.97.178,16439,3934,20373
10.54.97.97,0,0,0
10.55.114.203,266,446,712
10.55.117.213,884059,40371,924430
10.55.118.1,20514,37062,57576
10.55.135.28,1464971,24931,1489902
10.55.135.98,656,2600,3256
10.55.155.244,55972,46521,102493
10.55.156.4,791492,236680,1028172
10.55.157.249,13974,5389,19363
10.55.157.72,1004,3794,4798
10.55.158.191,2216973,253112,2470085
10.55.158.48,45,1771,1816
10.55.163.57,5530022,2734231,8264253
10.55.201.155,226585,420820,647405
10.55.201.172,14874,9480,24354
10.55.201.194,208298,295944,504242
10.55.201.237,429396,462972,892368
10.55.201.254,148688,279576,428264
10.55.201.58,211093,414144,625237
10.55.201.69,601456,445680,1047136
10.55.206.165,252,993,1245
10.55.206.20,336,1324,1660
10.55.221.155,39351,8289,47640
10.55.221.198,21822,3449,25271
10.55.221.237,10340,2465,12805
10.55.221.58,10736,3501,14237
10.55.6.113,30751,2518,33269
10.55.6.121,5152,1911,7063
10.55.6.138,4407,1083,5490
10.55.6.168,1895,470,2365
10.55.6.220,270,1638,1908
10.55.6.246,359,533,892
10.55.94.133,2035,1333,3368
10.56.10.14,1451,309102,310553
10.56.102.95,90698,200,90898
10.56.129.86,21739,8108,29847
10.56.141.118,45908852,67634032,113542884
10.56.144.120,2967,5573,8540
10.56.144.175,6252,11552,17804
10.56.144.223,6688,10541,17229
10.56.144.233,3279,5549,8828
10.56.144.252,6576,10982,17558
10.56.148.196,8136070,8023442,16159512
10.56.157.132,1002,1854,2856
10.56.157.179,0,712,712
10.56.162.176,2441,59,2500
10.56.18.169,62417,8858,71275
10.56.185.87,20853,169,21022
10.56.186.128,104254,4372,108626
10.56.196.131,1498,719,2217
10.56.233.240,952270,6329289,7281559
10.56.233.79,11221,721,11942
10.56.252.175,38886,7224,46110
10.56.252.199,10520,756,11276
10.56.54.156,14237676,16784480,31022156
10.57.2.92,1596,964,2560
10.58.237.159,1647686735,94728048,1742414783
10.58.237.34,2039718014,97488551,2137206565
10.59.148.128,1369,344,1713
10.60.175.105,4522,408,4930
10.60.175.11,0,204,204
10.60.175.124,31888,1017,32905
10.60.175.158,0,606,606
10.60.24.158,99914,3538,103452
10.60.24.9,100644,4842,105486
10.60.28.210,93279,200,93479
10.61.246.126,3724,2788,6512
10.62.237.230,2477,2980,5457
10.62.237.46,1725,4116,5841
10.62.246.123,3900,2740,6640
10.63.35.118,5261,4260,9521
10.66.217.3,29560,13722,43282
10.67.217.3,118323,35006,153329
10.67.253.199,168781,201890,370671
10.68.217.3,48833,23326,72159
10.69.68.204,5005800,115770,5121570
10.70.216.199,63,191,254
10.71.167.176,119372,134677,254049
10.71.167.210,3432624,331462,3764086
10.71.167.95,7099177,481181,7580358
10.72.217.3,0,0,0
10.73.217.3,2953,1514,4467
10.74.217.3,5932,3052,8984
10.75.217.3,2966,1528,4494
10.76.217.3,35953,47236,83189
10.77.216.137,88766110,79298327,168064437
100.38.9.114,2538,382,2920
100.62.13.15,133224,46169,179393
101.1.16.86,3454,454,3908
101.1.29.137,8280,450,8730
101.1.31.171,828,452,1280
101.101.96.56,163551,431,163982
101.16.1.96,41,143,184
101.16.105.176,0,130,130
101.16.196.249,184161,817,184978
101.16.74.133,0,130,130
101.198.129.22,7126693,3221733,10348426
101.198.129.225,2766,784,3550
101.198.131.102,5423,2626,8049
101.198.131.233,55161,3120,58281
101.198.131.36,220365,69208,289573
101.198.151.165,16321046,2121454,18442500
101.199.100.230,1087426,63373,1150799
101.199.102.225,1294682,776141,2070823
101.199.102.227,9738,32563,42301
101.199.102.236,814948,99791,914739
101.199.102.239,4046,16214,20260
101.199.102.241,10155,471,10626
101.199.102.242,111648,108865,220513
101.199.102.246,225878,92730,318608
101.199.102.247,9683,2466,12149
101.199.102.249,5920,14491,20411
101.199.102.251,4920,40055,44975
101.199.103.141,150467,26566,177033
101.199.103.142,37508933,24307261,61816194
101.199.103.143,693,3571,4264
101.199.103.144,2604698,221631,2826329
101.199.103.147,99232,4164,103396
101.199.103.156,1613098,1216269,2829367
101.199.103.159,90679,3634,94313
101.199.103.161,135303,16201,151504
101.199.103.162,114119,408547,522666
101.199.103.164,263110,19071,282181
101.199.103.165,58558,101184,159742
101.199.103.166,11189,21926,33115
101.199.103.167,13455,23383,36838
101.199.103.168,55413,86548,141961
101.199.103.169,3888,8618,12506
101.199.103.175,1343647,462959,1806606
101.199.103.178,7442,4689,12131
101.199.103.179,2934363,408719,3343082
101.199.103.180,1243219,24271,1267490
101.199.103.181,32152,9600,41752
101.199.103.182,22620419,3340391,25960810
101.199.103.183,15431,22802,38233
101.199.103.185,147876,125685,273561
101.199.103.186,182111,182739,364850
101.199.103.187,153975,39441,193416
101.199.103.188,138812,112295,251107
101.199.103.195,660794,2003718,2664512
101.199.103.196,2108163,4952813,7060976
101.199.103.197,18704,30754,49458
101.199.103.2,746790,363511,1110301
101.199.103.200,288344,55219,343563
101.199.103.201,103346,41441,144787
101.199.103.203,96180,147845,244025
101.199.103.204,686,7630,8316
101.199.103.206,1155706,15641,1171347
101.199.103.214,22553016,2523899,25076915
101.199.103.216,795,2140,2935
101.199.103.230,128638,48137,176775
101.199.103.231,19548,610,20158
101.199.103.234,135941,28087,164028
101.199.103.237,79449,342525,421974
101.199.103.242,11708,28093,39801
101.199.103.245,45713,5906,51619
101.199.103.248,63998,9698,73696
101.199.103.250,734163,136052,870215
101.199.103.3,4310651,967882,5278533
101.199.104.2,1085273,346022,1431295
101.199.104.3,150348,12035,162383
101.199.124.159,15534,19741,35275
101.199.124.160,2484,3220,5704
101.20.95.116,41,151,192
101.200.173.62,1143710,11784,1155494
101.204.10.165,19717,1278,20995
101.204.121.179,151,222,373
101.204.145.210,41,151,192
101.204.3.221,129,222,351
101.204.4.72,129,200,329
101.204.63.199,16506,143,16649
101.204.89.184,0,68,68
101.21.217.157,123,453,576
101.21.223.17,41,151,192
101.22.134.177,41,151,192
101.22.200.133,41,151,192
101.22.234.131,82,302,384
101.224.94.125,0,277,277
101.226.103.106,0,0,0
101.226.103.114,37238484,2809157,40047641
101.226.103.115,0,42,42
101.226.103.116,3608,6371,9979
101.226.103.117,212277,106432,318709
101.226.103.124,4008515,1061492,5070007
101.226.103.125,17557,552116,569673
101.226.103.127,1291547,1201540,2493087
101.226.103.131,55004,892,55896
101.226.103.46,1050,7995,9045
101.226.103.87,0,0,0
101.226.12.229,93410664,206363,93617027
101.226.12.231,1155484,1827305,2982789
101.226.127.161,73512,3792,77304
101.226.129.146,0,0,0
101.226.129.147,0,0,0
101.226.129.151,3048,2078,5126
101.226.129.176,16025,54550,70575
101.226.129.185,2738509,1226293,3964802
101.226.129.187,185661,58085,243746
101.226.129.188,3785,6729,10514
101.226.129.189,228,8232,8460
101.226.129.190,293965,64043,358008
101.226.129.191,55992,29774,85766
101.226.129.195,17294986,4899035,22194021
101.226.129.203,26197,57147,83344
101.226.129.205,756,1538,2294
101.226.129.207,404,2338,2742
101.226.129.209,3182997,695202,3878199
101.226.129.220,1687541,617073,2304614
101.226.140.189,1957,716,2673
101.226.142.34,50474,52379,102853
101.226.153.244,163680,839,164519
101.226.161.140,215016,15499,230515
101.226.161.149,12790112,28980,12819092
101.226.161.152,26058932,1775460,27834392
101.226.161.174,10136,120696,130832
101.226.161.176,58832221,314890,59147111
101.226.161.183,2827137,8574474,11401611
101.226.161.188,92175534,95753589,187929123
101.226.161.209,2766,2654,5420
101.226.161.210,1481797,1812834,3294631
101.226.161.211,83666676,75128,83741804
101.226.161.215,1340108,25809788,27149896
101.226.161.219,851469,455515,1306984
101.226.161.232,2779700,12112084,14891784
101.226.161.233,2723211,12323417,15046628
101.226.165.18,210183,174796,384979
101.226.178.105,2094682,63587,2158269
101.226.178.115,1467304,43865,1511169
101.226.178.122,107046,6613,113659
101.226.178.125,205402,14338,219740
101.226.178.145,572466,9603,582069
101.226.179.165,22080,452,22532
101.226.180.201,24856765,93728,24950493
101.226.180.203,2192,3773,5965
101.226.180.211,20360702,78517,20439219
101.226.180.55,78339,16915,95254
101.226.180.56,88043,20997,109040
101.226.180.57,22137,16793,38930
101.226.180.63,584,948,1532
101.226.180.65,775560,411,775971
101.226.180.81,1207783,180186,1387969
101.226.180.86,4020,3036,7056
101.226.180.94,314,329,643
101.226.184.110,4819395,2334,4821729
101.226.184.119,35451184,129953,35581137
101.226.184.120,4714780,25077,4739857
101.226.184.16,217062,803,217865
101.226.184.200,4488,8580,13068
101.226.184.21,36941,787,37728
101.226.184.237,226268,18311,244579
101.226.184.238,48857,5593,54450
101.226.184.240,132536,14974,147510
101.226.184.48,143921,1392,145313
101.226.184.51,9529703,5407,9535110
101.226.184.54,4213575,34811,4248386
101.226.184.55,2317602,7978,2325580
101.226.184.87,206022,1503,207525
101.226.186.45,2319655,672007,2991662
101.226.186.46,2497374,576360,3073734
101.226.196.177,3242361,3352,3245713
101.226.196.178,931316,1919,933235
101.226.196.179,2029166,591,2029757
101.226.196.211,579062,1215,580277
101.226.197.84,13800,794,14594
101.226.2.23,3149088,20113,3169201
101.226.200.65,1084062,18614,1102676
101.226.202.211,179201,3435,182636
101.226.243.20,147934,1575,149509
101.226.243.80,107568,3240,110808
101.226.248.11,5248,958,6206
101.226.248.12,281260,139241,420501
101.226.248.126,52674,1660,54334
101.226.248.132,123495,18645,142140
101.226.248.150,57691,872,58563
101.226.248.19,24623,10295,34918
101.226.248.21,170584,55922,226506
101.226.248.26,55222,43618,98840
101.226.248.27,198152,35660,233812
101.226.248.30,2597,1185,3782
101.226.248.51,263188,72648,335836
101.226.248.59,45921,123102,169023
101.226.248.61,3317,6734,10051
101.226.248.64,247686,891778,1139464
101.226.248.70,249444,103656,353100
101.226.248.72,19144,2346,21490
101.226.248.74,182801,15906,198707
101.226.248.8,521915,86461,608376
101.226.248.85,546987,156016,703003
101.226.248.9,132921,35126,168047
101.226.249.234,5376,4398,9774
101.226.250.79,43123,871,43994
101.226.251.138,3807,1013,4820
101.226.4.239,188221,38494,226715
101.226.4.251,12148,5534,17682
101.226.4.252,2743673,84678,2828351
101.226.41.80,97192,861,98053
101.226.49.128,506538,230971,737509
101.226.49.68,969697,58058,1027755
101.226.49.69,747523,42654,790177
101.226.51.117,227789,8418,236207
101.226.51.118,493827,12419,506246
101.226.52.124,23278,11009,34287
101.226.62.68,65021,111050,176071
101.226.62.69,41967,164284,206251
101.226.62.92,541092,69336,610428
101.226.63.152,260469,6312,266781
101.226.63.153,8324689,15398,8340087
101.226.63.154,2175327,6179,2181506
101.226.68.106,451603,8284,459887
101.226.68.115,1197112,76902,1274014
101.226.68.116,695660,117919,813579
101.226.68.117,0,0,0
101.226.68.42,9921,11527,21448
101.226.68.46,123663,12011,135674
101.226.68.47,892042,15274,907316
101.226.68.48,3863613,1038209,4901822
101.226.68.51,3007134,870581,3877715
101.226.68.54,340487,7584,348071
101.226.68.56,111825,1920,113745
101.226.68.57,302083,7189,309272
101.226.68.58,2128534,32567,2161101
101.226.68.66,4144098,822132,4966230
101.226.68.73,1092487,14883,1107370
101.226.68.75,328837,6192,335029
101.226.68.76,846978,18023,865001
101.226.68.78,4215,1997,6212
101.226.68.80,195711,3634,199345
101.226.68.81,313511,6786,320297
101.226.68.82,720374,91702,812076
101.226.68.83,24131,22125,46256
101.226.68.85,419255,12761,432016
101.226.76.169,118300745,78637765,196938510
101.226.76.171,29997,10061,40058
101.226.76.182,9557530,765820,10323350
101.226.76.208,974,1797,2771
101.226.76.210,651313,26374,677687
101.226.76.217,29178228,2782608,31960836
101.226.76.38,60720,1220,61940
101.226.76.39,43525,7360,50885
101.226.76.63,4632,5942,10574
101.226.76.64,2702,3571,6273
101.226.76.83,650449,599067,1249516
101.226.89.161,809942,80255,890197
101.226.89.162,136088,273976,410064
101.226.89.172,1038,3551,4589
101.226.89.174,1384,4138,5522
101.226.89.35,772778,308015,1080793
101.226.89.36,55860,96538,152398
101.226.89.46,47795,210094,257889
101.226.90.148,14385,4370,18755
101.226.90.153,124534,1818,126352
101.226.90.156,108116,53468,161584
101.226.90.198,1796615,7161,1803776
101.226.90.63,10509426,2190882,12700308
101.226.91.122,931770,1653,933423
101.226.91.22,1144963,36392,1181355
101.226.91.221,0,0,0
101.226.91.23,28040,885,28925
101.226.91.25,135453,6892,142345
101.226.97.16,368420,4527,372947
101.227.10.100,11490,28750,40240
101.227.10.113,2025,5886,7911
101.227.10.114,1425,5186,6611
101.227.10.115,1941,6887,8828
101.227.10.123,6313,20145,26458
101.227.10.124,2860,12307,15167
101.227.10.24,258,1608,1866
101.227.10.44,602787,2394350,2997137
101.227.10.45,557537,2181635,2739172
101.227.10.72,414171,1372734,1786905
101.227.10.73,736285,3023426,3759711
101.227.10.96,729945,3127152,3857097
101.227.10.99,1484291,730677,2214968
101.227.12.159,405,1885,2290
101.227.12.238,160,838,998
101.227.12.245,3531,19989,23520
101.227.121.156,0,0,0
101.227.130.120,1251045,204744,1455789
101.227.130.17,886,263,1149
101.227.130.60,1988513,36806,2025319
101.227.130.77,13043,9829,22872
101.227.131.105,10464985,862059,11327044
101.227.131.106,157387,2909154,3066541
101.227.131.109,235472,50957,286429
101.227.131.157,73503,405003,478506
101.227.131.158,511415,378513,889928
101.227.131.159,125029,309863,434892
101.227.131.160,102760,440757,543517
101.227.131.161,104323,403319,507642
101.227.131.162,98256,375632,473888
101.227.131.184,0,266,266
101.227.131.194,814,262947,263761
101.227.131.41,2934423,869113,3803536
101.227.131.45,299,202,501
101.227.131.53,9568057,2987697,12555754
101.227.131.54,220513,82947,303460
101.227.131.55,9623,11827,21450
101.227.14.102,20346,50226,70572
101.227.14.103,21629,54342,75971
101.227.14.133,208,1854,2062
101.227.14.85,42261,58379,100640
101.227.14.86,84064,80678,164742
101.227.14.87,45845,61891,107736
101.227.14.88,17157,23499,40656
101.227.14.89,23908,22337,46245
101.227.14.90,312,4960,5272
101.227.14.91,728,6286,7014
101.227.143.121,1660894,80057,1740951
101.227.143.122,1641556,91794,1733350
101.227.143.123,1561173,79262,1640435
101.227.143.128,331219,28354,359573
101.227.143.129,1080109,55226,1135335
101.227.143.130,6557336,315629,6872965
101.227.143.131,1134676,61332,1196008
101.227.143.215,0,0,0
101.227.143.35,1333660,82945,1416605
101.227.143.36,1050540,67328,1117868
101.227.143.38,7106,1138,8244
101.227.143.39,2450084,537032,2987116
101.227.143.41,528,528,1056
101.227.143.52,1457787,2128,1459915
101.227.143.53,9558,624,10182
101.227.143.54,11757,32152,43909
101.227.143.55,468,664,1132
101.227.143.62,905360,69136,974496
101.227.143.65,321799,46813,368612
101.227.15.40,297107841,4433236,301541077
101.227.15.8,395149004,5162898,400311902
101.227.151.206,90,65790,65880
101.227.16.145,1044,884,1928
101.227.16.187,155,633,788
101.227.16.189,320,1168,1488
101.227.16.198,3105,1493,4598
101.227.16.199,1916,1172,3088
101.227.160.106,9558,948,10506
101.227.160.107,111443999,78649583,190093582
101.227.160.113,12980,16353,29333
101.227.160.25,223053,6039,229092
101.227.160.28,163603,80436,244039
101.227.160.29,26194,2167,28361
101.227.160.32,1542804,761201,2304005
101.227.160.33,580,101508,102088
101.227.160.42,84661,74836,159497
101.227.160.43,214352,363757,578109
101.227.160.59,744631,38482,783113
101.227.169.108,0,0,0
101.227.169.109,0,0,0
101.227.169.159,369371,534,369905
101.227.169.164,811268,464191,1275459
101.227.169.166,2823551,1415047,4238598
101.227.169.23,304152,137192,441344
101.227.169.24,335220,143015,478235
101.227.169.25,318354,146024,464378
101.227.169.26,470747,201061,671808
101.227.169.52,304998,148169,453167
101.227.169.53,253931,172230,426161
101.227.169.54,445309,199291,644600
101.227.169.55,309048,169088,478136
101.227.172.30,656,1139,1795
101.227.172.31,416,386,802
101.227.172.57,271190,5241,276431
101.227.172.60,8032,552,8584
101.227.172.61,17606,4930,22536
101.227.173.16,2413620,352,2413972
101.227.173.17,3454609,3622,3458231
101.227.173.18,1965327,2176,1967503
101.227.173.19,7626187,9220,7635407
101.227.173.20,1846982,4714,1851696
101.227.173.21,4797731,10176,4807907
101.227.173.22,1768504,3624,1772128
101.227.173.23,9318157,9099,9327256
101.227.173.25,3892467,4361,3896828
101.227.173.26,2279760,1744,2281504
101.227.173.27,22477624,3164,22480788
101.227.173.29,2055494,1952,2057446
101.227.173.30,484881,1289,486170
101.227.173.31,13440672,6143,13446815
101.227.173.32,331694,1697,333391
101.227.173.33,8087800,7678,8095478
101.227.173.34,2814549,1534,2816083
101.227.173.35,3212395,4019,3216414
101.227.173.36,1143326,710,1144036
101.227.173.37,2279977,4351,2284328
101.227.173.38,182846,1597,184443
101.227.173.39,494,396,890
101.227.173.41,587880,579,588459
101.227.173.42,494,396,890
101.227.173.43,194385,416,194801
101.227.173.44,14116267,8182,14124449
101.227.173.45,78660,349,79009
101.227.173.66,31543,25751,57294
101.227.173.67,16447,12656,29103
101.227.175.36,0,0,0
101.227.175.47,16120,2113,18233
101.227.185.136,13346,501,13847
101.227.185.155,1734,876,2610
101.227.185.159,1882,888,2770
101.227.188.39,436,1886,2322
101.227.21.142,2943,1845,4788
101.227.21.189,1634,1492,3126
101.227.21.203,6794,4841,11635
101.227.21.215,4185,5150,9335
101.227.21.216,8268,9185,17453
101.227.21.218,310,1569,1879
101.227.21.241,1635,2328,3963
101.227.22.162,394072,13324,407396
101.227.22.163,348315,12516,360831
101.227.22.164,714705,30247,744952
101.227.23.41,2385,2222,4607
101.227.23.42,1308,820,2128
101.227.23.85,475,3508,3983
101.227.23.86,155,1026,1181
101.227.23.88,475,1800,2275
101.227.23.95,2071,1174,3245
101.227.23.98,13017,4868,17885
101.227.244.93,236988,4124,241112
101.227.249.243,2684,476,3160
101.227.30.8,4032,4819,8851
101.227.32.9,11080,20073,31153
101.227.52.247,4809625,1121263,5930888
101.227.53.3,1597597,77980,1675577
101.227.59.244,100464,542,101006
101.227.60.119,9727,1091,10818
101.227.61.180,5840,660,6500
101.227.62.16,577501,741,578242
101.227.62.182,27612,974,28586
101.227.62.204,13140,883,14023
101.227.64.230,0,0,0
101.227.66.152,601651,148989,750640
101.227.66.153,549377,161379,710756
101.227.66.154,549752,142145,691897
101.227.66.155,581701,148426,730127
101.227.66.156,514369,130992,645361
101.227.66.157,550155,142319,692474
101.227.66.163,517168,151290,668458
101.227.66.166,277087,190779,467866
101.227.66.167,214855,150164,365019
101.227.66.174,542664,139113,681777
101.227.68.199,1026188,6973,1033161
101.227.68.204,869584,18227,887811
101.227.73.111,719575,320037,1039612
101.227.8.27,4589,2859,7448
101.227.8.61,77389,10046,87435
101.227.8.65,2659,3137,5796
101.227.9.112,213,1493,1706
101.228.123.192,425,276,701
101.228.192.159,14720,22194,36914
101.228.208.107,232,153,385
101.228.218.203,79144,34141,113285
101.228.42.81,473,312,785
101.229.131.252,238,158,396
101.229.179.203,239,154,393
101.229.191.2,312,744,1056
101.229.213.249,205,400,605
101.229.241.124,184,274,458
101.229.97.43,1234,2407,3641
101.23.133.20,8891,101,8992
101.23.170.170,74,285,359
101.23.185.235,89,106,195
101.23.191.141,85,85,170
101.23.252.89,0,68,68
101.23.38.207,41,143,184
101.230.5.200,260582,1356,261938
101.231.165.231,129987,404,130391
101.231.188.251,9537,53,9590
101.231.72.224,11040,948,11988
101.231.77.182,17340,16462,33802
101.231.77.183,1172,2007,3179
101.24.11.215,123,453,576
101.24.190.254,41,151,192
101.24.196.152,41,151,192
101.24.231.66,2052,584,2636
101.25.79.159,22,250,272
101.251.193.106,1575985,149055,1725040
101.251.193.107,2861652,231931,3093583
101.251.195.224,0,0,0
101.251.196.18,17236,761,17997
101.251.196.24,718057,7707,725764
101.251.196.32,3416,1384,4800
101.251.196.95,349273,33069,382342
101.251.197.104,116020,1125,117145
101.251.200.33,102924,682,103606
101.251.201.95,631133,4294,635427
101.251.204.130,374529,330038,704567
101.251.204.131,366891,340608,707499
101.251.204.135,2006,4635,6641
101.251.204.136,897,2077,2974
101.251.205.44,2053,284,2337
101.251.207.171,4750,11011,15761
101.251.212.126,207478,209281,416759
101.251.212.127,189848,196957,386805
101.251.225.209,5439,886,6325
101.251.225.220,353208,9284,362492
101.251.226.152,40112,900,41012
101.251.230.247,11248,42088,53336
101.251.230.248,2124,2727,4851
101.251.233.206,346215,2520,348735
101.251.233.207,139700,2220,141920
101.251.233.210,8913,4010,12923
101.251.233.213,11438,8291,19729
101.251.236.15,529877,12212,542089
101.251.239.91,712,181,893
101.251.96.63,700699,26244,726943
101.254.23.33,17266,24827,42093
101.254.23.34,52788,15569,68357
101.254.31.10,702420,161,702581
101.254.31.9,46969,34227,81196
101.26.37.112,23952,7032,30984
101.28.210.214,41,151,192
101.28.252.216,144289,1688,145977
101.28.252.9,8518,864,9382
101.29.152.71,41,151,192
101.29.196.148,41,151,192
101.29.203.242,41,151,192
101.36.89.46,1008795,387912,1396707
101.36.89.47,1001991,344103,1346094
101.36.89.52,58744,31569,90313
101.36.92.105,53820,1344,55164
101.36.92.111,550,693,1243
101.36.92.25,2714186,561459,3275645
101.4.56.113,5656,5965,11621
101.55.25.148,35880,454,36334
101.55.27.16,192098,20660,212758
101.55.31.178,16560,1011,17571
101.55.32.18,286949,12673,299622
101.55.71.56,149306,6475,155781
101.64.32.253,0,130,130
101.65.179.4,164,572,736
101.65.231.4,41,151,192
101.66.219.189,0,234,234
101.68.202.29,5969,1297,7266
101.68.46.15,41,143,184
101.68.96.12,164,572,736
101.69.118.12,41,151,192
101.69.172.17,68015,665,68680
101.69.172.25,13117,839,13956
101.69.173.76,1485492,60457,1545949
101.69.180.142,1103,2156,3259
101.69.185.243,66261,9338,75599
101.70.152.42,34099,434,34533
101.70.39.227,1248,1155,2403
101.71.192.247,232989,17352,250341
101.71.201.122,41,143,184
101.71.231.55,41,151,192
101.71.8.139,3615,6436,10051
101.71.82.52,14,74,88
101.71.83.176,23,86,109
101.73.225.119,41,143,184
101.77.186.54,24840,454,25294
101.78.211.57,16560,446,17006
101.78.231.193,738658,44175,782833
101.80.109.10,511603,2973,514576
101.80.142.141,0,68,68
101.80.190.207,12717,2990951,3003668
101.80.198.148,104,201,305
101.80.222.27,1121,2207,3328
101.80.234.36,817,1599,2416
101.80.74.195,1329,2805,4134
101.81.30.146,6626358,110094,6736452
101.81.64.19,410,801,1211
101.81.83.205,717,1398,2115
101.85.28.153,310,603,913
101.85.71.124,5634,12690,18324
101.86.169.150,614,1201,1815
101.86.98.230,1533,3004,4537
101.87.145.75,409,800,1209
101.87.234.221,102,202,304
101.89.152.77,19078,102,19180
101.89.16.221,0,68,68
101.92.46.122,41,143,184
101.92.62.140,9537,53,9590
101.93.49.166,101,200,301
101.94.11.92,18090,27569,45659
101.94.15.222,22,30,52
101.94.164.240,85,85,170
101.94.167.124,706,468,1174
101.94.193.15,285,429,714
101.94.198.61,5796,8631,14427
101.94.199.217,9537,53,9590
101.94.217.136,9537,53,9590
101.94.218.124,1241,933,2174
101.94.248.144,19074,105,19179
101.94.250.39,5416,346006,351422
101.94.251.57,35229,1063,36292
101.94.253.81,310,596,906
101.94.253.93,307,749,1056
101.94.254.150,306,603,909
101.94.254.226,200,123,323
101.94.29.109,1006826,5038,1011864
101.94.34.209,1419,930,2349
101.94.34.22,667,398,1065
101.94.34.82,0,604,604
101.94.36.207,184,274,458
101.94.4.241,9537,53,9590
101.94.48.135,33941,595,34536
101.95.47.11,0,0,0
101.98.9.103,333,6812,7145
103.1.217.30,0,1296,1296
103.10.85.46,972304,4444,976748
103.10.86.14,42160,1336,43496
103.10.86.41,5237,518,5755
103.10.87.94,20700,450,21150
103.11.100.13,3012,1153,4165
103.11.101.117,578334,11696,590030
103.15.158.205,786,22074,22860
103.15.158.206,89895,36908,126803
103.15.158.213,212040,72407,284447
103.15.200.10,2275,1133,3408
103.15.200.11,1518,1479,2997
103.15.200.126,882,3428,4310
103.15.200.128,756,2187,2943
103.15.200.13,235,515,750
103.15.200.132,1334,3233,4567
103.15.200.137,1360,4124,5484
103.15.200.138,0,0,0
103.15.200.14,3324,2111,5435
103.15.200.140,1088,3267,4355
103.15.200.15,235,528,763
103.15.200.153,2000,8127,10127
103.15.200.155,533,4204,4737
103.15.200.156,140,626,766
103.15.200.16,181,632,813
103.15.200.17,1432,424,1856
103.15.200.18,0,0,0
103.15.200.20,936,2634,3570
103.15.200.22,0,0,0
103.15.200.27,230,437,667
103.15.200.29,1175,4090,5265
103.15.200.30,0,0,0
103.15.200.34,1175,3023,4198
103.15.200.37,940,2629,3569
103.15.200.38,705,2637,3342
103.15.200.40,235,640,875
103.15.200.43,272,1439,1711
103.15.200.45,9006,20313,29319
103.15.200.46,940,2875,3815
103.15.200.47,2844,6688,9532
103.15.200.49,1896,1640,3536
103.15.200.50,233,540,773
103.15.200.51,34928,2249,37177
103.15.200.53,6317,12066,18383
103.15.200.55,470,836,1306
103.15.200.56,1840,5968,7808
103.15.200.9,250,712,962
103.15.201.116,470,943,1413
103.15.201.14,1150,4207,5357
103.15.201.163,4503,4164,8667
103.15.201.164,924,2058,2982
103.15.201.62,9761,12939,22700
103.15.202.126,9576,1150,10726
103.15.202.127,10003,1486,11489
103.15.202.62,1572,730,2302
103.16.124.128,8979,1623,10602
103.16.124.73,3485,889,4374
103.16.125.55,3272,520,3792
103.17.116.117,11649,2717,14366
103.17.40.167,20563,732,21295
103.17.40.175,40506,104982,145488
103.17.43.16,932701,39688,972389
103.17.43.19,597491,6794,604285
103.17.43.9,1173781,11775,1185556
103.20.192.102,175898,18512,194410
103.20.194.193,336,476,812
103.20.250.45,122262,24587,146849
103.20.250.47,103567,68352,171919
103.20.93.134,1019174,1149197,2168371
103.21.136.21,998,372,1370
103.21.136.88,8236,448,8684
103.21.140.54,326593,21913,348506
103.21.208.81,0,884,884
103.21.88.235,158645,6143,164788
103.21.90.238,5768,835,6603
103.22.188.182,8326,14112,22438
103.22.191.203,165369,14077,179446
103.22.252.20,324807,9390,334197
103.22.252.21,281988,56470,338458
103.224.212.247,3644,1264,4908
103.224.22.104,412181,1860,414041
103.224.22.18,262405,6848,269253
103.224.248.237,12376,11833,24209
103.224.248.240,20577,13050,33627
103.224.248.51,24660,705,25365
103.224.83.223,6856,462,7318
103.227.78.232,0,0,0
103.227.79.23,35994,6931,42925
103.228.64.179,80471,1380,81851
103.228.71.23,17940,458,18398
103.228.71.238,4672,450,5122
103.229.140.105,4930,5214,10144
103.229.140.71,76344,699698,776042
103.229.140.72,3166,4387,7553
103.229.140.76,0,0,0
103.229.140.77,2110186,786843,2897029
103.229.140.78,4527174,293673,4820847
103.229.140.79,2570802,206232,2777034
103.229.140.84,603596,448134,1051730
103.229.140.85,70027,315168,385195
103.229.140.89,135760,487852,623612
103.229.140.99,33845,166750,200595
103.229.146.238,14380,394,14774
103.229.206.2,11215,9263,20478
103.229.206.3,13536,10874,24410
103.229.206.89,7472,10478,17950
103.229.206.90,43905,22015,65920
103.229.206.91,7597,8926,16523
103.23.108.115,323,656,979
103.23.108.119,377,1034,1411
103.23.108.124,2400,662,3062
103.23.108.145,833,604,1437
103.23.108.177,1400,612,2012
103.23.108.185,2068,739,2807
103.23.108.186,35090,8757,43847
103.23.108.197,934,708,1642
103.23.108.225,0,1043,1043
103.23.108.229,0,3352,3352
103.230.110.44,1656,263,1919
103.230.138.47,145464,17826,163290
103.231.12.158,380,390,770
103.232.215.137,41031,916,41947
103.232.215.140,63062,1374,64436
103.233.249.24,323445,25222,348667
103.233.80.53,568,322,890
103.233.81.15,745875,2345,748220
103.233.81.18,46434,10324,56758
103.233.98.45,726,441,1167
103.238.227.198,2934,230,3164
103.24.228.196,17152,450,17602
103.24.251.145,102128,20773,122901
103.24.95.1,22801,1166,23967
103.240.156.227,932372,129692,1062064
103.240.181.212,10996,456,11452
103.240.182.215,1584,900,2484
103.241.49.186,7378,1508,8886
103.241.50.212,2877,1596,4473
103.242.101.92,16560,472,17032
103.242.109.128,212782,18061,230843
103.242.110.130,38234,3523,41757
103.242.110.62,473351,12198,485549
103.242.133.129,139606,9748,149354
103.243.14.65,30858,16971,47829
103.243.222.100,16350,20462,36812
103.243.222.101,2337,1462,3799
103.243.222.102,3105,3409,6514
103.243.222.103,11950,12882,24832
103.243.222.104,12503,5581,18084
103.243.222.105,3556,2791,6347
103.243.222.106,12783,11213,23996
103.243.222.107,0,0,0
103.243.222.108,6906,6828,13734
103.243.222.109,26722,28170,54892
103.243.222.110,92014,248436,340450
103.243.222.111,6619,2531,9150
103.243.222.14,12561,7101,19662
103.243.222.15,18314,19650,37964
103.243.222.16,4619,7717,12336
103.243.222.160,29517,10572,40089
103.243.222.18,6914,5741,12655
103.243.222.19,6777,7152,13929
103.243.222.20,5489,4403,9892
103.243.222.21,9163,7631,16794
103.243.222.22,7654,11295,18949
103.243.222.23,13429,9021,22450
103.243.222.27,7065,9582,16647
103.243.222.28,165616,345068,510684
103.243.222.30,3315,3845,7160
103.243.222.32,15212,8572,23784
103.243.222.35,19538,18015,37553
103.243.222.36,7444,6801,14245
103.243.222.38,8768,2624,11392
103.243.222.40,5226,6862,12088
103.243.222.41,6738,4507,11245
103.243.222.44,14438,23053,37491
103.243.222.46,24040,5147,29187
103.243.222.47,10229,6816,17045
103.243.222.49,57009,245175,302184
103.243.222.51,18284,14089,32373
103.243.222.53,12148,4159,16307
103.243.222.54,7301,11036,18337
103.243.222.55,13510,11721,25231
103.243.222.56,5526,4545,10071
103.243.222.57,0,0,0
103.243.222.58,10870,8460,19330
103.243.222.59,5507,4617,10124
103.243.222.60,3709,3048,6757
103.243.222.61,8530,11140,19670
103.243.222.62,10154,13485,23639
103.243.222.64,13808,9467,23275
103.243.222.66,6719,3963,10682
103.243.222.67,12690,17721,30411
103.243.222.68,10489,7207,17696
103.243.222.69,4880,4012,8892
103.243.222.70,6676,5946,12622
103.243.222.71,25197,12830,38027
103.243.222.72,2598,2319,4917
103.243.222.73,5481,4808,10289
103.243.222.74,2349,1891,4240
103.243.222.75,5961,5855,11816
103.243.222.76,7099,6361,13460
103.243.222.78,105461,161995,267456
103.243.222.81,21248,10198,31446
103.243.222.83,16258,21374,37632
103.243.222.84,12815,7217,20032
103.243.222.85,22409,54171,76580
103.243.222.86,11488,7634,19122
103.243.222.89,2057,3291,5348
103.243.222.90,17506,8470,25976
103.243.222.97,6551,5658,12209
103.243.222.98,21951,31698,53649
103.243.222.99,5467,4476,9943
103.243.252.86,520152,72943,593095
103.243.252.89,44553,1268,45821
103.243.252.90,53154,54513,107667
103.243.252.92,192432,91126,283558
103.244.165.15,55200,896,56096
103.244.232.195,765138,6894,772032
103.244.234.120,69274,1536,70810
103.244.234.124,8280,234,8514
103.244.234.127,104608,9925,114533
103.244.234.36,63334,14567,77901
103.244.234.95,440050,72327,512377
103.245.210.83,672,904,1576
103.245.211.6,6639,696,7335
103.245.222.139,143954,216100,360054
103.245.222.148,400986,15558,416544
103.245.222.167,10541139,361297,10902436
103.245.222.168,7325,400,7725
103.245.222.171,141057,139482,280539
103.245.222.180,1035292,79873,1115165
103.245.222.181,104808,5801,110609
103.245.222.193,53112844,457176,53570020
103.245.222.212,51017,2337,53354
103.245.222.228,7020003,199850,7219853
103.245.222.232,17187,821,18008
103.245.222.235,135208,4335,139543
103.245.222.254,2219115,176866,2395981
103.245.222.70,293807,16045,309852
103.246.246.171,928910,4723,933633
103.246.247.28,12925,987,13912
103.247.176.11,15432,446,15878
103.249.109.112,829,552,1381
103.249.109.2,55634,1366,57000
103.249.111.184,139297,11096,150393
103.25.21.125,57766,2522,60288
103.25.22.173,413354,186666,600020
103.25.22.174,397271,200340,597611
103.25.22.98,28980,681,29661
103.251.90.251,348567,29736,378303
103.253.96.50,23460,456,23916
103.253.96.75,1468,183,1651
103.254.153.216,189630,10942,200572
103.254.153.88,4271,168,4439
103.255.177.31,86269,16537,102806
103.255.200.254,22080,454,22534
103.26.0.16,4047,263,4310
103.27.110.74,4576,427,5003
103.27.111.60,11359,1140,12499
103.27.126.137,56580,1130,57710
103.28.12.0,101533,8971,110504
103.28.12.2,169857,133972,303829
103.28.46.171,14441,3249,17690
103.28.46.242,45540,456,45996
103.28.46.60,652,456,1108
103.28.9.60,2782,6203,8985
103.28.9.61,11303,19953,31256
103.28.9.62,7282,17757,25039
103.28.9.63,9474,22113,31587
103.28.9.68,18425,14951,33376
103.28.9.69,19648,18016,37664
103.28.9.70,7346,18406,25752
103.28.9.71,8449,19028,27477
103.28.9.72,2804,9420,12224
103.28.9.73,4397,6266,10663
103.28.9.78,8091,16455,24546
103.29.134.48,131525,11093,142618
103.30.77.143,17778,914,18692
103.31.220.95,345266,13735,359001
103.31.243.171,0,3364,3364
103.31.6.189,134671,10736,145407
103.31.6.37,251648,6845,258493
103.31.6.38,95762,10813,106575
103.31.6.39,125551,6693,132244
103.31.6.40,240144,17573,257717
103.31.6.41,77730,7215,84945
103.31.7.189,159338,5099,164437
103.31.7.36,234848,14864,249712
103.31.7.37,74259,8261,82520
103.31.7.39,37954,5653,43607
103.31.7.40,125434,10540,135974
103.36.70.56,33553,7488,41041
103.36.70.57,12788,3898,16686
103.36.70.58,5133,984,6117
103.37.43.116,0,0,0
103.37.72.27,17890,92954,110844
103.38.43.130,1540,1392,2932
103.38.43.235,1391374,138726,1530100
103.39.108.91,3002,1683,4685
103.4.200.135,11759,1104,12863
103.4.200.137,13515,476,13991
103.4.200.201,247,235,482
103.4.200.202,229,619,848
103.4.200.231,4421,241,4662
103.4.200.232,128,496,624
103.4.200.240,247,235,482
103.4.201.18,9500,235,9735
103.4.201.20,14632,476,15108
103.4.201.74,17581,4578,22159
103.4.201.81,41740,1095,42835
103.4.217.236,0,819,819
103.40.101.205,334,410,744
103.41.52.103,6716,360,7076
103.41.52.138,17964,716,18680
103.41.54.146,351098,4718,355816
103.43.24.75,24388,2736,27124
103.44.105.68,11490,17199,28689
103.47.221.106,101363,1779,103142
103.47.80.105,1488,452,1940
103.53.197.114,1930,2671,4601
103.6.130.173,11031,705,11736
103.6.182.26,10821,8706,19527
103.6.222.229,73902,18704,92606
103.6.223.151,4511,621,5132
103.6.223.158,132620,12621,145241
103.6.84.191,135268,67013,202281
103.6.85.174,2824,4673,7497
103.6.85.40,10673,2447,13120
103.6.86.122,16403,1464,17867
103.6.86.208,30584,1378,31962
103.6.86.98,1525105,45102,1570207
103.7.28.191,30497,456,30953
103.7.29.215,76231,1802,78033
103.7.30.144,242354,247716,490070
103.7.30.161,9769,5714,15483
103.7.30.162,12344,6077,18421
103.7.31.162,1024,359,1383
103.8.32.161,325,329,654
104.129.128.104,2810,526,3336
104.130.112.81,5442,414,5856
104.130.192.94,115364,9126,124490
104.130.219.189,152571,8912,161483
104.130.231.36,82606,8118,90724
104.130.52.67,1269801,59261,1329062
104.131.111.207,11956,2156,14112
104.131.138.174,0,384,384
104.131.150.201,364723,4239,368962
104.131.155.53,2111884,1119885,3231769
104.131.240.128,339926,37062,376988
104.131.39.151,6054,364,6418
104.143.135.88,2907,1012,3919
104.148.91.129,272,1102,1374
104.149.252.144,603222,59414,662636
104.149.252.145,7251,3946,11197
104.151.10.199,11088,454,11542
104.155.17.130,29952,2448,32400
104.155.226.45,24738,1894,26632
104.155.29.113,24960,2040,27000
104.156.48.176,16715,3057,19772
104.156.81.139,147446,50801,198247
104.156.81.222,0,1200,1200
104.156.85.139,196684,60793,257477
104.156.85.222,4776,1772,6548
104.16.0.202,8565,2135,10700
104.16.1.214,10996,1394,12390
104.16.12.108,0,0,0
104.16.12.13,557889,23609,581498
104.16.12.18,126879,19637,146516
104.16.13.13,388400,15563,403963
104.16.13.18,119759,15801,135560
104.16.15.108,390,403,793
104.16.15.20,399072,31517,430589
104.16.16.20,44524,3190,47714
104.16.18.11,0,0,0
104.16.18.49,4590,1650,6240
104.16.19.49,18267,1895,20162
104.16.19.85,5402,1001,6403
104.16.2.14,38229,2114,40343
104.16.2.202,5129,1405,6534
104.16.20.183,0,0,0
104.16.20.85,26440,1682,28122
104.16.22.199,1329482,29457,1358939
104.16.22.85,34744,2340,37084
104.16.23.199,1403378,39316,1442694
104.16.23.240,42177,44555,86732
104.16.24.199,1238124,20766,1258890
104.16.24.240,19638,25587,45225
104.16.25.199,1725416,30078,1755494
104.16.25.240,31424,44522,75946
104.16.25.9,6838,1081,7919
104.16.26.199,1818740,41644,1860384
104.16.26.240,26903,53137,80040
104.16.27.240,25222,38759,63981
104.18.48.202,15420,2345,17765
104.18.48.234,81969,456,82425
104.192.109.66,8397,1845,10242
104.193.92.147,0,0,0
104.193.92.181,313,360,673
104.193.92.182,107942,4628,112570
104.194.224.240,45514,8306,53820
104.194.64.41,16505,3182,19687
104.197.32.217,64196,9193,73389
104.20.0.105,48207,11037,59244
104.20.11.212,4071,680,4751
104.20.14.141,558,189,747
104.20.22.165,228281,22026,250307
104.20.30.150,11720,343,12063
104.20.7.21,466,420,886
104.207.154.169,13819,3979,17798
104.207.155.153,662,873,1535
104.207.255.46,677063,44971,722034
104.209.190.13,657060,40914,697974
104.210.196.12,95294,38505,133799
104.210.196.63,130597,42557,173154
104.217.4.40,1334,1626,2960
104.233.133.250,3403,783,4186
104.236.136.198,4886933,13842,4900775
104.236.147.164,9683,402,10085
104.236.147.81,9127,1154,10281
104.236.166.53,36806,4962,41768
104.236.181.212,93927,4293,98220
104.236.228.165,17870,6415,24285
104.237.141.165,220,976,1196
104.237.152.235,3142934,83994,3226928
104.237.156.253,275,382,657
104.237.61.232,251806,21129,272935
104.24.100.53,110400,337,110737
104.24.107.52,0,0,0
104.24.110.253,63633,344,63977
104.24.115.158,0,826,826
104.24.117.239,24074,3676,27750
104.24.29.99,112123,5298,117421
104.250.133.207,431518,30997,462515
104.250.136.9,81172,6738,87910
104.250.138.0,116507,2435,118942
104.250.138.240,178982,17947,196929
104.250.143.240,59035,5622,64657
104.255.68.142,620925,4869,625794
104.255.68.145,0,189,189
104.255.68.182,311826,4323,316149
104.255.68.183,354298,3563,357861
104.27.136.116,11549,7677,19226
104.27.136.234,206146,3794,209940
104.27.137.116,44705,7914,52619
104.27.137.234,213847,4261,218108
104.27.145.142,13240,1330,14570
104.27.155.200,0,0,0
104.27.188.212,2689578,46386,2735964
104.27.189.212,33243,1505,34748
104.28.0.107,0,212,212
104.28.0.36,32221,1853,34074
104.28.10.30,1274732,12365,1287097
104.28.14.125,37936,3240,41176
104.28.14.22,456,325,781
104.28.15.106,339503,792,340295
104.28.15.113,540,1344,1884
104.28.15.90,623,378,1001
104.28.19.110,514,577,1091
104.28.2.55,413509,5949,419458
104.28.20.102,31958,2238,34196
104.28.20.19,8711,4002,12713
104.28.20.70,0,0,0
104.28.21.102,11373,1038,12411
104.28.21.56,109396,8562,117958
104.28.22.11,119906,385,120291
104.28.23.27,1250382,57391,1307773
104.28.26.98,5520,1378,6898
104.28.28.18,1017,1593,2610
104.28.28.81,1328,1918,3246
104.28.29.18,29482,406,29888
104.28.29.81,596,770,1366
104.28.3.41,14,140,154
104.28.3.90,6809,4984,11793
104.28.30.17,0,881,881
104.28.31.17,48404,2741,51145
104.28.31.63,4355,407,4762
104.28.4.42,721982,54063,776045
104.28.4.74,175013,884,175897
104.28.5.103,51007,2104,53111
104.28.5.95,440105,8675,448780
104.28.9.99,747960,1864,749824
104.31.65.188,0,189,189
104.31.74.164,28920,7428,36348
104.31.85.157,0,0,0
104.31.88.201,70674,4576,75250
104.36.192.137,84045,97611,181656
104.36.192.138,147730,61781,209511
104.36.192.139,182997,30363,213360
104.36.192.140,155624,1950987,2106611
104.36.192.191,8646,1526,10172
104.36.192.192,12337,11137,23474
104.36.192.193,25190,7228,32418
104.36.192.194,3713,182,3895
104.36.192.196,11489,12887,24376
104.36.192.197,32545,49544,82089
104.36.192.203,31288,16083,47371
104.36.192.204,4262,1862,6124
104.36.192.225,179685,256271,435956
104.36.192.226,279489,1302480,1581969
104.37.168.169,4593,532,5125
104.37.171.94,9855,3202,13057
104.40.58.255,0,0,0
104.40.82.126,16605,14696,31301
104.43.140.228,603812,62535,666347
104.45.11.200,546060,23676,569736
104.45.144.227,89104,1342,90446
104.45.145.6,27600,454,28054
104.45.214.117,1002765,66171,1068936
104.45.86.121,17640,9371,27011
104.65.64.66,6641,1764,8405
104.65.66.210,18847,135090,153937
104.65.69.87,14581,464,15045
104.65.71.186,5410,1721,7131
104.65.74.63,112386,204,112590
104.65.75.76,84342,4371,88713
104.65.78.105,404422,20073,424495
104.65.90.179,1504,1371,2875
104.65.91.208,204,131,335
104.67.42.91,940,760,1700
104.67.43.104,626,583,1209
104.67.43.109,0,186,186
104.67.48.222,12040,1608,13648
104.67.51.61,3480,10222,13702
104.67.59.247,3807,234,4041
104.68.105.230,58461,1081,59542
104.68.109.76,12567,1668,14235
104.68.116.234,0,0,0
104.68.116.92,5179,1110,6289
104.68.119.133,21319,4951,26270
104.68.65.86,30277,885,31162
104.68.71.65,35880,148,36028
104.68.73.18,74218,908,75126
104.68.74.146,6801,1359,8160
104.68.77.113,188,150,338
104.68.78.110,0,673,673
104.68.81.10,27736,5198,32934
104.68.88.102,138931,18650,157581
104.68.90.70,5937,3803,9740
104.68.98.137,8430,1136,9566
104.69.1.45,170691,23292,193983
104.69.12.133,12858,2840,15698
104.69.13.16,188,159,347
104.69.17.11,12125,1018,13143
104.69.19.197,34851,8395,43246
104.69.20.105,749132,38326,787458
104.69.20.151,9870,3575,13445
104.69.20.220,4601,707,5308
104.69.20.91,9761,29696,39457
104.69.21.101,28677,5643,34320
104.69.23.228,36502,17538,54040
104.69.245.211,54330,433,54763
104.69.246.140,6136,941,7077
104.69.28.255,107357,688,108045
104.69.29.76,17876,2709,20585
104.69.3.216,3310,896,4206
104.69.3.25,4002,5503,9505
104.69.6.229,427,1220,1647
104.70.188.127,48394,2951,51345
104.70.188.187,52837,1523,54360
104.70.199.52,739489,138214,877703
104.70.204.223,28459,4806,33265
104.70.207.227,188,150,338
104.70.207.76,346,227,573
104.70.208.201,107592,695,108287
104.70.209.227,24806,1079,25885
104.70.209.26,2520555,1013,2521568
104.70.211.130,23762,4095,27857
104.70.224.30,67133,869,68002
104.70.225.65,3923,531,4454
104.70.227.79,113334,1368,114702
104.70.228.73,11040,230,11270
104.70.6.125,19395,1713,21108
104.71.141.34,2731,555,3286
104.71.154.86,564,466,1030
104.71.156.67,17918,957,18875
104.76.225.33,10202,1619,11821
104.76.226.33,26825,4097,30922
104.76.228.134,58326,1422,59748
104.76.230.106,1504,1243,2747
104.76.238.47,2943,357,3300
104.76.240.150,5870,884,6754
104.76.240.247,217,529,746
104.76.240.95,19965,5377,25342
104.76.242.111,66109,682,66791
104.76.249.140,1429,261,1690
104.76.250.137,4601,707,5308
104.76.250.19,17886,29696,47582
104.76.250.45,527798,8673,536471
104.76.251.172,8248,533,8781
104.77.17.160,494022,81120,575142
104.77.17.215,4601,707,5308
104.77.17.23,886098,3705,889803
104.77.20.69,46178,7119,53297
104.77.20.90,220248,2352,222600
104.77.216.166,5093,1666,6759
104.77.216.168,7589,2084,9673
104.77.218.152,22080,148,22228
104.77.218.170,1903,1177,3080
104.77.218.246,39092,12930,52022
104.77.218.26,87511,34199,121710
104.77.22.239,39780,6858,46638
104.77.28.121,376,322,698
104.77.28.58,53131,3162,56293
104.77.28.88,0,0,0
104.77.3.166,4693,268,4961
104.77.32.31,138239,1095,139334
104.77.40.121,4466,734,5200
104.78.1.210,13103,2707,15810
104.78.1.36,19242,385,19627
104.78.100.226,31722,1037,32759
104.78.100.33,29162,797,29959
104.78.100.60,7087,1304,8391
104.78.101.181,312017,47861,359878
104.78.101.183,5355,3796,9151
104.78.101.204,2821,6818,9639
104.78.102.32,4919225,61229,4980454
104.78.103.168,9706,5410,15116
104.78.103.83,113997,30407,144404
104.78.104.104,29136,676,29812
104.78.104.217,209675,444955,654630
104.78.106.233,4520,1163,5683
104.78.106.8,8666740,52076,8718816
104.78.106.81,301413,29470,330883
104.78.106.93,32820,1925,34745
104.78.106.96,1664,1966,3630
104.78.107.79,102911,4652,107563
104.78.108.131,4181,561,4742
104.78.108.143,11670,1069,12739
104.78.108.208,17960,3758,21718
104.78.108.21,54689,15831,70520
104.78.109.11,2520902,115200,2636102
104.78.109.134,1541316,467,1541783
104.78.109.167,124505,17925,142430
104.78.109.174,40835,5368,46203
104.78.109.27,7513536,915445,8428981
104.78.109.76,119371,72547,191918
104.78.109.92,14698,1809,16507
104.78.12.230,3198137,146983,3345120
104.78.12.238,612,393,1005
104.78.12.50,1507766,13418,1521184
104.78.12.67,27903,1026,28929
104.78.2.189,19611,2820,22431
104.78.2.29,8647,3032,11679
104.78.22.207,14563,4726,19289
104.78.22.54,67543,14166,81709
104.78.23.179,54069,346,54415
104.78.23.43,17918,957,18875
104.78.23.85,237794,8939,246733
104.78.26.188,609,1864,2473
104.78.26.223,154863,2920,157783
104.78.72.169,7948,533,8481
104.78.72.180,159770,4998,164768
104.78.72.21,671847,110633,782480
104.78.72.22,10686,6220,16906
104.78.72.23,4697,1626,6323
104.78.72.33,997,1080,2077
104.78.73.142,114912,680,115592
104.78.73.21,734046,816,734862
104.78.73.214,1418639,54119,1472758
104.78.73.243,38404,895,39299
104.78.74.112,371450,113046,484496
104.78.74.117,296363,49720,346083
104.78.74.147,37345,8427,45772
104.78.74.3,3424,2288,5712
104.78.75.168,550,412,962
104.78.75.69,29616,4477,34093
104.78.76.235,81916,9398,91314
104.78.76.237,99684,2284,101968
104.78.76.91,1152,4788,5940
104.78.77.100,614047,53479,667526
104.78.77.165,28899,1691,30590
104.78.80.129,680301,6725,687026
104.78.80.144,166152,11402,177554
104.78.80.214,9176,5988,15164
104.78.80.32,1703,254,1957
104.78.80.69,952,260,1212
104.78.82.206,153519,6910,160429
104.78.82.216,28104,1272,29376
104.78.83.25,298002,22287,320289
104.78.84.73,11528,1332,12860
104.78.85.126,12520,3884,16404
104.78.85.15,571419,242430,813849
104.78.85.23,4638,987,5625
104.78.86.81,46105,8959,55064
104.78.87.141,5646,2043,7689
104.78.87.158,5665,1749,7414
104.78.87.232,589,416,1005
104.78.87.61,822,3573,4395
104.78.88.147,421682,34643,456325
104.78.88.156,5249,525,5774
104.78.88.168,8574,6326,14900
104.78.88.204,215782,3326,219108
104.78.88.32,576,195,771
104.78.89.185,200558,5121,205679
104.78.89.207,89584,6966,96550
104.78.90.246,525,1062,1587
104.78.91.205,63793,1402,65195
104.78.91.226,49407,15724,65131
104.78.91.253,22905,4682,27587
104.78.91.41,295610,50138,345748
104.78.91.70,1042666,56795,1099461
104.78.92.126,271662,3373,275035
104.78.92.148,112430,20876,133306
104.78.92.197,117195,73445,190640
104.78.92.202,284626,15039,299665
104.78.92.29,182863,37865,220728
104.78.92.66,4374045,756306,5130351
104.78.93.120,72214,2509,74723
104.78.93.132,560927,13757,574684
104.78.93.250,35868,910,36778
104.78.93.68,5578,1041,6619
104.78.93.74,57178,337,57515
104.78.94.66,97200,2161,99361
104.78.95.134,6371,9212,15583
104.78.95.148,39453,10161,49614
104.78.95.205,9828,3009,12837
104.78.95.214,76707,15732,92439
104.78.95.253,477026,11581,488607
104.78.95.26,429687,9332,439019
104.78.96.119,829546,26202,855748
104.78.96.40,157379,22483,179862
104.78.97.17,182,323,505
104.78.98.42,50018,3814,53832
104.78.98.96,576,179,755
104.78.99.102,15604,961,16565
104.78.99.135,200696,28330,229026
104.78.99.161,235,225,460
104.78.99.32,3061332,102343,3163675
104.78.99.62,22080,242,22322
104.78.99.94,56202,4802,61004
104.84.152.102,838,130,968
104.84.152.109,0,0,0
104.84.152.110,1542,932,2474
104.84.152.117,838,130,968
104.84.152.119,419,65,484
104.84.152.120,419,65,484
104.84.152.127,0,0,0
104.84.152.128,13367,2208,15575
104.84.152.136,155780,3694,159474
104.84.152.142,419,65,484
104.84.152.158,1257,195,1452
104.84.152.159,419,65,484
104.84.152.87,5784,2330,8114
104.84.152.95,7249,2114,9363
105.157.104.214,2710,1696,4406
105.184.99.193,4548115,30543,4578658
105.210.107.31,1783,5500,7283
105.228.59.74,4549,9876,14425
106.10.137.179,2058,1263,3321
106.10.137.180,17305,11135,28440
106.10.138.245,442223,122117,564340
106.10.139.251,329229,78575,407804
106.10.158.60,15319,5133,20452
106.10.160.145,139780,21198,160978
106.10.170.125,8667,3454,12121
106.10.193.36,11982,3491,15473
106.10.193.50,27793,34333,62126
106.10.198.37,44224,32623,76847
106.10.198.38,48752,22948,71700
106.10.222.15,1829563,353826,2183389
106.104.39.246,0,68,68
106.110.234.203,512,1008,1520
106.111.146.9,2274,826,3100
106.111.148.174,1645,1081,2726
106.111.148.184,41,143,184
106.111.150.101,110443,1173,111616
106.111.167.108,19074,102,19176
106.111.183.65,41,143,184
106.112.164.149,398,115,513
106.112.207.24,719,1402,2121
106.112.28.219,102,199,301
106.112.49.84,9537,53,9590
106.112.56.41,407,803,1210
106.112.58.187,237,157,394
106.113.106.227,103,16483,16586
106.113.125.152,1681,1087,2768
106.113.224.57,203,372,575
106.113.77.116,9537,49,9586
106.114.154.8,206,98469,98675
106.114.190.151,201,125,326
106.114.204.164,9537,53,9590
106.114.38.158,1068,198222,199290
106.114.56.255,17895,397,18292
106.115.156.52,9039,435,9474
106.115.27.226,9537,53,9590
106.115.62.56,0,68,68
106.115.87.113,232496,398,232894
106.116.130.20,386,313,699
106.116.150.125,195,158,353
106.116.215.138,9537,53,9590
106.117.246.16,120,32880,33000
106.118.24.161,214,124,338
106.118.90.49,394,869,1263
106.120.109.111,25664,928,26592
106.120.109.199,12733,1112,13845
106.120.109.239,93096,2083,95179
106.120.128.136,33642,1101,34743
106.120.133.82,1262,470,1732
106.120.150.17,0,0,0
106.120.150.18,15438,9291,24729
106.120.150.19,40410,39691,80101
106.120.150.28,3886,6973,10859
106.120.150.29,8270,15883,24153
106.120.150.36,26757,3294,30051
106.120.150.59,2614,3325,5939
106.120.150.75,112864,9184,122048
106.120.150.76,153489,7159,160648
106.120.151.107,1659,2360,4019
106.120.151.108,800,1755,2555
106.120.151.109,1093,1125,2218
106.120.151.111,6523,2002,8525
106.120.151.112,3141,591,3732
106.120.151.115,138,224,362
106.120.151.128,3291771,5484310,8776081
106.120.151.129,3977404,5599956,9577360
106.120.151.167,3779957,1300609,5080566
106.120.151.168,4679878,1579514,6259392
106.120.151.174,2675,1216,3891
106.120.151.207,2849409,222865,3072274
106.120.151.208,2825200,253402,3078602
106.120.151.209,2838159,258202,3096361
106.120.151.210,3358926,268259,3627185
106.120.151.211,5251834,329488,5581322
106.120.151.212,3004574,256734,3261308
106.120.151.221,1131209,324700,1455909
106.120.151.222,1187267,342579,1529846
106.120.151.223,1393928,400744,1794672
106.120.151.224,1333149,380866,1714015
106.120.151.225,1333580,382358,1715938
106.120.151.226,994678,290401,1285079
106.120.151.227,1159428,333483,1492911
106.120.151.38,7344,2834,10178
106.120.151.54,1620983,866435,2487418
106.120.151.55,1748743,995758,2744501
106.120.151.56,1637356,913466,2550822
106.120.151.57,1482942,984546,2467488
106.120.151.58,1722533,981734,2704267
106.120.151.66,2387542,2776270,5163812
106.120.151.67,3512190,4012132,7524322
106.120.151.68,1967231,1972965,3940196
106.120.151.69,2420896,3600969,6021865
106.120.151.70,1950495,4479407,6429902
106.120.151.71,4840,5748,10588
106.120.151.72,3146,3777,6923
106.120.155.189,1368,333,1701
106.120.155.26,254,688,942
106.120.155.27,1016,2726,3742
106.120.155.30,3180,3104,6284
106.120.158.221,49373,12,49385
106.120.16.113,517,932,1449
106.120.160.100,15312,24634,39946
106.120.160.101,1124605,188308,1312913
106.120.160.102,64218,2261,66479
106.120.160.103,3474,9201,12675
106.120.160.105,1496353,3721310,5217663
106.120.160.111,19679450,8205804,27885254
106.120.160.112,1467,2556,4023
106.120.160.115,7049,14823,21872
106.120.160.118,19246487,6043624557,6062871044
106.120.160.119,4332666,259535122,263867788
106.120.160.122,113240737,241003,113481740
106.120.160.123,423475654,5028967,428504621
106.120.160.138,225747,1828911,2054658
106.120.160.139,904935,33185,938120
106.120.160.140,15888688,1665207,17553895
106.120.160.142,6953223,1244998,8198221
106.120.160.143,92814,1846,94660
106.120.160.144,119637,4709,124346
106.120.160.145,451208870,33065183,484274053
106.120.160.146,96600,27693,124293
106.120.160.147,1713649,224196,1937845
106.120.160.149,3703,5501,9204
106.120.160.150,54178,162552,216730
106.120.160.152,4555707,9684776,14240483
106.120.160.159,171512,41238,212750
106.120.160.160,128185,130293,258478
106.120.160.165,69943,20820,90763
106.120.160.170,5652647,7177787,12830434
106.120.160.175,3896692,30553,3927245
106.120.160.177,894075,1295924,2189999
106.120.160.180,1008390,8553109,9561499
106.120.160.182,1287,3304,4591
106.120.160.183,4909550,108793,5018343
106.120.160.185,24423460,13941543,38365003
106.120.160.186,322831,6365,329196
106.120.160.188,250122,116957,367079
106.120.160.194,259424,945268,1204692
106.120.160.198,695281,105055,800336
106.120.160.204,1156292,89655,1245947
106.120.160.206,135767944,19718437,155486381
106.120.160.210,3220984329,27810257,3248794586
106.120.160.212,73555,48195,121750
106.120.160.222,59999678,4665701,64665379
106.120.160.230,1162159,19140,1181299
106.120.160.233,1547187,1766330,3313517
106.120.160.234,11310,113984,125294
106.120.160.235,1370801,261713,1632514
106.120.160.244,20251377,546366,20797743
106.120.160.254,4490636,803232,5293868
106.120.160.79,865048,254208,1119256
106.120.160.82,1099090,204311,1303401
106.120.160.83,10093,32471,42564
106.120.160.85,19412,86684,106096
106.120.160.87,20830877,6187997,27018874
106.120.160.89,67025,155299,222324
106.120.160.90,3669475,224382,3893857
106.120.160.93,337694,177285,514979
106.120.160.94,218791,13346,232137
106.120.160.95,181663,52845,234508
106.120.167.71,8592864,1878407,10471271
106.120.167.73,23591713,13952755,37544468
106.120.167.74,1932947,538955,2471902
106.120.173.25,31015,31367,62382
106.120.173.26,44666,39727,84393
106.120.173.27,126839,122423,249262
106.120.173.28,79230,75488,154718
106.120.173.29,75783,76745,152528
106.120.173.30,53423,55220,108643
106.120.173.31,88939,86585,175524
106.120.173.32,42391,37757,80148
106.120.173.33,43950,44515,88465
106.120.173.34,86114,80453,166567
106.120.173.35,69750,68981,138731
106.120.173.36,103280,103412,206692
106.120.173.37,72978,66015,138993
106.120.173.38,87784,86457,174241
106.120.173.39,102255,97464,199719
106.120.173.40,44109,43141,87250
106.120.176.51,5408,2296,7704
106.120.176.52,6252,2346,8598
106.120.177.16,436,1886,2322
106.120.181.45,110437709,4876109,115313818
106.120.181.55,89050877,4721580,93772457
106.120.19.184,0,53,53
106.120.208.26,1487,347,1834
106.120.215.219,357,1104,1461
106.120.22.2,2379,447,2826
106.120.30.230,513,929,1442
106.120.6.72,247,447,694
106.120.61.97,0,200,200
106.120.82.185,7325,197,7522
106.120.9.164,43907,12561245,12605152
106.120.99.155,324683,56724,381407
106.123.121.96,310,555,865
106.123.180.122,69301,17054089,17123390
106.123.215.237,16484,121,16605
106.123.218.252,6153,90739,96892
106.124.255.11,0,0,0
106.125.152.217,693,462,1155
106.125.181.198,222,155,377
106.127.159.206,101,187,288
106.127.167.188,410,800,1210
106.149.179.13,606,1976,2582
106.149.39.115,997,1343,2340
106.149.61.77,3004,10124,13128
106.156.148.90,431623,5852480,6284103
106.156.221.12,25638,1337,26975
106.184.2.99,1385,260,1645
106.184.4.147,17132,971,18103
106.184.5.137,906,387,1293
106.184.5.97,978310,53092,1031402
106.184.7.124,541991,9679,551670
106.185.25.42,273387,3618,277005
106.185.26.209,275539,8834,284373
106.185.27.36,4979,12390,17369
106.185.32.68,3673057,526450,4199507
106.185.36.217,180,181,361
106.185.37.118,1058768,36172,1094940
106.185.43.160,0,0,0
106.185.46.196,143021,8241,151262
106.185.47.226,810248,1606,811854
106.185.48.28,1513724,82770,1596494
106.185.52.126,49788,896,50684
106.185.52.162,2934,1831,4765
106.185.53.154,9882,182,10064
106.185.53.156,94809,3614,98423
106.186.112.178,78711,15847,94558
106.186.113.41,384746,74233,458979
106.186.114.179,64860,1135,65995
106.186.115.197,911,838,1749
106.186.116.249,80040,1130,81170
106.186.119.199,3509171,34001,3543172
106.186.119.251,724,454,1178
106.186.121.72,278219,19304,297523
106.186.122.170,618700,15065,633765
106.186.122.190,1900907,22583,1923490
106.186.124.70,55895,18679,74574
106.186.126.115,156975,13618,170593
106.186.126.164,325391,9526,334917
106.186.126.174,524152,44284,568436
106.186.17.184,35667,22539,58206
106.186.18.205,0,896,896
106.186.22.135,30360,462,30822
106.186.22.70,93785,255,94040
106.186.23.89,26441,2743,29184
106.186.24.139,15608,7715,23323
106.186.24.148,3126,314,3440
106.186.24.166,75901,3760,79661
106.186.24.43,351554,23186,374740
106.186.24.9,24579,1544,26123
106.186.25.121,0,4276,4276
106.186.27.19,4642,1937,6579
106.186.28.108,1708,257,1965
106.186.28.180,9328,4935,14263
106.186.29.132,639645,4978,644623
106.186.29.241,147342,54605,201947
106.186.29.81,1606,1109,2715
106.187.100.95,137375,4260,141635
106.187.101.157,2282767,79346,2362113
106.187.102.97,31652,34242,65894
106.187.34.246,22070,1828,23898
106.187.35.112,14215,1761,15976
106.187.35.47,22080,466,22546
106.187.36.211,671108,19754,690862
106.187.38.175,417,521,938
106.187.41.15,70804,1336,72140
106.187.44.207,96964,18825,115789
106.187.45.12,31740,452,32192
106.187.45.13,1562971,29238,1592209
106.187.45.185,1088056,29170,1117226
106.187.51.52,47321,2134,49455
106.187.53.74,18459,389,18848
106.187.53.94,1162,1076,2238
106.187.88.161,1175079,175715,1350794
106.187.90.171,48233,379,48612
106.187.90.190,934,362,1296
106.187.90.205,224067,13482,237549
106.187.90.38,0,252,252
106.187.93.197,40703,6109,46812
106.187.95.250,488,941,1429
106.187.97.70,181434258,2147189,183581447
106.187.98.221,1454,374,1828
106.187.98.83,35880,687,36567
106.187.99.177,47902,5364,53266
106.2.189.23,3184880,62390,3247270
106.226.215.122,242,157,399
106.3.33.7,67938,13364,81302
106.3.34.155,448652,18194,466846
106.3.34.180,249259,13599,262858
106.3.35.131,6670,12914,19584
106.3.35.171,20430,5133,25563
106.3.35.182,1350,7934,9284
106.3.35.183,216808,56138,272946
106.3.36.137,1436897,562828,1999725
106.3.36.139,349573,103653,453226
106.3.40.126,1252347,475,1252822
106.3.40.175,44160,450,44610
106.3.40.255,15927,108161,124088
106.3.43.79,10359,2814,13173
106.3.46.221,17676,30563,48239
106.3.46.224,1341,190,1531
106.3.47.76,7384,2320,9704
106.3.63.154,754,1251,2005
106.3.63.155,754,1304,2058
106.32.115.214,0,181,181
106.32.161.173,412,745,1157
106.32.192.196,27524,155,27679
106.32.216.37,0,136,136
106.32.84.165,1299,8329,9628
106.35.20.243,101,200,301
106.36.216.230,1380,52,1432
106.36.25.42,0,68,68
106.36.41.7,334413901,8496000,342909901
106.36.70.108,9537,53,9590
106.37.100.190,19074,105,19179
106.37.101.231,9264,447,9711
106.37.119.58,9537,53,9590
106.37.164.158,5621864,713391,6335255
106.37.181.168,444313,118587,562900
106.37.193.111,220562,5801,226363
106.37.193.71,9973,1112,11085
106.37.209.237,546616,81954,628570
106.37.210.126,282,269,551
106.37.238.240,27574009,4620,27578629
106.37.77.230,260,184,444
106.37.80.148,2392,3562,5954
106.37.88.89,718,1408,2126
106.38.113.49,134,548,682
106.38.153.24,243,133,376
106.38.178.10,2277,2535,4812
106.38.178.128,14190,71694,85884
106.38.178.129,48855,247312,296167
106.38.178.130,31440,154693,186133
106.38.178.173,6565,8971,15536
106.38.178.174,3086,3893,6979
106.38.178.175,1534,1924,3458
106.38.178.176,5412,7106,12518
106.38.178.244,6141,3607,9748
106.38.178.245,10633,9765,20398
106.38.178.55,34869,9285,44154
106.38.178.56,12320,10785,23105
106.38.178.59,18452,77385,95837
106.38.178.61,14731,65707,80438
106.38.178.84,3270,2050,5320
106.38.178.93,3912,3560,7472
106.38.179.0,3749,9306,13055
106.38.179.37,239959904,5997814,245957718
106.38.179.38,843733967,25635955,869369922
106.38.179.39,29591966,4404084,33996050
106.38.179.41,6754771279,3844924,6758616203
106.38.179.43,864255,100877,965132
106.38.179.44,32000141,1465627,33465768
106.38.179.45,17689872,686893,18376765
106.38.179.50,155917250,8069680,163986930
106.38.179.51,73873558,26029,73899587
106.38.179.52,91881930,73259,91955189
106.38.179.53,851755686,60524601,912280287
106.38.179.54,447597739,27665676,475263415
106.38.180.238,11631,4307,15938
106.38.181.145,2827626,32885,2860511
106.38.181.146,3482293,26207,3508500
106.38.181.147,1846876,13961,1860837
106.38.181.148,1128333,8227,1136560
106.38.181.149,42465,1040,43505
106.38.181.151,54345,236,54581
106.38.181.153,9059687,14032,9073719
106.38.181.154,4294343,16557,4310900
106.38.181.155,0,0,0
106.38.183.15,12027435,11363,12038798
106.38.183.17,14345754,32042,14377796
106.38.183.19,34684645,98432,34783077
106.38.183.21,92786989,2325176,95112165
106.38.183.24,39926857,54750,39981607
106.38.183.25,22802144,32521,22834665
106.38.183.26,8879109,28574,8907683
106.38.183.45,99256596,2911208,102167804
106.38.183.47,14912253,35064,14947317
106.38.183.48,11798023,96146,11894169
106.38.183.49,245989,7036,253025
106.38.183.50,22406,777,23183
106.38.184.103,21591,76669,98260
106.38.184.104,120380,1186819,1307199
106.38.184.109,2174404,561490,2735894
106.38.184.112,153609,15364,168973
106.38.184.113,5824067,15869022,21693089
106.38.184.115,39123,71713,110836
106.38.184.117,370697,724965,1095662
106.38.184.118,8649330,3757796,12407126
106.38.184.134,288193330,61493450,349686780
106.38.184.137,358132,271769,629901
106.38.184.142,70656,22952,93608
106.38.184.146,7398563,61563715,68962278
106.38.184.147,380,1282,1662
106.38.184.148,1398,803,2201
106.38.184.153,12686,38043,50729
106.38.184.154,2483499,5107354,7590853
106.38.184.156,3148598,5563389,8711987
106.38.184.157,8517,63094,71611
106.38.184.158,3332,12996,16328
106.38.184.165,21766,113412,135178
106.38.184.166,202832,72286,275118
106.38.184.167,3524695,32979,3557674
106.38.184.168,263522,31565,295087
106.38.184.169,879500,22941,902441
106.38.184.171,5336313,5189086,10525399
106.38.184.172,9906768,9163,9915931
106.38.184.173,5475437,3270884,8746321
106.38.184.175,25872,20710,46582
106.38.184.177,84162,6846,91008
106.38.184.179,733,1796,2529
106.38.184.180,580,7451,8031
106.38.184.182,7755,4243,11998
106.38.184.183,8190,43538,51728
106.38.184.184,1518,4974,6492
106.38.184.187,1134,1187,2321
106.38.184.190,2611948,267697,2879645
106.38.184.191,78141,7443,85584
106.38.184.193,1752,395,2147
106.38.184.194,30487,37413,67900
106.38.184.202,1582,761,2343
106.38.184.203,2088518,30135,2118653
106.38.184.206,629743,9175,638918
106.38.184.207,25823,24240,50063
106.38.184.208,924605,1012762,1937367
106.38.184.210,2823162,2882518,5705680
106.38.184.211,447181,183262,630443
106.38.184.213,25855631,6873084,32728715
106.38.184.214,90576,23008,113584
106.38.184.215,368324,10804731,11173055
106.38.184.217,2937091,9796977,12734068
106.38.184.218,98406,85214,183620
106.38.184.219,10798,8925,19723
106.38.184.220,1193054,532755,1725809
106.38.184.221,515157,1453786,1968943
106.38.184.224,304963,1435,306398
106.38.184.229,66619,16197,82816
106.38.184.23,3081700,242664,3324364
106.38.184.232,166,67,233
106.38.184.234,236189,29434,265623
106.38.184.235,3480,48818,52298
106.38.184.236,1127,800,1927
106.38.184.237,7783,79026,86809
106.38.184.238,12670,139935,152605
106.38.184.239,2308889,1577478,3886367
106.38.184.241,1177,7214,8391
106.38.184.245,2101379,3611341,5712720
106.38.184.247,16694,5264,21958
106.38.184.251,1623894,890995,2514889
106.38.184.253,668011,21595,689606
106.38.184.29,1809564,223622,2033186
106.38.184.31,74973,155865,230838
106.38.184.33,677844,96953,774797
106.38.184.34,15975,2853500,2869475
106.38.184.39,2120099,99667,2219766
106.38.184.40,3694079,969702,4663781
106.38.184.53,445507,5736,451243
106.38.184.54,5188,7632,12820
106.38.184.56,10122412,19747497,29869909
106.38.184.65,919882,414926,1334808
106.38.184.66,6273,47616,53889
106.38.184.69,26997,77484,104481
106.38.184.70,282,1526,1808
106.38.184.72,1168416,512154,1680570
106.38.184.75,683218,23940,707158
106.38.184.78,569555,44780,614335
106.38.184.82,5324,1389,6713
106.38.184.89,156095,65828,221923
106.38.184.9,5119,1183,6302
106.38.184.92,63702,65882,129584
106.38.184.93,81784,88919,170703
106.38.184.94,5232940,279280,5512220
106.38.184.95,136537,83706,220243
106.38.184.98,55738,62819,118557
106.38.193.32,1645,4149,5794
106.38.198.89,5429,899,6328
106.38.199.100,9614355,620322,10234677
106.38.199.101,31823914,2308937,34132851
106.38.199.103,204096,14732,218828
106.38.199.106,26034,1768,27802
106.38.199.109,262538,75407,337945
106.38.199.114,347155,398470,745625
106.38.199.131,701388,125781,827169
106.38.199.133,1129923,238536,1368459
106.38.199.142,5133173,209296,5342469
106.38.199.18,8243414,376153,8619567
106.38.199.183,260091,42043,302134
106.38.199.19,12826880,356291,13183171
106.38.199.20,3046242,163888,3210130
106.38.199.206,125279,31673,156952
106.38.199.21,13817866,450171,14268037
106.38.199.210,40302,3266,43568
106.38.199.22,627996,158461,786457
106.38.199.23,710295,167415,877710
106.38.199.24,487883,145465,633348
106.38.199.25,571636,148831,720467
106.38.199.26,527188,167692,694880
106.38.199.27,563324,149815,713139
106.38.199.28,10840699,806011,11646710
106.38.199.30,1210714,5669,1216383
106.38.199.34,469066,190,469256
106.38.199.40,20091,101532,121623
106.38.199.41,1039056519,35560860,1074617379
106.38.199.42,7662647,60529,7723176
106.38.211.10,12491,236,12727
106.38.211.14,11439153,50340,11489493
106.38.211.69,25296,93391,118687
106.38.212.11,6178811,995,6179806
106.38.212.12,6484494,3813,6488307
106.38.212.13,1909,1101,3010
106.38.212.15,930641,663,931304
106.38.212.16,1699062,14088,1713150
106.38.212.17,10348755,9183,10357938
106.38.212.18,8397688,7669,8405357
106.38.212.19,439369,881,440250
106.38.212.20,975806,1363,977169
106.38.212.21,1670822,3094,1673916
106.38.212.22,3101067,3094,3104161
106.38.212.23,8857135,5558,8862693
106.38.212.24,4282849,3779,4286628
106.38.212.25,752629,2735,755364
106.38.212.26,5739098,1848,5740946
106.38.212.27,8344599,20807,8365406
106.38.212.28,9967834,23010,9990844
106.38.212.30,6348,14552,20900
106.38.212.31,1939600,1089,1940689
106.38.212.32,5307158,1963,5309121
106.38.212.33,1984118,2062,1986180
106.38.212.34,2012197,3379,2015576
106.38.212.35,39169,1103,40272
106.38.212.36,8280,562,8842
106.38.212.6,2827623,6866,2834489
106.38.212.7,3940705,4705,3945410
106.38.212.9,15689088,16468,15705556
106.38.213.10,11295162,18482,11313644
106.38.213.11,4853049,4148,4857197
106.38.213.12,8684186,3130,8687316
106.38.213.13,2792,312,3104
106.38.213.15,8791106,7624,8798730
106.38.213.16,11399612,3882,11403494
106.38.213.17,1892880,3774,1896654
106.38.213.18,49680,685,50365
106.38.213.19,732489,2164,734653
106.38.213.20,3930769,881,3931650
106.38.213.22,97129,1102,98231
106.38.213.24,32126588,2036,32128624
106.38.213.27,1623662,14036,1637698
106.38.213.28,19073794,6779,19080573
106.38.213.29,7097482,5892,7103374
106.38.213.30,2415658,15919,2431577
106.38.213.33,4830,11438,16268
106.38.213.34,10486827,3008,10489835
106.38.213.35,1797468,13962,1811430
106.38.213.36,6247140,3229,6250369
106.38.213.37,3492392,2598,3494990
106.38.213.38,11458835,20361,11479196
106.38.213.6,4202831,1530,4204361
106.38.213.8,389712,1386,391098
106.38.213.9,4558318,2852,4561170
106.38.221.106,10191,20471,30662
106.38.221.107,10575,22262,32837
106.38.221.243,176109,951197,1127306
106.38.221.26,24068,6430,30498
106.38.221.41,190772,569321,760093
106.38.221.43,238886,159485,398371
106.38.221.47,3111074,271219,3382293
106.38.221.55,1666064,3234592,4900656
106.38.221.68,18111,275175,293286
106.38.226.127,5788,13284,19072
106.38.226.128,6702,12336,19038
106.38.226.129,6771,17917,24688
106.38.226.130,7093,12185,19278
106.38.226.232,52296,39002,91298
106.38.226.234,1629,6450,8079
106.38.226.235,33205,2137,35342
106.38.227.1,50730,405846,456576
106.38.228.10,4327,4121,8448
106.38.228.14,6720,18521,25241
106.38.228.57,2172,3252,5424
106.38.228.8,31306,5426,36732
106.38.228.9,59847,13929,73776
106.38.234.204,37327,39261,76588
106.38.234.234,6847,2604,9451
106.38.234.242,10826,20920,31746
106.38.236.16,162569,91117,253686
106.38.240.137,5181900,2889,5184789
106.38.240.138,4963042,3856,4966898
106.38.240.139,2415000,996,2415996
106.38.240.140,843180,1482,844662
106.38.248.109,33146,105590,138736
106.38.248.110,37282,120074,157356
106.38.248.111,31552,95786,127338
106.38.248.112,46736,170247,216983
106.38.248.115,7125,24826,31951
106.38.248.120,11620,94587,106207
106.38.248.121,14259,115669,129928
106.38.248.122,206,2994,3200
106.38.248.123,412,6226,6638
106.38.248.176,21503,25764,47267
106.38.248.177,15814,20072,35886
106.38.248.178,13095,16858,29953
106.38.248.179,22397,27317,49714
106.38.248.180,17104,22605,39709
106.38.248.181,25266,30202,55468
106.38.248.182,618,8977,9595
106.38.248.77,1392,4803,6195
106.38.248.78,1392,6890,8282
106.38.248.89,14350,96196,110546
106.38.249.106,173706,2498,176204
106.38.249.107,3517259,2819,3520078
106.38.249.108,540155,865,541020
106.38.249.109,20860168,7581,20867749
106.38.249.110,10981288,4721,10986009
106.38.249.111,6950486,7839,6958325
106.38.249.112,9112605,10992,9123597
106.38.249.113,4618092,5440,4623532
106.38.249.114,11545832,6342,11552174
106.38.249.115,2009508,3490,2012998
106.38.249.116,16530088,7236,16537324
106.38.249.117,12816810,6272,12823082
106.38.249.118,3791087,4949,3796036
106.38.249.119,3962808,6693,3969501
106.38.249.120,8131028,5969,8136997
106.38.249.136,9752135,10276,9762411
106.38.249.137,19244860,7132,19251992
106.38.249.138,11624696,7142,11631838
106.38.249.139,4496881,5090,4501971
106.38.249.140,5921150,7058,5928208
106.38.249.141,2116961,4571,2121532
106.38.249.142,3055894,4165,3060059
106.38.249.143,2183844,5171,2189015
106.38.249.144,930350,2276,932626
106.38.249.145,11447114,4739,11451853
106.38.249.146,4446313,4417,4450730
106.38.249.147,3874899,3910,3878809
106.38.249.148,1901466,2372,1903838
106.38.249.149,14196068,8198,14204266
106.38.249.150,3233957,2485,3236442
106.38.249.16,8763072,8318,8771390
106.38.249.17,1412946,2324,1415270
106.38.249.18,4862221,5742,4867963
106.38.249.19,20577084,8580,20585664
106.38.249.20,3559929,3651,3563580
106.38.249.21,12836660,6006,12842666
106.38.249.22,9179721,6558,9186279
106.38.249.23,504504,1542,506046
106.38.249.24,1192453,2277,1194730
106.38.249.25,21481904,14137,21496041
106.38.249.26,6241004,2447,6243451
106.38.249.27,1893499,2343,1895842
106.38.249.28,7256079,4557,7260636
106.38.249.29,3163182,4122,3167304
106.38.249.30,6048515,6244,6054759
106.38.249.46,8874522,7898,8882420
106.38.249.47,15205684,5126,15210810
106.38.249.48,2912392,3899,2916291
106.38.249.49,13124094,8869,13132963
106.38.249.50,9857269,5158,9862427
106.38.249.51,3869111,3691,3872802
106.38.249.52,13307040,8555,13315595
106.38.249.53,15730186,6923,15737109
106.38.249.54,6321086,6307,6327393
106.38.249.55,21106827,12624,21119451
106.38.249.56,1642941,2912,1645853
106.38.249.57,2124946,2835,2127781
106.38.249.58,873942,1587,875529
106.38.249.59,6220945,5703,6226648
106.38.249.60,8420705,5440,8426145
106.38.249.76,4795357,4187,4799544
106.38.249.77,12451593,4858,12456451
106.38.249.78,10174190,4224,10178414
106.38.249.79,837530,3119,840649
106.38.249.80,14417045,5030,14422075
106.38.249.81,23761052,11479,23772531
106.38.249.82,15059236,4448,15063684
106.38.249.83,26397736,9533,26407269
106.38.249.84,13874633,11602,13886235
106.38.249.85,2860459,3068,2863527
106.38.249.86,22259886,16911,22276797
106.38.249.87,5505540,5506,5511046
106.38.249.88,14754332,4922,14759254
106.38.249.89,14208954,9634,14218588
106.38.249.90,2738704,3296,2742000
106.38.251.106,72926,143895,216821
106.38.251.107,58477,114780,173257
106.38.251.11,943498,2078013,3021511
106.38.251.153,92397,37277,129674
106.38.251.154,20563,66405,86968
106.38.251.252,312944,559652,872596
106.38.251.255,193742,513220,706962
106.38.251.96,346044,265920,611964
106.38.252.0,28319,126082,154401
106.38.252.1,173259,74578,247837
106.38.252.2,785372,1896974,2682346
106.38.44.130,132,575,707
106.39.132.205,6807,447,7254
106.39.132.32,460,685,1145
106.39.140.70,249,447,696
106.39.164.101,21505,13847,35352
106.39.164.104,5430,30893,36323
106.39.164.113,735244,66347,801591
106.39.164.151,5290754,16292378,21583132
106.39.164.152,168267,12254,180521
106.39.164.155,1514234,931301,2445535
106.39.164.156,240968,68505,309473
106.39.164.157,372349,158913,531262
106.39.164.158,2306131,2026869,4333000
106.39.164.159,1366548,1791092,3157640
106.39.164.160,524,3606,4130
106.39.164.161,6763454,1658395,8421849
106.39.164.163,1255983,1570749,2826732
106.39.164.164,341406,354595,696001
106.39.164.165,5379771,1437725,6817496
106.39.164.166,33573193,58546495,92119688
106.39.164.170,78851,32528,111379
106.39.164.171,3534785,2385445,5920230
106.39.164.172,29373,9986,39359
106.39.164.175,1242269,259217,1501486
106.39.164.26,1229537,588209,1817746
106.39.164.28,3294,7026,10320
106.39.164.36,241303,1908361,2149664
106.39.164.38,817763,459314,1277077
106.39.164.46,1908,2712,4620
106.39.164.53,287014,37963,324977
106.39.164.93,69421,301818,371239
106.39.165.29,1645,2919,4564
106.39.167.235,1459423,601044,2060467
106.39.167.236,5114,1544,6658
106.39.167.31,7898,42190,50088
106.39.167.48,430104,18550,448654
106.39.177.30,134004,59702,193706
106.39.177.31,141897,60407,202304
106.39.178.6,619602048,23180144,642782192
106.39.188.72,267217,12424,279641
106.39.188.74,3257,6690,9947
106.39.188.76,2726868,90843,2817711
106.39.188.77,0,0,0
106.39.188.80,4121,5315,9436
106.39.188.82,7422131,134859,7556990
106.39.188.83,1799810,20566,1820376
106.39.188.85,630581,31751,662332
106.39.188.89,401004,24755,425759
106.39.196.7,40793667,358736,41152403
106.39.196.8,70841146,471270,71312416
106.39.201.20,77613,2932,80545
106.39.201.248,37023582,1843203,38866785
106.39.201.249,38141769,1709057,39850826
106.39.201.30,418,409,827
106.39.201.31,32,207,239
106.39.201.32,240,1492,1732
106.39.201.33,256,1658,1914
106.39.201.34,176,1132,1308
106.39.201.35,1458,1335,2793
106.39.201.40,609,1546,2155
106.39.201.41,645,531,1176
106.39.201.42,457,559,1016
106.39.201.43,433,324,757
106.39.201.44,2693,341,3034
106.39.201.45,444,414,858
106.39.201.46,644,427,1071
106.39.201.47,205,359,564
106.39.201.48,2464,918,3382
106.39.201.49,40,259,299
106.39.201.54,24,156,180
106.39.201.55,433,463,896
106.39.201.56,427,312,739
106.39.201.57,72,462,534
106.39.201.58,204,251,455
106.39.201.59,48,310,358
106.39.201.60,220,351,571
106.39.201.61,96,618,714
106.39.201.62,72,464,536
106.39.201.63,22856,7515,30371
106.39.204.80,990,2026,3016
106.39.204.82,138,286,424
106.39.204.84,2070,3137,5207
106.39.204.85,145,299,444
106.39.205.55,4684,5611,10295
106.39.205.56,4798,7570,12368
106.39.205.57,3172,5600,8772
106.39.208.15,7702629,46024,7748653
106.39.209.17,1137600,25194,1162794
106.39.209.29,18575,942,19517
106.39.209.59,324431,9494,333925
106.39.222.66,2032519,61181,2093700
106.39.222.67,1106536,52472,1159008
106.39.23.251,495,447,942
106.39.55.10,111500,2385,113885
106.39.76.226,53964,1458,55422
106.4.176.7,431,279,710
106.4.178.2,23377,610,23987
106.4.182.97,9537,53,9590
106.4.183.188,1007,130,1137
106.4.244.188,8942,200106,209048
106.40.121.186,41,143,184
106.40.68.148,819,1601,2420
106.40.89.158,238,153,391
106.41.172.43,410,800,1210
106.41.48.189,448,308,756
106.41.89.140,833,741,1574
106.42.190.161,104,200,304
106.42.59.78,9678,6257,15935
106.44.74.163,951,614,1565
106.46.132.13,1416857,13667,1430524
106.46.132.15,1289068,12541,1301609
106.46.132.17,22393813,55760,22449573
106.46.132.19,1349768,13912,1363680
106.46.132.20,8041669,25912,8067581
106.46.132.21,983393,14218,997611
106.46.155.237,12949,1794,14743
106.47.129.99,885,543,1428
106.5.124.249,16485,156,16641
106.5.158.87,9537,49,9586
106.5.242.64,131816,252,132068
106.5.93.232,206,597,803
106.50.16.203,36697,3928,40625
106.50.16.253,2447559,487093,2934652
106.50.16.254,28380,305358,333738
106.50.17.1,2022776,242257,2265033
106.51.242.191,0,1529,1529
106.56.148.54,88,122,210
106.56.196.241,926,411,1337
106.56.7.98,193703,598,194301
106.57.17.103,0,106,106
106.58.17.143,12297,102,12399
106.58.191.20,19074,106,19180
106.58.26.89,236,155,391
106.58.38.128,9537,52,9589
106.59.105.45,536,52,588
106.59.192.24,3040,6743,9783
106.59.212.89,719,1405,2124
106.59.217.140,7293,4621,11914
106.59.30.143,0,68,68
106.59.30.16,9537,53,9590
106.6.2.27,934074,1258,935332
106.6.27.145,149,113,262
106.7.102.114,9537,53,9590
106.7.109.100,9537,53,9590
106.7.13.160,9537,53,9590
106.7.64.80,2953756,35434,2989190
106.8.131.17,0,200,200
106.8.161.191,858,16604,17462
106.8.166.4,3748,1863041,1866789
106.8.202.208,102,187,289
106.8.215.230,9537,53,9590
106.8.255.239,16559,78,16637
106.80.19.45,9537,53,9590
106.80.27.205,4039,1153,5192
106.80.38.234,280,361,641
106.80.39.133,52545,3437,55982
106.80.40.175,374,200,574
106.80.44.13,14614,1212,15826
106.80.48.6,0,68,68
106.80.52.228,6473,1750,8223
106.80.52.82,9537,53,9590
106.80.57.139,1092,415,1507
106.80.58.123,33835,132,33967
106.80.59.8,12599,194079,206678
106.80.63.197,41,151,192
106.81.101.122,17782,771,18553
106.81.125.112,6512,5162,11674
106.81.127.11,997,1075,2072
106.81.157.202,9537,53,9590
106.81.34.14,9537,53,9590
106.81.55.236,41,151,192
106.83.8.152,203,399,602
106.84.13.3,7915,62061,69976
106.84.219.181,33312,132,33444
106.85.33.145,9537,53,9590
106.85.36.57,9537,53,9590
106.86.188.145,9537,49,9586
106.86.89.183,9537,52,9589
106.86.92.246,32983,1731,34714
106.88.117.215,76,81,157
106.88.129.236,86,103,189
106.88.138.96,67752,977,68729
106.88.147.4,19519,1335,20854
106.88.151.21,276,411,687
106.88.153.103,5936,1239,7175
106.88.155.164,84,84,168
106.88.184.178,37234,551,37785
106.88.190.14,0,53,53
106.88.205.90,9537,53,9590
106.9.153.107,9537,49,9586
106.90.166.172,0,68,68
106.91.16.196,868,129462,130330
106.91.19.249,1652,657,2309
106.91.26.98,601714,1515,603229
106.91.31.78,0,53,53
106.91.34.126,46883,200,47083
106.91.42.138,278916,167,279083
106.91.42.173,9537,53,9590
106.92.2.105,41,143,184
106.92.213.53,132139,268,132407
107.0.12.252,5268,677,5945
107.10.153.210,678,255,933
107.14.33.14,66527,1444,67971
107.14.33.160,6717,186,6903
107.14.33.173,13420,364,13784
107.14.33.21,65755,2523,68278
107.14.33.221,289,330,619
107.14.33.29,5980,788,6768
107.14.33.30,60398,32133,92531
107.14.33.32,35118,1640,36758
107.14.33.38,7634,284,7918
107.14.33.40,16526,852,17378
107.14.33.45,2061,291,2352
107.14.33.46,22681,2076,24757
107.14.33.48,0,0,0
107.14.33.53,9052,776,9828
107.14.33.61,3726,572,4298
107.14.33.62,34510,37131,71641
107.14.33.63,6481,21739,28220
107.14.33.69,291393,36522,327915
107.14.33.70,17402,2146,19548
107.14.33.71,29653,3995,33648
107.14.33.72,65940,10626,76566
107.150.46.120,96600,892,97492
107.150.52.83,1365,894,2259
107.150.97.171,7092,64,7156
107.152.186.231,128991,12896,141887
107.155.191.109,441,342,783
107.160.0.107,1110369,8625,1118994
107.160.188.1,251357,4270,255627
107.160.226.184,152198,11045,163243
107.160.226.187,44978,2666,47644
107.161.17.146,2757888,507,2758395
107.163.0.154,0,630,630
107.163.169.134,62950,177,63127
107.167.176.51,12050,11332,23382
107.170.100.0,133271,6888,140159
107.170.15.71,186535,6098,192633
107.170.152.216,622440,930,623370
107.170.170.117,663941,36332,700273
107.170.206.58,524912,52551,577463
107.170.36.82,0,489,489
107.170.40.96,48979,1863,50842
107.170.71.100,142221,12083,154304
107.178.164.209,37102,720,37822
107.181.155.200,77710,2453,80163
107.181.160.60,45540,1130,46670
107.181.225.87,6985,566,7551
107.181.236.0,0,0,0
107.181.242.2,31740,838,32578
107.181.249.241,124141,17364,141505
107.181.254.239,2646,536,3182
107.182.165.175,7503,3964,11467
107.183.55.42,64627,2392,67019
107.191.61.135,5792,3825,9617
107.20.107.115,1161737,112074,1273811
107.20.134.52,410418,15160,425578
107.20.135.16,5686,4413,10099
107.20.135.90,5838,1352,7190
107.20.138.229,4535,15966,20501
107.20.141.236,16426,6051,22477
107.20.141.59,5072262,1894010,6966272
107.20.145.115,12831,10145,22976
107.20.146.6,4860,1470,6330
107.20.148.230,312549,4618,317167
107.20.159.255,25539,4245,29784
107.20.160.198,6241,1884,8125
107.20.166.122,3512328,1331938,4844266
107.20.166.243,213,622,835
107.20.169.133,3684052,1520228,5204280
107.20.172.60,5104,35593,40697
107.20.176.141,1807173,854999,2662172
107.20.176.157,26763,2982,29745
107.20.179.212,431296,74286,505582
107.20.181.56,43179,7585,50764
107.20.183.140,22250,4439,26689
107.20.183.165,12980,7467,20447
107.20.185.236,6241,2652,8893
107.20.186.211,19363,9533,28896
107.20.191.255,3853,3672,7525
107.20.201.0,13880,11995,25875
107.20.201.20,3997,265,4262
107.20.201.26,66828,1074,67902
107.20.203.157,68999,79999,148998
107.20.203.195,34136,6943,41079
107.20.207.94,735,617,1352
107.20.213.64,102,1000,1102
107.20.215.216,454268,7443,461711
107.20.224.41,13186,9899,23085
107.20.227.169,54525,19323,73848
107.20.227.193,8332,10224,18556
107.20.233.10,1325812,654635,1980447
107.20.240.83,213,843,1056
107.20.242.107,3426990,1363741,4790731
107.20.242.49,36318,8706,45024
107.20.245.247,213,1031,1244
107.20.247.215,153,3862,4015
107.20.253.12,4535,15966,20501
107.20.46.72,1368,2384,3752
107.20.86.41,55121,298,55419
107.21.100.78,1273211,543138,1816349
107.21.102.160,4623,2629,7252
107.21.103.93,255,5555,5810
107.21.106.28,2097720,950757,3048477
107.21.108.163,9559,21169,30728
107.21.114.210,57611,48196,105807
107.21.114.28,540,2226,2766
107.21.114.90,736,613,1349
107.21.115.131,4072,1097,5169
107.21.116.14,13842,13030,26872
107.21.118.161,4585343,1868423,6453766
107.21.119.30,6306,1761,8067
107.21.120.25,102,2473,2575
107.21.121.80,287,371,658
107.21.126.144,51,463,514
107.21.127.154,6225,3132,9357
107.21.14.66,0,312,312
107.21.170.175,1758227,195071,1953298
107.21.18.229,187478,2688,190166
107.21.200.235,0,0,0
107.21.205.185,6769,12931,19700
107.21.206.76,923,1368,2291
107.21.207.8,51,1226,1277
107.21.208.121,1500,2745,4245
107.21.210.199,7018,2446,9464
107.21.210.65,19397,11214,30611
107.21.211.102,4825846,1799501,6625347
107.21.214.202,21957,4478,26435
107.21.215.202,6966,1128,8094
107.21.215.99,6326438,2238378,8564816
107.21.222.138,11016,3354,14370
107.21.23.51,0,259,259
107.21.232.140,9681,4209,13890
107.21.232.179,46344,31053,77397
107.21.237.106,0,0,0
107.21.237.204,12702,9016,21718
107.21.243.53,287,392,679
107.21.247.48,320,585,905
107.21.247.66,13673,1929,15602
107.21.249.105,1635,1062,2697
107.21.249.140,561,0,561
107.21.249.150,12909,7656,20565
107.21.249.55,941,1098,2039
107.21.250.132,16824,4356,21180
107.21.250.159,1501,1409,2910
107.21.250.226,3676,4093,7769
107.21.252.110,6322,5020,11342
107.21.254.218,2867087,1183466,4050553
107.21.31.135,12066,777,12843
107.21.44.217,1125,1186,2311
107.21.58.162,31430,115500,146930
107.21.6.136,18601,5531,24132
107.21.94.146,30156,7053,37209
107.21.94.198,6048,2834,8882
107.21.96.166,51,1328,1379
107.21.97.41,751,1069,1820
107.21.98.5,602910,39069,641979
107.22.128.91,636,4962,5598
107.22.160.21,23133,3330,26463
107.22.160.6,2322751,1053988,3376739
107.22.164.43,24608,24431,49039
107.22.169.183,42476,8455,50931
107.22.169.6,25286,5821,31107
107.22.174.20,1104,2166,3270
107.22.174.34,1104,2173,3277
107.22.176.6,3548,1183,4731
107.22.179.201,7074,1402,8476
107.22.180.246,2195622,915679,3111301
107.22.181.155,1907138,728045,2635183
107.22.182.154,51,1315,1366
107.22.182.195,36656,5207,41863
107.22.184.141,426,1098,1524
107.22.184.179,3601215,1584992,5186207
107.22.185.80,3898123,1438907,5337030
107.22.192.184,36084,7134,43218
107.22.197.115,24626,6175,30801
107.22.199.192,1782820,841117,2623937
107.22.212.166,12760,5607,18367
107.22.217.161,11729,3853,15582
107.22.218.46,1167919,514261,1682180
107.22.219.183,6728,5085,11813
107.22.219.238,2914284,1123488,4037772
107.22.221.197,6241,1868,8109
107.22.224.17,18918,4468,23386
107.22.229.238,6571,5584,12155
107.22.229.45,2123814,964357,3088171
107.22.230.136,29047,5782,34829
107.22.232.142,1168024,337651,1505675
107.22.236.218,2275631,942992,3218623
107.22.237.52,451,575,1026
107.22.238.161,18295,406,18701
107.22.238.17,1469736,717006,2186742
107.22.240.229,327,427,754
107.22.242.128,12612,2866,15478
107.22.244.191,4571,1854,6425
107.22.248.59,0,0,0
107.22.252.99,272966,25955,298921
107.22.253.214,62446,11255,73701
107.22.254.158,68543,1652,70195
107.22.255.217,5114334,2027094,7141428
107.22.99.65,350308,15943,366251
107.23.109.243,31349,8026,39375
107.23.11.122,1125,1202,2327
107.23.131.178,215856,7944,223800
107.23.131.95,491,510,1001
107.23.149.118,19852,4396,24248
107.23.166.75,0,182,182
107.23.175.107,57449,4508,61957
107.23.178.77,24222,1524,25746
107.23.185.25,34774,9272,44046
107.23.19.143,156,148,304
107.23.202.224,5191,3875,9066
107.23.22.134,0,0,0
107.23.224.24,2833,1276,4109
107.23.29.206,824,138,962
107.23.3.181,125819,5224,131043
107.23.5.114,750,749,1499
107.23.50.117,7985,2203,10188
107.23.52.221,4740,1916,6656
107.23.56.149,32468,10042,42510
107.23.57.70,19122,3537,22659
107.23.66.177,3193,1799,4992
107.23.72.1,507,416,923
107.6.114.212,702,565,1267
107.6.114.213,1973,3627,5600
107.6.114.214,2000,3644,5644
107.6.114.215,488,1206,1694
107.6.114.216,1420,1700,3120
108.101.62.65,133224,45920,179144
108.14.246.16,976,2861,3837
108.14.255.181,1708,265,1973
108.161.187.76,9354,2899,12253
108.161.188.214,147957,2412,150369
108.161.188.229,316537,1439,317976
108.161.188.231,4424473,47246,4471719
108.161.188.243,4918,1172,6090
108.161.189.150,5353,309,5662
108.161.189.178,9145,1912,11057
108.161.189.198,152487,16013,168500
108.161.189.199,153800,5824,159624
108.161.189.223,0,0,0
108.161.189.246,46196,12430,58626
108.162.192.27,0,0,0
108.162.193.27,14048,1551,15599
108.162.205.65,0,578,578
108.162.206.170,45670,810,46480
108.162.207.28,198430,37933,236363
108.162.232.201,77098,9636,86734
108.162.232.202,29054,3688,32742
108.162.232.203,23440,5164,28604
108.162.232.204,19061,3347,22408
108.162.232.205,15499,3563,19062
108.162.232.206,36080,5446,41526
108.162.232.207,27743,4347,32090
108.162.232.208,22023,3602,25625
108.162.232.209,33159,5493,38652
108.162.232.210,34855,5957,40812
108.162.232.212,25022,4266,29288
108.166.216.248,3926,181,4107
108.166.216.255,1275237,45470,1320707
108.166.34.99,12580,460,13040
108.166.51.90,834,372,1206
108.167.181.255,197862,498,198360
108.168.151.11,5389,2286,7675
108.168.176.200,3458,6484,9942
108.168.176.201,194,269,463
108.168.176.203,309,446,755
108.168.176.238,535,702,1237
108.168.176.239,158,244,402
108.168.176.243,145,241,386
108.168.176.244,158,218,376
108.168.176.245,1342,1654,2996
108.168.176.253,372,512,884
108.168.176.254,363,521,884
108.168.177.0,268,346,614
108.168.177.1,705,1123,1828
108.168.177.10,9450,36931,46381
108.168.177.2,390,378,768
108.168.180.103,433,516,949
108.168.180.112,217,341,558
108.168.180.113,2563,1171,3734
108.168.180.116,952,1086,2038
108.168.180.119,1759,6170,7929
108.168.180.120,127,241,368
108.168.180.121,490,673,1163
108.168.180.124,145,241,386
108.168.180.125,183,274,457
108.168.180.126,127,243,370
108.168.180.128,308,510,818
108.168.180.129,199,319,518
108.168.180.131,325,491,816
108.168.185.229,1766,6232,7998
108.168.185.249,399114,25124,424238
108.168.205.72,0,221,221
108.168.205.81,6304,1431,7735
108.168.213.97,92160,6033,98193
108.168.254.143,11668,4814,16482
108.168.254.144,7010,4267,11277
108.168.254.145,2511,610,3121
108.168.254.48,350776,9250,360026
108.171.240.175,46920,1120,48040
108.172.142.153,308,601,909
108.174.150.217,17839,182,18021
108.174.2.105,7221,14097,21318
108.174.2.134,284,918,1202
108.174.2.138,25537,1736,27273
108.175.169.200,12793,1743,14536
108.179.227.64,5913,273,6186
108.186.131.108,0,0,0
108.186.154.248,0,0,0
108.186.196.209,85179,8693,93872
108.187.168.217,314,440,754
108.60.207.72,1782850,699547,2482397
108.61.143.210,1042,612,1654
108.61.145.1,0,213,213
108.61.16.232,1447,299,1746
108.61.180.142,95242,1353,96595
108.61.200.230,515,397,912
108.61.201.13,708177,18183,726360
108.62.185.139,1675,672,2347
109.104.79.180,0,457,457
109.120.187.190,1494,1406,2900
109.123.24.143,61336,2420,63756
109.168.113.90,0,276,276
109.190.9.47,0,0,0
109.199.132.82,4362226,61658,4423884
109.229.254.192,94031,252,94283
109.230.212.59,0,415,415
109.230.216.35,126801,17421,144222
109.234.109.220,0,265,265
109.236.80.116,2572,570,3142
109.238.52.51,22709,1272,23981
109.239.110.109,17179,15211,32390
109.239.52.88,550,187,737
109.242.115.165,988,2885,3873
109.65.141.233,1068,609,1677
109.65.55.229,1147199,1121269,2268468
109.70.220.199,62588,6029,68617
109.74.203.156,39387,3567,42954
110.13.164.87,16580,33014,49594
110.152.113.4,760183,2045,762228
110.152.120.108,90,90,180
110.152.136.105,8280,53,8333
110.152.172.225,9537,49,9586
110.152.191.131,1168,341996,343164
110.152.2.201,49277,154,49431
110.152.207.75,224,154,378
110.152.42.95,518,169,687
110.152.65.44,102152,1006,103158
110.152.92.78,9537,53,9590
110.153.136.94,205,396,601
110.153.149.189,9537,53,9590
110.153.202.41,1331,2611,3942
110.153.220.166,215,123,338
110.153.25.175,103,201,304
110.153.43.91,12297,102,12399
110.153.76.104,14183,1886,16069
110.153.79.67,9537,53,9590
110.154.115.58,0,68,68
110.154.130.158,87,104,191
110.154.149.143,9537,49,9586
110.154.174.172,19074,106,19180
110.154.185.70,9537,53,9590
110.154.216.113,9537,53,9590
110.154.235.252,9537,53,9590
110.154.74.221,0,68,68
110.154.83.6,32141,115,32256
110.155.115.136,9541,53,9594
110.155.159.171,9537,53,9590
110.155.163.156,0,23,23
110.155.189.254,213,125,338
110.155.235.204,6825,3935352,3942177
110.155.240.242,152,60243,60395
110.155.25.98,0,68,68
110.155.251.110,129,159,288
110.155.52.100,30684,264,30948
110.155.71.184,3739,2387,6126
110.156.12.115,1279,36815,38094
110.156.157.159,9537,53,9590
110.156.165.85,9537,53,9590
110.156.183.82,9537,53,9590
110.156.34.106,440,115,555
110.156.38.113,9541,53,9594
110.159.11.22,8328,710206,718534
110.163.42.40,645196,1519,646715
110.164.254.35,1777,5892,7669
110.164.254.62,2979,245217,248196
110.164.5.192,629641,3821,633462
110.164.7.0,10926,535,11461
110.164.7.247,100,176,276
110.166.120.210,9537,53,9590
110.166.122.246,19074,105,19179
110.166.137.39,133586,999,134585
110.166.167.145,238,155,393
110.166.230.17,9537,53,9590
110.166.47.249,103,201,304
110.167.101.160,9537,52,9589
110.167.131.130,9537,53,9590
110.167.150.173,102,202,304
110.173.0.145,154599,4524,159123
110.173.196.103,82543,120306,202849
110.173.196.200,7121,24884,32005
110.173.196.247,5583315,3767279,9350594
110.173.196.250,8357,55287,63644
110.173.196.41,158862,961625,1120487
110.173.196.6,25600,454,26054
110.173.196.76,14030,2192,16222
110.173.196.85,25228,85912,111140
110.175.70.51,589,396,985
110.176.50.167,4140,53,4193
110.177.10.28,239,157,396
110.177.49.63,4140,49,4189
110.177.63.25,9537,53,9590
110.177.68.52,8617,193998,202615
110.177.75.215,1196,1918,3114
110.178.16.239,4205,98967,103172
110.178.23.92,358,279,637
110.178.255.103,3749,2541,6290
110.178.29.43,498,340,838
110.178.98.213,1406,899,2305
110.179.146.191,214,122,336
110.179.158.157,1140,711,1851
110.179.164.21,16528,112,16640
110.179.214.201,134038,50,134088
110.179.232.232,114935,50,114985
110.179.49.228,1031,1994,3025
110.179.98.188,0,68,68
110.179.98.60,3414,2252112,2255526
110.18.245.37,448,1537,1985
110.18.67.22,41,151,192
110.180.128.152,8208,12348,20556
110.180.141.241,9537,49,9586
110.180.177.172,1741,1384,3125
110.180.212.255,1835,1404,3239
110.180.224.74,214,123,337
110.180.26.102,1036383,1441,1037824
110.180.82.79,323,668,991
110.181.130.62,1179,415,1594
110.181.225.29,9537,52,9589
110.181.62.51,961,771,1732
110.181.68.183,9541,53,9594
110.181.98.165,2811,32597,35408
110.182.184.174,175186,339,175525
110.182.236.17,1282,1853,3135
110.182.246.250,450,278,728
110.183.142.81,16563,38,16601
110.183.234.83,995,85277,86272
110.183.241.95,9537,49,9586
110.184.175.83,49285,162,49447
110.184.8.175,4906,3378,8284
110.185.195.39,84,111,195
110.185.228.133,79,84,163
110.185.232.21,24816,6203747,6228563
110.185.242.121,9537,53,9590
110.185.249.150,9537,53,9590
110.185.251.9,557,387,944
110.188.122.102,9664,222,9886
110.188.2.209,34645,3244,37889
110.188.2.210,1493495,4562,1498057
110.188.49.186,204,400,604
110.188.51.107,0,548,548
110.189.176.81,238,156,394
110.189.211.88,1674,1087,2761
110.189.223.246,9537,53,9590
110.189.255.178,204,401,605
110.19.122.251,41,151,192
110.190.187.176,711,14666,15377
110.190.237.176,9537,53,9590
110.191.160.138,131261,221,131482
110.191.168.212,184,274,458
110.191.171.242,204,400,604
110.191.173.129,131091,623,131714
110.191.173.133,460,3090,3550
110.191.186.155,215998,800,216798
110.191.198.111,192,98472,98664
110.191.202.7,791622,1109,792731
110.191.210.32,5158,3571,8729
110.191.216.48,409,804,1213
110.205.157.133,578,1190,1768
110.230.11.40,82,286,368
110.230.32.103,41,151,192
110.231.25.57,41,151,192
110.231.48.44,0,68,68
110.231.83.150,41,151,192
110.232.137.200,969,3679,4648
110.232.178.87,164881,3683,168564
110.240.146.117,0,572,572
110.240.79.98,41,151,192
110.241.103.234,39,183,222
110.241.98.236,0,130,130
110.242.36.76,41,143,184
110.243.208.158,50470,2649,53119
110.243.217.107,41,151,192
110.243.242.200,41,151,192
110.245.182.117,41,0,41
110.245.73.216,237,251,488
110.247.36.34,44,63,107
110.248.212.222,41,151,192
110.248.214.210,0,204,204
110.248.237.224,41,151,192
110.248.32.170,41,151,192
110.248.39.100,41,151,192
110.249.134.87,8576,678,9254
110.249.254.146,9576,454,10030
110.250.22.136,1750,1533,3283
110.250.83.149,41,143,184
110.252.245.213,0,204,204
110.253.115.99,340,553,893
110.254.128.9,41,151,192
110.254.49.136,0,68,68
110.255.85.43,41,151,192
110.3.145.83,0,68,68
110.34.191.27,186313,28842,215155
110.34.197.208,58861,19958,78819
110.4.45.140,331196,11265,342461
110.44.76.238,1220,5499,6719
110.45.144.170,47278,1260,48538
110.45.173.223,236150,11360,247510
110.45.173.224,771221,5837,777058
110.51.171.128,41,151,192
110.52.120.147,41,151,192
110.52.34.117,24196,1309,25505
110.52.35.72,18882,826,19708
110.53.19.228,129,460,589
110.6.46.40,41,151,192
110.6.78.107,41,151,192
110.64.151.11,20700,448,21148
110.7.191.90,41,143,184
110.72.231.34,41,143,184
110.72.236.46,1943,1114,3057
110.72.238.162,0,130,130
110.75.10.18,1840810,1445020,3285830
110.75.10.19,3829,591,4420
110.75.10.20,48260,717,48977
110.75.10.6,23694,4607,28301
110.75.10.8,178312,779385,957697
110.75.103.48,4608,5974,10582
110.75.112.52,119070,422746,541816
110.75.114.12,2026734,674301,2701035
110.75.114.30,33691,20956,54647
110.75.115.75,11824,28590,40414
110.75.115.87,1034,1088,2122
110.75.132.47,7818,1441,9259
110.75.132.51,190347,73062,263409
110.75.134.78,3140265,2813607,5953872
110.75.142.116,4483087,70721,4553808
110.75.142.36,112900,37952,150852
110.75.143.93,4526,1535,6061
110.75.146.36,119192,43752,162944
110.75.151.19,7248,21604,28852
110.75.151.211,5521,2737,8258
110.75.151.51,82094,29860,111954
110.75.154.193,9092,3107,12199
110.75.156.51,92326,69470,161796
110.75.156.99,70760,6321,77081
110.75.158.109,400729,96219,496948
110.75.158.114,78353,31800,110153
110.75.158.118,18880,3381,22261
110.75.158.38,2752804,8118157,10870961
110.75.158.56,8561,576,9137
110.75.158.85,13188,33000,46188
110.75.158.95,256984,102223,359207
110.75.18.90,71770,91206,162976
110.75.18.91,52849,69053,121902
110.75.18.92,59088,77330,136418
110.75.18.93,56155,71108,127263
110.75.188.165,29563,3702,33265
110.75.206.13,2258646,1566126,3824772
110.75.206.19,118410,901718,1020128
110.75.206.93,1424,5644,7068
110.75.206.98,26634,54372,81006
110.75.231.162,17026,2351,19377
110.75.231.17,604,1815,2419
110.75.231.30,493085,153409,646494
110.75.231.51,984386,243264,1227650
110.75.231.99,71668,8095,79763
110.75.29.137,21459,1397,22856
110.75.38.142,4420,13055,17475
110.75.48.149,332677,94696,427373
110.75.65.103,1482132,7461012,8943144
110.75.65.12,216583,1692914,1909497
110.75.65.49,25085,965,26050
110.75.66.17,9821,229,10050
110.75.66.20,436415,1299379,1735794
110.75.69.145,1180637,350869,1531506
110.75.69.146,457310,125748,583058
110.75.69.65,65602,89140,154742
110.75.69.67,654172,1769444,2423616
110.75.69.72,7280,25978,33258
110.75.69.74,58336,89233,147569
110.75.70.10,334,1161,1495
110.75.70.12,27180,176956,204136
110.75.70.32,24763,42659,67422
110.75.70.39,579731,441826,1021557
110.75.70.7,6634,18112,24746
110.75.70.83,7676,32680,40356
110.75.70.90,51640,72876,124516
110.75.74.74,594,2143,2737
110.75.74.78,67052,5634,72686
110.75.74.87,41877,252323,294200
110.75.8.101,6667,1709,8376
110.75.8.14,1155146,1439519,2594665
110.75.8.21,11940,55167,67107
110.75.8.23,3657,18495,22152
110.75.8.24,2189,5057,7246
110.75.8.25,6450,18006,24456
110.75.8.26,1084,10242,11326
110.75.8.30,8530630,2861115,11391745
110.75.8.32,15608594,1230388,16838982
110.75.8.6,560790,1312311,1873101
110.75.8.7,28168,84249,112417
110.75.82.109,61327,16105,77432
110.75.82.19,11805,412,12217
110.75.82.71,118186,49100,167286
110.75.82.89,24074,7167,31241
110.75.82.95,4760,19887,24647
110.75.82.96,332,536,868
110.75.82.99,22739,28686,51425
110.75.83.36,18199,1836,20035
110.75.83.53,5350,14150,19500
110.75.84.32,354589,6383,360972
110.75.84.53,125112,465459,590571
110.75.84.55,283023,147479,430502
110.75.84.62,404,1224,1628
110.75.85.21,25679,19473,45152
110.75.96.17,236208,67287,303495
110.75.96.31,77243,318203,395446
110.75.96.33,609212,17070,626282
110.75.96.48,9526,16952,26478
110.75.96.51,551344,112390,663734
110.75.96.52,279025,138588,417613
110.75.96.59,11805,610,12415
110.75.96.83,1816,1074,2890
110.75.98.56,15125,5862,20987
110.75.98.98,88116,6522,94638
110.75.99.110,751,1400,2151
110.75.99.36,256575,113894,370469
110.75.99.76,281594,803096,1084690
110.75.99.82,332,606,938
110.75.99.91,1456,4938,6394
110.76.10.30,510679,132354,643033
110.76.15.30,890253,294002,1184255
110.76.15.49,30327,8813,39140
110.76.18.30,1272138,557235,1829373
110.76.18.49,5296,1646,6942
110.76.19.110,290033,342197,632230
110.76.19.123,12169,41545,53714
110.76.19.135,41402,9469,50871
110.76.19.16,3446040,268586,3714626
110.76.19.18,5989,5275,11264
110.76.19.28,4652,388,5040
110.76.19.38,944,1633,2577
110.76.19.76,927709,68497,996206
110.76.19.98,9722,4322,14044
110.76.20.110,202675,244169,446844
110.76.20.114,49108,5518,54626
110.76.20.115,96202,13471,109673
110.76.20.117,798238,330134,1128372
110.76.20.118,262601,40571,303172
110.76.20.123,184533,562534,747067
110.76.20.125,25272,3651,28923
110.76.20.128,107776,43380,151156
110.76.20.135,322316,74437,396753
110.76.20.17,2197189,1188603,3385792
110.76.20.18,139719,126335,266054
110.76.20.183,373854,86509,460363
110.76.20.19,110976,125235,236211
110.76.20.26,556036,99844,655880
110.76.20.27,26638,6746,33384
110.76.20.28,29397,2787,32184
110.76.20.29,11422,6222,17644
110.76.20.30,210033,11328,221361
110.76.20.37,181076,53440,234516
110.76.20.38,16241,3317,19558
110.76.20.49,33135,47077,80212
110.76.20.57,173096,38150,211246
110.76.20.64,28503,4500,33003
110.76.20.65,6659,3814,10473
110.76.20.66,296247,20393,316640
110.76.20.70,15195,2855,18050
110.76.20.74,144805,45407,190212
110.76.20.76,240103,12124,252227
110.76.20.78,3455964,2576498,6032462
110.76.20.86,211911,24995,236906
110.76.20.88,26597,4400,30997
110.76.20.98,49361,26564,75925
110.76.3.126,187129,10727,197856
110.76.3.162,52382,6738,59120
110.76.3.30,391384,93483,484867
110.76.3.49,147047,54787,201834
110.76.3.51,36676,8341,45017
110.76.3.68,196040,73888,269928
110.76.3.72,442411,61094,503505
110.76.3.97,20227,5187,25414
110.76.39.135,521147,9143,530290
110.76.39.237,63480,434,63914
110.76.40.142,54780,5221,60001
110.76.40.188,499422,9472,508894
110.76.40.245,6265,9890,16155
110.76.42.108,44160,1368,45528
110.76.43.107,20507,4719,25226
110.76.45.147,2565131,1306198,3871329
110.76.45.241,38826,15821,54647
110.76.46.203,1934248,67534,2001782
110.76.47.132,1710380,22957,1733337
110.76.47.133,259565,15597,275162
110.76.47.137,54202,1316,55518
110.76.47.142,397491,9427,406918
110.76.47.144,537415,14137,551552
110.76.47.146,116325,10172,126497
110.76.47.150,1398193,29467,1427660
110.76.47.152,1438545,21421,1459966
110.76.47.153,162758,7607,170365
110.76.47.156,2290551,24641,2315192
110.76.47.157,41930,7627,49557
110.76.47.159,480833,22958,503791
110.76.47.19,610677,6150,616827
110.76.6.106,206121,87840,293961
110.76.6.109,294672,83925,378597
110.76.6.113,43420,6492,49912
110.76.6.118,23786,7331,31117
110.76.6.122,2060181,245116,2305297
110.76.6.133,659515,117949,777464
110.76.6.28,487474,254177,741651
110.76.6.29,119477,85156,204633
110.76.6.34,321086,105163,426249
110.76.6.38,343356,885825,1229181
110.76.6.39,78764,66948,145712
110.76.6.41,41192,3874,45066
110.76.6.43,427559,99913,527472
110.76.6.56,48394,4217,52611
110.76.6.61,16890,7987,24877
110.76.6.62,65388,28251,93639
110.76.6.65,108141,45787,153928
110.76.6.76,669650,52100,721750
110.76.6.79,168271,50217,218488
110.76.6.82,85297,28750,114047
110.76.6.85,66377,88639,155016
110.76.6.95,6266025,1799942,8065967
110.76.6.98,25143,9393,34536
110.77.0.48,2948,2092,5040
110.77.117.105,2760,53,2813
110.77.226.56,251206,79071,330277
110.80.118.27,0,73,73
110.80.136.64,6938,476,7414
110.80.50.228,1005,415,1420
110.80.67.98,0,68,68
110.80.68.46,116025,595,116620
110.80.68.68,1272,396,1668
110.80.68.94,17803,4380142,4397945
110.80.69.204,0,68,68
110.80.7.47,4140,184,4324
110.81.155.148,149794,5796,155590
110.81.155.169,523384,696,524080
110.81.239.218,0,0,0
110.81.37.80,27601,266,27867
110.81.4.49,2932,18350,21282
110.81.73.196,0,68,68
110.81.79.116,41,151,192
110.81.90.83,478,306,784
110.82.227.4,9537,53,9590
110.82.228.220,9537,53,9590
110.82.99.9,9537,53,9590
110.83.2.150,9537,53,9590
110.83.72.47,271078,2529,273607
110.83.76.116,235,156,391
110.84.216.77,33884,149,34033
110.84.49.236,9537,53,9590
110.85.127.95,0,604,604
110.85.249.70,214,123,337
110.85.5.253,77244,14734,91978
110.85.5.254,206738,1568,208306
110.85.5.83,6681017,695019,7376036
110.85.6.0,9397,370,9767
110.85.71.81,9540,53,9593
110.85.95.51,925,588,1513
110.86.112.78,515,1007,1522
110.86.114.104,910,556,1466
110.86.142.237,66771,166,66937
110.87.104.112,309,600,909
110.87.123.77,370,665,1035
110.87.215.76,1380,53,1433
110.87.56.99,0,0,0
110.88.185.123,19074,106,19180
110.88.3.69,9537,53,9590
110.88.55.143,5880,3815,9695
110.88.59.210,408,802,1210
110.89.103.102,17507,7909047,7926554
110.89.204.100,4513,175009,179522
110.89.206.15,14238,1132105,1146343
110.90.126.143,34500,684,35184
110.90.127.238,838,25654,26492
110.90.31.31,1257,200515,201772
110.90.32.239,240,156,396
110.90.80.210,24,32,56
110.90.80.91,17790,4716079,4733869
110.90.82.242,1274,509,1783
111.1.17.94,7226,448,7674
111.1.23.183,692,1526,2218
111.1.53.144,257,544,801
111.1.53.145,1187,1517,2704
111.1.53.147,50498,255458,305956
111.1.53.156,0,320,320
111.107.254.157,200,356,556
111.11.184.22,0,63,63
111.11.184.25,0,63,63
111.11.184.26,0,63,63
111.11.184.41,0,63,63
111.11.184.42,0,63,63
111.11.184.49,0,255,255
111.11.184.84,0,255,255
111.11.184.85,0,255,255
111.11.184.87,0,255,255
111.11.184.88,0,63,63
111.11.184.90,0,63,63
111.110.68.132,859,2717,3576
111.112.53.162,714,468,1182
111.112.79.6,9541,53,9594
111.113.218.233,6348,9590,15938
111.115.69.107,810,411,1221
111.121.181.39,17172,239,17411
111.122.10.115,9541,53,9594
111.122.115.245,16440,106,16546
111.122.137.46,9541,53,9594
111.122.22.32,410,801,1211
111.122.224.107,9537,53,9590
111.123.136.164,235,158,393
111.123.199.65,9537,53,9590
111.123.225.215,1598,263274,264872
111.123.69.240,9537,53,9590
111.123.69.81,9537,53,9590
111.123.76.218,9540,49,9589
111.123.85.231,1380,53,1433
111.124.125.239,9537,53,9590
111.124.151.45,82071,171,82242
111.124.159.84,409,804,1213
111.124.24.41,6269,132,6401
111.124.248.70,86,103,189
111.124.253.44,16531,90,16621
111.124.28.252,9537,53,9590
111.126.133.171,73221,65231770,65304991
111.126.140.181,511,1002,1513
111.126.148.18,53617,505,54122
111.126.205.89,9541,53,9594
111.126.233.68,747,427440,428187
111.126.253.141,617,132,749
111.126.255.248,1274,42672,43946
111.126.94.23,9537,53,9590
111.127.116.119,89695,79,89774
111.127.131.206,3051,1953,5004
111.127.29.161,0,130,130
111.127.78.223,9537,53,9590
111.13.100.174,192316,8535,200851
111.13.100.178,492,3371,3863
111.13.100.252,1998,1457,3455
111.13.100.91,45,233,278
111.13.100.97,21708,436,22144
111.13.101.63,1999,630,2629
111.13.101.81,89319,904117,993436
111.13.108.108,151416,2578,153994
111.13.113.53,122728,5974,128702
111.13.12.111,937,3688,4625
111.13.12.115,450,2796,3246
111.13.12.147,10854,218,11072
111.13.12.167,360,2099,2459
111.13.12.24,3196,3984,7180
111.13.12.48,8653,13644,22297
111.13.12.71,162871,602377,765248
111.13.123.157,739,302,1041
111.13.26.73,23460,450,23910
111.13.28.26,3922,683,4605
111.13.32.127,276401,317486,593887
111.13.32.42,426743,205822,632565
111.13.34.105,6451,1086,7537
111.13.34.107,24535,370,24905
111.13.46.105,14723,7735,22458
111.13.46.107,220377,16471,236848
111.13.47.166,61702,6151,67853
111.13.47.54,180,504,684
111.13.47.59,422,840,1262
111.13.48.104,582,678,1260
111.13.48.105,161,266,427
111.13.48.108,711,497,1208
111.13.49.137,1298,909,2207
111.13.49.255,43497,193522,237019
111.13.51.70,1247395,63903,1311298
111.13.56.115,319818,6034,325852
111.13.56.125,82341,1584,83925
111.13.57.146,8047,7015,15062
111.13.57.147,2677997,137968,2815965
111.13.65.246,181,281,462
111.13.65.249,303,733,1036
111.13.65.52,433,266,699
111.13.87.108,88,205,293
111.13.87.109,184,535,719
111.13.87.112,200,551,751
111.13.87.115,544,778,1322
111.13.87.117,88,205,293
111.13.87.131,176,410,586
111.13.87.137,424,783,1207
111.13.87.138,632,983,1615
111.13.87.216,7957,1311,9268
111.13.87.217,722,1676,2398
111.13.87.246,1651,4769,6420
111.13.88.219,258425,179278,437703
111.13.88.224,890,194,1084
111.13.88.253,58975,5330,64305
111.13.88.44,493,1147,1640
111.13.88.51,2342,1147,3489
111.13.89.1,8128,4765,12893
111.13.89.104,269,588,857
111.13.89.111,59,406,465
111.13.89.112,138,743,881
111.13.89.113,165,800,965
111.13.89.114,229,1523,1752
111.13.89.116,142,558,700
111.13.96.34,116842,8095,124937
111.16.80.58,136,376,512
111.160.182.24,9798,460,10258
111.161.100.251,2414846,77106,2491952
111.161.100.253,8633,1370,10003
111.161.100.3,173100,149103,322203
111.161.104.102,0,0,0
111.161.104.237,0,0,0
111.161.104.239,0,0,0
111.161.104.37,0,0,0
111.161.104.39,0,0,0
111.161.104.56,141645,731,142376
111.161.104.75,0,0,0
111.161.104.79,0,0,0
111.161.104.97,109999,2296,112295
111.161.105.106,1136,49086,50222
111.161.105.2,0,0,0
111.161.111.109,243949,2214,246163
111.161.111.119,9510,769,10279
111.161.111.121,185929,8777,194706
111.161.111.122,36452,2014,38466
111.161.111.129,27038,1153,28191
111.161.111.130,80342,1440,81782
111.161.111.22,5451,1129,6580
111.161.18.210,637332,159971,797303
111.161.18.211,470641,117718,588359
111.161.18.212,549173,139584,688757
111.161.18.213,529416,156184,685600
111.161.18.214,456462,125731,582193
111.161.18.215,529724,148825,678549
111.161.18.216,687978,155657,843635
111.161.18.233,692840,186416,879256
111.161.18.236,676487,162785,839272
111.161.182.147,0,130,130
111.161.186.167,141687,917,142604
111.161.24.205,2900,62521,65421
111.161.24.206,3016,79192,82208
111.161.46.114,436,892,1328
111.161.46.120,66381,10775,77156
111.161.46.82,516907,44265,561172
111.161.46.90,952,1183,2135
111.161.48.221,0,0,0
111.161.48.222,38136,7147,45283
111.161.48.223,19201,24417,43618
111.161.48.226,11386,2557,13943
111.161.48.227,2478,2632,5110
111.161.48.228,1165,2964,4129
111.161.48.229,55231,28847,84078
111.161.48.30,32640,7656,40296
111.161.48.51,203,3388,3591
111.161.48.68,498,1418,1916
111.161.49.173,2592,1973,4565
111.161.52.152,1516,1426,2942
111.161.52.153,142706,125090,267796
111.161.52.154,0,0,0
111.161.52.155,1204,1043,2247
111.161.52.156,1144,1068,2212
111.161.52.157,228,236,464
111.161.52.158,172,149,321
111.161.52.159,67795,22967,90762
111.161.52.160,0,0,0
111.161.52.161,0,0,0
111.161.52.162,71017,57391,128408
111.161.52.163,414,415,829
111.161.52.19,129,413,542
111.161.52.201,1957,3893,5850
111.161.52.23,3440,2948,6388
111.161.52.26,6853,6126,12979
111.161.53.107,39672,11000,50672
111.161.53.111,80340,13358,93698
111.161.53.112,312890,39115,352005
111.161.55.182,40901,10566,51467
111.161.57.27,10247,13968,24215
111.161.57.40,196169,60030,256199
111.161.57.58,4471,5164,9635
111.161.60.17,12254,9068,21322
111.161.62.40,237886,238869,476755
111.161.65.84,1847784,21541,1869325
111.161.68.233,52863,63976,116839
111.161.68.237,2851,2766,5617
111.161.68.240,7435171,8782071,16217242
111.161.68.65,176176,13772,189948
111.161.68.66,60035,1105,61140
111.161.68.72,438652,11884,450536
111.161.68.73,735619,7552,743171
111.161.81.206,68554,22061,90615
111.161.83.161,310,436,746
111.161.83.167,69727,21246,90973
111.161.83.195,30422,6380,36802
111.161.83.60,0,6487,6487
111.161.88.108,331196,52316,383512
111.161.88.91,33443,968,34411
111.161.99.110,4864,5735,10599
111.161.99.111,4184,5239,9423
111.161.99.112,2824,3332,6156
111.161.99.113,7624,9046,16670
111.161.99.114,2528,2857,5385
111.161.99.253,3762,4753,8515
111.161.99.254,543,10304,10847
111.162.174.244,0,130,130
111.163.240.152,203533,1173,204706
111.164.249.254,41,151,192
111.167.100.28,41,151,192
111.167.104.229,665,348,1013
111.167.171.71,258,491,749
111.167.197.7,0,130,130
111.170.1.167,37861,3534417,3572278
111.170.232.39,52394,12404,64798
111.170.234.27,0,744,744
111.170.234.31,440761,1061,441822
111.170.234.41,4165052,2598,4167650
111.170.234.50,27602998,36313,27639311
111.170.234.52,1690,3711,5401
111.170.234.53,1190431443,28619913,1219051356
111.170.234.54,1194047,74732,1268779
111.172.106.252,550,18113,18663
111.172.154.197,453,312,765
111.172.75.185,73959,193,74152
111.172.89.157,9537,53,9590
111.175.100.190,16555,30,16585
111.175.110.195,925,1805,2730
111.175.167.181,474,11870,12344
111.176.108.225,41,143,184
111.176.108.227,9537,49,9586
111.176.54.232,1657,994,2651
111.176.98.255,310,200,510
111.177.0.60,187,73,260
111.177.111.136,58360,6748,65108
111.177.111.139,15681,2652,18333
111.177.111.148,91726,5004,96730
111.177.111.151,360656,10662,371318
111.177.111.88,17336,955,18291
111.177.159.224,0,68,68
111.177.203.178,9537,49,9586
111.177.207.173,9541,53,9594
111.177.49.25,19393,6615,26008
111.178.111.210,10917,106,11023
111.178.226.150,103,186,289
111.178.59.72,9094,614,9708
111.179.122.40,0,52,52
111.179.172.123,9537,53,9590
111.179.4.56,164634,174,164808
111.179.51.116,9537,53,9590
111.180.138.167,9537,53,9590
111.180.160.98,41,151,192
111.181.135.30,9537,53,9590
111.181.164.205,9537,53,9590
111.181.232.52,89236,538,89774
111.181.70.6,224,154,378
111.181.85.88,9701,889,10590
111.182.11.11,1241,10561,11802
111.182.54.57,19074,106,19180
111.182.91.74,309,603,912
111.183.212.236,9537,53,9590
111.183.72.39,0,68,68
111.184.209.241,1050,554,1604
111.184.97.14,0,274,274
111.186.71.132,755,411,1166
111.186.93.123,9537,53,9590
111.192.22.103,129,218,347
111.193.198.233,420,396,816
111.194.14.213,41,151,192
111.195.118.157,41,151,192
111.195.251.87,1101,779,1880
111.197.151.236,10339,24067,34406
111.197.152.45,837,1159,1996
111.199.148.142,41,151,192
111.200.131.225,18700,473,19173
111.201.75.80,0,130,130
111.202.12.79,42750,130084,172834
111.202.37.105,985,1453,2438
111.202.37.47,14075,812,14887
111.202.37.55,1833,1836,3669
111.202.57.32,2069563,145628,2215191
111.202.60.49,5302,1512,6814
111.202.60.52,818661,64616,883277
111.202.60.53,3945682,198882,4144564
111.202.60.56,201598,3140,204738
111.202.7.147,1588,186,1774
111.202.7.148,0,0,0
111.202.7.149,0,0,0
111.202.7.151,746771,17549,764320
111.202.7.154,1044,7516,8560
111.202.7.155,930876,41392,972268
111.202.7.156,465644,14599,480243
111.202.7.17,287815,38267,326082
111.202.7.185,0,0,0
111.202.7.20,651854,19466,671320
111.202.7.200,61010,4630,65640
111.202.7.23,6949,4056,11005
111.202.7.24,340067,13277,353344
111.202.7.26,151552,6336,157888
111.202.7.35,20103,3506,23609
111.202.7.56,522,3758,4280
111.202.8.1,5139130,136588,5275718
111.203.133.37,687,5961,6648
111.203.20.14,41438,1346,42784
111.205.119.101,8280,229,8509
111.205.122.226,221742,6990,228732
111.205.160.76,1145,770,1915
111.205.160.77,8037,4630,12667
111.205.32.21,1264,190,1454
111.205.50.219,8020,649,8669
111.206.107.67,389856,1078,390934
111.206.107.75,1155,2648,3803
111.206.107.76,31564,14190,45754
111.206.107.93,110,406,516
111.206.108.43,3704,2321,6025
111.206.108.45,255,549,804
111.206.108.48,3089,4878,7967
111.206.108.49,665,814,1479
111.206.12.67,3192,1512,4704
111.206.120.39,2181,684,2865
111.206.133.57,2244920,101292,2346212
111.206.172.155,29933,5347,35280
111.206.172.219,825,1076,1901
111.206.172.224,646,758,1404
111.206.200.10,19723,635,20358
111.206.200.11,6272,2769,9041
111.206.200.13,24140,13787,37927
111.206.200.18,2353,4568,6921
111.206.200.25,94572,27103,121675
111.206.200.30,2869,4127,6996
111.206.200.31,0,0,0
111.206.200.34,64016,10621,74637
111.206.200.9,3622,10584,14206
111.206.208.234,146,377,523
111.206.208.246,2411,539,2950
111.206.208.255,7121,4357,11478
111.206.211.244,3930,485,4415
111.206.217.110,1300198,90799,1390997
111.206.217.111,4317484,154481,4471965
111.206.217.33,1485451,7287,1492738
111.206.217.36,188647,9511,198158
111.206.217.37,2656,2340,4996
111.206.22.181,1839,3352,5191
111.206.227.103,639464,1158613,1798077
111.206.227.107,993401,1543996,2537397
111.206.227.112,33876,44273,78149
111.206.227.121,651568,29460,681028
111.206.227.151,1922,4240,6162
111.206.227.158,2030,2844,4874
111.206.227.159,1390,1447,2837
111.206.227.166,166050,252519,418569
111.206.227.170,2844,1518,4362
111.206.227.171,7673,2746,10419
111.206.227.236,29811,8613,38424
111.206.227.251,1008231,196193,1204424
111.206.227.32,831450,199789,1031239
111.206.227.33,866,4451,5317
111.206.227.35,5944,670,6614
111.206.227.44,543,1678,2221
111.206.227.61,6787,28044,34831
111.206.227.62,75479,7348,82827
111.206.227.64,225357,764344,989701
111.206.227.66,27016,49757,76773
111.206.227.87,1696,13488,15184
111.206.227.88,8923,49685,58608
111.206.227.91,5955,19008,24963
111.206.231.6,738532,28996,767528
111.206.235.37,98972,6954,105926
111.206.239.27,52876,17232,70108
111.206.239.29,875043,15473,890516
111.206.241.108,4896,2112,7008
111.206.241.109,1510,1792,3302
111.206.241.110,4150,2010,6160
111.206.241.111,1345,2452,3797
111.206.241.112,1133,927,2060
111.206.241.113,128,728,856
111.206.241.118,724,1040,1764
111.206.241.119,2424,2216,4640
111.206.241.120,947,1486,2433
111.206.241.121,632,944,1576
111.206.241.122,3586,1657,5243
111.206.241.123,1648,1429,3077
111.206.241.124,1669,1503,3172
111.206.241.125,650,1715,2365
111.206.243.183,88,168,256
111.206.25.146,333392,236822,570214
111.206.25.147,0,0,0
111.206.25.148,0,0,0
111.206.25.151,151040,48427,199467
111.206.25.152,294,4244,4538
111.206.37.108,169,357,526
111.206.37.157,12432,26648,39080
111.206.37.195,402,367,769
111.206.37.198,318314,1423793,1742107
111.206.37.42,4959,1217,6176
111.206.44.22,1639,6297,7936
111.206.52.116,466,879,1345
111.206.52.123,41506399,60720490,102226889
111.206.52.127,11489,26301,37790
111.206.52.130,1073,6645,7718
111.206.52.74,11632847,300827,11933674
111.206.52.78,1980,2280,4260
111.206.52.80,12830159,234850,13065009
111.206.52.82,2262,2637,4899
111.206.52.87,2921,1485,4406
111.206.52.88,1014,6643,7657
111.206.61.138,1364,394,1758
111.206.64.144,1134091,39806,1173897
111.206.65.145,2836,20924,23760
111.206.65.147,10383,23606,33989
111.206.65.156,123,962,1085
111.206.65.184,4508,7976,12484
111.206.65.185,226,341,567
111.206.65.187,913,1271,2184
111.206.65.194,347010,58643,405653
111.206.65.207,671662,13067,684729
111.206.65.210,13153,27833,40986
111.206.65.214,20759,1972,22731
111.206.65.216,172279,488930,661209
111.206.65.218,3188,5819,9007
111.206.65.230,59705,9430,69135
111.206.65.231,348,8542,8890
111.206.65.246,1486125,360121,1846246
111.206.65.247,16914,55597,72511
111.206.65.252,454182,25801,479983
111.206.65.253,16870,22485,39355
111.206.65.254,164492,188085,352577
111.206.65.255,745732,14115,759847
111.206.66.1,255583,38858,294441
111.206.66.46,16165,9030,25195
111.206.66.48,905,6398,7303
111.206.66.49,225536,14417,239953
111.206.66.50,10081,3254,13335
111.206.66.52,15216,20549,35765
111.206.66.53,2755,24502,27257
111.206.66.67,414266,9037,423303
111.206.76.37,441046,22237,463283
111.206.76.38,303724,46799,350523
111.206.76.39,121560,15156,136716
111.206.76.42,6096,32564,38660
111.206.76.43,1209,454,1663
111.206.76.44,393508,2487,395995
111.206.76.50,236132,7774,243906
111.206.76.52,7570143,3783,7573926
111.206.76.53,259424,43632,303056
111.206.76.54,1035484,47160,1082644
111.206.81.182,2888,3486,6374
111.206.81.186,212772,28144,240916
111.206.81.209,648,1901,2549
111.206.81.211,826,1242,2068
111.206.81.214,2097,2409,4506
111.206.81.216,4752,1841,6593
111.206.81.223,1586,1469,3055
111.206.81.226,1220,1725,2945
111.206.81.228,3692,5603,9295
111.206.81.230,60671,9673,70344
111.206.81.234,1584963,376143,1961106
111.206.81.237,299808,239408,539216
111.206.81.239,143901,5989,149890
111.207.187.88,319,445,764
111.207.201.95,17307,678,17985
111.207.44.226,14210,898,15108
111.221.123.236,1289,529,1818
111.221.124.109,9008,3203,12211
111.221.124.151,4512,1895,6407
111.221.124.45,5147,3272,8419
111.221.18.85,3948,1851,5799
111.221.18.88,15024,4499,19523
111.221.21.54,28118,7557,35675
111.221.29.16,91621,275986,367607
111.221.29.18,546343,264994,811337
111.221.29.21,77700,99455,177155
111.221.29.27,86682,136173,222855
111.221.29.35,206915,247472,454387
111.221.29.54,124546,1342,125888
111.221.29.64,791441,174916,966357
111.221.29.66,962,1064,2026
111.221.29.7,5324,4940,10264
111.221.72.127,4704,2302,7006
111.221.72.135,5991,3571,9562
111.221.75.21,7832,3663,11495
111.221.75.94,17463,6933,24396
111.221.77.181,29831,70298,100129
111.224.132.171,0,68,68
111.224.176.27,9537,53,9590
111.224.178.107,9537,53,9590
111.224.191.37,410,800,1210
111.224.223.73,0,600,600
111.224.37.235,411,805,1216
111.225.235.14,218,143,361
111.225.35.0,9537,53,9590
111.225.82.250,9537,53,9590
111.225.82.6,2150,13523,15673
111.226.121.137,9537,53,9590
111.226.210.8,246129,144,246273
111.227.121.198,102,600,702
111.227.137.194,215,122,337
111.227.174.12,33324,449,33773
111.227.174.44,33324,451,33775
111.227.174.45,33324,385,33709
111.227.208.201,0,53,53
111.227.209.25,1583,1090,2673
111.227.227.189,409,807,1216
111.227.239.121,236,152,388
111.227.239.191,33756,15610,49366
111.227.64.144,9537,53,9590
111.234.96.28,16620,231,16851
111.235.170.75,282,724,1006
111.235.174.16,685893,19437,705330
111.235.181.16,17733,53267,71000
111.235.181.17,18761,52403,71164
111.241.253.152,0,136,136
111.243.10.252,27197,21780,48977
111.246.82.32,14630,1315,15945
111.248.50.139,893,450,1343
111.250.118.113,571,413,984
111.251.76.206,21211,918,22129
111.252.181.125,0,130,130
111.252.7.230,1015,2050,3065
111.253.203.55,0,130,130
111.254.191.85,697,682,1379
111.254.215.177,133,159,292
111.255.250.158,0,68,68
111.255.37.200,495,879,1374
111.26.20.114,477,357,834
111.26.22.245,31259,2747,34006
111.30.128.32,0,687,687
111.30.128.39,0,2061,2061
111.30.130.41,0,21,21
111.30.131.126,2048,1898,3946
111.30.131.145,0,465,465
111.30.131.152,0,442,442
111.30.131.153,1608,214294,215902
111.30.131.164,13314,12055,25369
111.30.131.184,4757,4599,9356
111.30.131.188,3666,4295,7961
111.30.131.192,129747,112279,242026
111.30.131.199,132045,115223,247268
111.30.131.214,0,232166,232166
111.30.131.217,0,4048,4048
111.30.131.28,125,1570,1695
111.30.135.156,2181,6874,9055
111.30.135.160,0,348,348
111.30.135.172,17982,6849,24831
111.30.136.157,3391,3012,6403
111.30.138.154,0,1824,1824
111.30.138.156,21,1249,1270
111.30.138.157,21,1078,1099
111.30.138.158,54,54,108
111.30.141.31,2736,222892,225628
111.34.52.244,60818,4121,64939
111.37.58.138,0,260,260
111.38.14.136,851,133,984
111.38.14.137,853,94,947
111.38.14.148,532248,526,532774
111.39.234.153,23825,1135,24960
111.5.146.186,41,143,184
111.5.181.131,3881,402,4283
111.5.232.133,862617,5094,867711
111.67.194.111,86009,2876,88885
111.67.195.185,267337,39532,306869
111.67.204.47,53820,1145,54965
111.67.205.152,2079806,384842,2464648
111.67.205.155,12610,11105,23715
111.67.205.157,8533,35711,44244
111.67.206.205,170493,1745,172238
111.68.9.58,3878,0,3878
111.72.127.118,9537,53,9590
111.72.127.198,41,143,184
111.72.128.53,511,1002,1513
111.72.163.59,41,151,192
111.72.168.70,407,749,1156
111.73.102.116,473,310,783
111.73.117.27,41,143,184
111.73.165.122,9939,424,10363
111.73.239.8,41,143,184
111.73.29.56,9537,52,9589
111.73.46.253,35880,452,36332
111.74.15.46,4774,467251,472025
111.74.238.148,81951,28428,110379
111.74.238.172,1689183,14696,1703879
111.74.238.66,266160,60010,326170
111.74.239.213,1322010,7006,1329016
111.75.198.200,26088,1372,27460
111.75.209.72,8762,448,9210
111.75.211.76,17940,456,18396
111.75.230.254,201,123,324
111.75.255.114,86425,3475,89900
111.75.255.90,1535,237,1772
111.75.255.91,3070,474,3544
111.75.255.97,17177,2061,19238
111.75.38.225,452,309,761
111.75.41.241,82148,498,82646
111.75.62.229,9537,49,9586
111.76.152.222,20669,159,20828
111.76.169.58,368,548,916
111.76.217.225,6783,116994,123777
111.76.33.253,427,247,674
111.76.45.249,717,465,1182
111.76.47.182,831,396,1227
111.76.54.221,603,1739,2342
111.77.100.141,41,143,184
111.77.144.196,9537,53,9590
111.77.248.118,9537,49,9586
111.78.100.51,104,200,304
111.78.102.65,474,309,783
111.78.105.15,19074,105,19179
111.78.107.248,1703,272577,274280
111.78.109.130,725202,2386,727588
111.78.149.24,103,200,303
111.78.151.54,28611,159,28770
111.78.162.116,819,1602,2421
111.78.184.27,9537,53,9590
111.78.236.121,159,33036,33195
111.78.249.22,9537,53,9590
111.78.254.120,478,309,787
111.78.46.1,306,558,864
111.78.46.60,512,1002,1514
111.78.48.236,41,143,184
111.78.78.212,866,1282111,1282977
111.78.83.106,9,283,292
111.79.128.55,3170,289654,292824
111.79.141.210,41,143,184
111.79.240.222,139382,111,139493
111.79.25.195,756,511,1267
111.79.28.12,104,187,291
111.79.28.191,3433,509798,513231
111.79.6.235,86,120,206
111.92.233.58,10952,926,11878
112.101.113.194,22,30,52
112.101.190.5,271,177,448
112.101.24.115,452,278,730
112.101.27.101,0,68,68
112.101.60.155,124,73,197
112.102.123.239,709,464,1173
112.102.130.172,19905,2022,21927
112.102.73.253,204,403,607
112.102.81.36,946,619,1565
112.102.84.185,385,310,695
112.104.112.28,0,774,774
112.104.139.94,0,130,130
112.105.216.20,651096,12948862,13599958
112.111.116.92,41,151,192
112.112.116.96,9537,53,9590
112.112.121.73,9537,52,9589
112.112.130.139,32958,45,33003
112.112.137.75,240,153,393
112.112.143.252,3931,5340,9271
112.112.206.238,104,86,190
112.113.110.185,19074,102,19176
112.113.124.228,12297,102,12399
112.113.131.21,79201,63,79264
112.113.133.251,9537,53,9590
112.113.138.144,613,1205,1818
112.113.14.10,86,120,206
112.113.176.239,240,154,394
112.113.188.138,16500,120,16620
112.113.194.173,0,68,68
112.113.204.10,104,187,291
112.113.224.96,9537,52,9589
112.113.233.250,717,1405,2122
112.113.250.128,704,978,1682
112.113.74.10,1236,2403,3639
112.113.77.28,170,1011,1181
112.114.102.200,6900,52,6952
112.114.118.132,49332,210,49542
112.114.123.250,456769,233,457002
112.114.48.52,16557,32,16589
112.114.7.38,649,33067,33716
112.114.89.22,9537,53,9590
112.115.124.111,75875,965,76840
112.115.14.105,16593,68,16661
112.116.10.33,9537,53,9590
112.116.123.97,80,102,182
112.116.142.180,157396,379,157775
112.116.144.31,4519,2955,7474
112.116.154.64,9537,53,9590
112.116.155.178,305,601,906
112.116.176.90,9537,53,9590
112.116.212.141,9537,53,9590
112.116.214.155,77,121,198
112.116.235.67,16560,454,17014
112.116.25.182,9537,52,9589
112.116.42.46,17647,417,18064
112.116.93.155,305,601,906
112.117.129.140,19074,106,19180
112.117.131.127,27554,7318703,7346257
112.117.145.173,0,68,68
112.117.217.31,2025888,175843,2201731
112.117.217.40,3137247,101497,3238744
112.117.217.47,2294412,180984,2475396
112.117.217.85,1302532,206845,1509377
112.117.57.173,128,293,421
112.117.60.156,61982,56,62038
112.120.141.228,84078,551,84629
112.121.173.185,1104666,32950,1137616
112.121.187.208,19320,478,19798
112.121.187.97,28980,684,29664
112.121.189.99,9616,448,10064
112.123.124.125,123,429,552
112.123.133.217,41,151,192
112.124.1.141,912,629,1541
112.124.10.128,27600,448,28048
112.124.10.203,155316,11540,166856
112.124.10.49,150,1048,1198
112.124.100.132,2704321,17897,2722218
112.124.103.84,27804,678,28482
112.124.103.90,868794,37201,905995
112.124.106.120,80935,9491,90426
112.124.106.165,2402,532,2934
112.124.107.186,0,573,573
112.124.108.113,117669,2159,119828
112.124.109.165,7564,452,8016
112.124.111.100,4990,2039,7029
112.124.113.172,103,16483,16586
112.124.113.210,22080,448,22528
112.124.114.78,27600,442,28042
112.124.114.80,28105,4988,33093
112.124.115.49,935,2228,3163
112.124.122.117,6758,1810,8568
112.124.124.150,53118,3656,56774
112.124.126.180,1862,2036,3898
112.124.13.32,16560,452,17012
112.124.14.54,57960,1130,59090
112.124.140.215,758685,30009,788694
112.124.141.161,96866,44410,141276
112.124.16.33,463859,7616,471475
112.124.17.216,4103,770,4873
112.124.178.217,3306489,454992,3761481
112.124.18.121,406,223,629
112.124.18.127,1697113,43790,1740903
112.124.180.183,23460,448,23908
112.124.181.40,24280,3910,28190
112.124.183.158,428,377,805
112.124.183.238,323479,25962,349441
112.124.184.46,30360,452,30812
112.124.185.170,16560,464,17024
112.124.185.220,92556,1352,93908
112.124.20.142,453322,995,454317
112.124.20.193,26220,448,26668
112.124.21.120,228675,8746,237421
112.124.219.31,5880,1100,6980
112.124.219.43,8177499,74991,8252490
112.124.219.46,2379220,46381,2425601
112.124.219.66,463,150,613
112.124.219.69,18210,848,19058
112.124.219.84,203475,6148,209623
112.124.219.94,575735,7664,583399
112.124.219.95,1499328,39347,1538675
112.124.219.96,387314,12754,400068
112.124.219.99,672,790,1462
112.124.22.116,13360,4936,18296
112.124.22.34,395533,3450,398983
112.124.24.99,176,434,610
112.124.25.191,25182,9936,35118
112.124.25.249,1009630,16776,1026406
112.124.25.97,803975,5386,809361
112.124.26.115,24754,3701,28455
112.124.26.251,23460,450,23910
112.124.27.125,4920,3505,8425
112.124.27.236,85004,988,85992
112.124.27.245,1183709,7993,1191702
112.124.28.58,15215,845,16060
112.124.28.66,1959691,26408,1986099
112.124.29.214,151138,14546,165684
112.124.30.230,1465142,9818,1474960
112.124.31.193,66613,2524,69137
112.124.31.87,185049,1041,186090
112.124.33.199,46920,926,47846
112.124.34.140,2496,2315,4811
112.124.35.153,0,0,0
112.124.35.229,25030,1115,26145
112.124.35.92,474905,82549,557454
112.124.36.241,86940,1356,88296
112.124.36.87,6188,397,6585
112.124.37.137,1297652,11278,1308930
112.124.37.141,8010,3874,11884
112.124.37.168,19103,2841,21944
112.124.37.17,3235,1650,4885
112.124.38.113,52440,1150,53590
112.124.38.207,17230,4084,21314
112.124.39.153,85310,1003,86313
112.124.39.187,14654,2893,17547
112.124.39.20,103554,2138,105692
112.124.4.238,17415,940,18355
112.124.4.48,2028,325,2353
112.124.40.83,169423,9063,178486
112.124.42.128,870125,8380,878505
112.124.42.147,213980,20038,234018
112.124.42.149,388169,18994,407163
112.124.42.156,2262521,36098,2298619
112.124.42.157,1183903,7993,1191896
112.124.42.159,136856,4682,141538
112.124.42.160,78572,3668,82240
112.124.42.162,371007,22959,393966
112.124.42.164,203052,8002,211054
112.124.42.167,281601,16394,297995
112.124.42.170,133720,9844,143564
112.124.42.174,4169014,27338,4196352
112.124.42.177,566849,8358,575207
112.124.42.179,26750,8358,35108
112.124.42.181,1836485,20366,1856851
112.124.42.184,306879,10548,317427
112.124.42.195,40550,7648,48198
112.124.42.196,676297,4720,681017
112.124.42.198,530,7282,7812
112.124.42.201,1183272,7993,1191265
112.124.42.21,1739856,15942,1755798
112.124.42.23,2066872,18212,2085084
112.124.42.24,183377,9087,192464
112.124.42.88,13800,448,14248
112.124.44.35,212355,16627,228982
112.124.44.61,25849,337,26186
112.124.45.140,55200,1575,56775
112.124.47.93,189512,1094,190606
112.124.47.99,125936,1102,127038
112.124.48.241,11863,1072,12935
112.124.5.176,332548,31147,363695
112.124.5.79,1273658,62811,1336469
112.124.51.95,102082,20244,122326
112.124.52.207,115417,5960,121377
112.124.52.52,78809,8315,87124
112.124.52.72,210731,24855,235586
112.124.52.8,16560,462,17022
112.124.53.241,186045,7282,193327
112.124.54.138,328,447,775
112.124.54.179,1296473,25498,1321971
112.124.54.21,1798740,24741,1823481
112.124.54.22,1127292,7627,1134919
112.124.55.130,331,502,833
112.124.56.165,2440863,104209,2545072
112.124.58.208,15061,4184,19245
112.124.59.152,22388,271,22659
112.124.6.237,798,862,1660
112.124.62.140,18554,448,19002
112.124.65.216,93768,3974,97742
112.124.67.87,29970,1320,31290
112.124.69.153,8350,1272,9622
112.124.7.223,80319,3414,83733
112.124.8.122,28180,1130,29310
112.124.8.168,13541,3790,17331
112.124.8.197,377,355,732
112.124.8.54,42180,3140,45320
112.124.98.119,477662,21849,499511
112.124.99.51,1448,372,1820
112.125.136.110,26047,462,26509
112.125.148.12,16560,456,17016
112.125.156.111,49680,908,50588
112.125.158.132,43141,815,43956
112.125.173.137,9443,372,9815
112.125.184.41,51060,1135,52195
112.125.19.220,10284,678,10962
112.125.20.148,5872,3381,9253
112.125.211.153,708,370,1078
112.125.245.75,5894,267,6161
112.125.34.66,60739,997,61736
112.125.92.47,243977,27671,271648
112.125.94.176,1468,187,1655
112.125.94.43,16080,470,16550
112.126.130.31,93150,356,93506
112.126.141.79,339101,5372,344473
112.126.167.200,17940,468,18408
112.126.184.135,12916,456,13372
112.126.20.80,1054,370,1424
112.126.64.237,27600,458,28058
112.126.65.120,2830919,45828,2876747
112.126.67.65,612753,59365,672118
112.126.68.108,162987,22008,184995
112.126.69.97,139417,1301,140718
112.126.71.92,338766,9003,347769
112.126.72.113,324570,52720,377290
112.126.73.178,708,390,1098
112.126.73.41,42703,4081,46784
112.126.74.110,24840,918,25758
112.126.74.209,774068,4848,778916
112.126.75.112,40506,5323,45829
112.126.75.145,2558170,81753,2639923
112.126.75.97,15667,6997,22664
112.126.81.107,9537,53,9590
112.126.83.224,243684,31668,275352
112.127.108.67,51060,1366,52426
112.127.113.145,16560,452,17012
112.127.138.231,8799,684,9483
112.127.169.47,8280,462,8742
112.127.189.119,2712,448,3160
112.127.25.205,14190,468,14658
112.127.3.226,495,118,613
112.127.30.173,10606,372,10978
112.127.38.228,34000,1354,35354
112.127.56.94,60284,1368,61652
112.127.66.28,16560,458,17018
112.127.70.242,43620,1334,44954
112.127.76.41,39717,681,40398
112.127.92.124,16560,452,17012
112.132.76.178,1190,454,1644
112.132.89.164,1334,400,1734
112.14.180.159,19320,458,19778
112.140.42.140,0,0,0
112.140.42.142,0,0,0
112.140.42.149,972,777,1749
112.140.42.160,486,384,870
112.140.42.161,486,405,891
112.140.42.23,364,307,671
112.140.42.27,2030,667,2697
112.15.103.234,0,68,68
112.168.11.197,24840,402,25242
112.171.47.246,4506,14374,18880
112.175.125.224,12420,949,13369
112.175.234.218,3441,1976,5417
112.175.245.106,0,68,68
112.175.66.65,52440,1120,53560
112.175.66.66,54266,17551,71817
112.175.69.58,1116140,4770,1120910
112.192.162.136,41,151,192
112.192.172.93,258,356,614
112.192.49.148,14392,132,14524
112.195.103.203,41,143,184
112.195.194.92,388,364,752
112.195.241.201,424,444,868
112.218.64.26,1765,681,2446
112.218.71.82,233831,3390,237221
112.225.120.193,41,151,192
112.228.69.102,74,285,359
112.231.130.95,68,1044,1112
112.231.86.149,0,130,130
112.232.177.254,123,453,576
112.232.191.164,41,143,184
112.232.22.32,41,151,192
112.232.54.55,2764,557,3321
112.235.212.47,41,151,192
112.237.232.120,41,151,192
112.237.233.86,0,604,604
112.237.37.242,0,286,286
112.238.145.180,0,429,429
112.238.22.181,0,390,390
112.240.182.112,41,143,184
112.240.219.252,41,143,184
112.241.167.12,41,143,184
112.241.205.19,23388,875,24263
112.242.234.181,111855,843,112698
112.242.28.230,41,143,184
112.242.66.218,41,143,184
112.242.76.204,41,151,192
112.243.105.7,41,151,192
112.243.206.142,82,302,384
112.244.216.118,1872,586,2458
112.245.110.51,39,181,220
112.245.181.145,129,172,301
112.248.111.219,41,151,192
112.248.189.127,41,151,192
112.248.254.216,0,604,604
112.248.27.139,41,151,192
112.249.41.206,41,143,184
112.25.16.78,636,267,903
112.25.26.144,1288,667,1955
112.25.26.25,1288,679,1967
112.25.26.99,1288,688,1976
112.25.35.10,673503,170660,844163
112.25.35.11,507186,143545,650731
112.25.35.12,690044,177506,867550
112.25.35.13,438283,126791,565074
112.25.35.14,513419,120236,633655
112.25.35.34,704616,173773,878389
112.25.35.35,587138,168715,755853
112.25.35.40,519981,123057,643038
112.25.35.57,452311,128562,580873
112.25.35.58,500024,114909,614933
112.25.35.59,694419,199812,894231
112.25.35.60,452794,121553,574347
112.25.35.61,511541,148179,659720
112.25.35.7,525793,162599,688392
112.25.35.8,722100,200488,922588
112.25.35.9,584506,171997,756503
112.25.35.97,468893,133966,602859
112.25.35.98,559132,136111,695243
112.25.37.255,5909836,9310,5919146
112.25.8.125,559759,265,560024
112.250.136.101,41,143,184
112.250.148.126,41,151,192
112.250.22.66,41,151,192
112.251.253.138,41,151,192
112.252.238.233,41,143,184
112.252.248.9,41,151,192
112.252.65.197,164,572,736
112.253.19.152,171941,196587,368528
112.253.19.163,607253,167481,774734
112.253.19.164,586015,173741,759756
112.253.19.165,453068,126901,579969
112.253.19.166,693649,179628,873277
112.253.19.167,596308,160724,757032
112.253.19.168,583334,147861,731195
112.253.19.169,528135,152820,680955
112.253.19.170,655095,156392,811487
112.253.19.171,516789,138044,654833
112.253.19.174,3094,457,3551
112.253.19.204,642291,154948,797239
112.253.38.100,67146,21165,88311
112.254.120.38,0,130,130
112.254.161.247,0,260,260
112.254.163.207,41,151,192
112.255.119.63,41,151,192
112.4.12.12,3079,567,3646
112.4.95.72,546,230,776
112.5.251.219,106260,1148,107408
112.64.106.11,123,429,552
112.64.153.10,19730,740,20470
112.64.234.205,108,108,216
112.64.234.35,1586,3775,5361
112.64.234.36,7547,7175,14722
112.64.234.40,5039,3567,8606
112.64.234.41,96107,38669,134776
112.64.234.44,778,285,1063
112.64.235.129,4911,690,5601
112.64.235.19,4771,23309,28080
112.64.235.24,58138,19793,77931
112.64.235.69,222,497,719
112.64.235.79,222,497,719
112.64.237.186,21,21,42
112.64.237.244,2346,3488,5834
112.64.4.84,15462,1387,16849
112.64.69.68,911,609,1520
112.65.192.50,5897,52145,58042
112.65.192.51,4884,26745,31629
112.65.192.52,2407,15928,18335
112.65.192.54,9830,67533,77363
112.65.194.219,68407,1739,70146
112.65.195.106,530408,431,530839
112.65.195.107,30780,431,31211
112.65.195.180,544,928,1472
112.65.195.231,301,444,745
112.65.200.116,720,1608,2328
112.65.200.161,1093,887,1980
112.65.203.38,140356,24873,165229
112.65.203.39,31138,2415,33553
112.65.203.40,8834,1830,10664
112.65.203.42,7112,40384,47496
112.65.203.44,4454,4599,9053
112.65.203.45,52562,3368,55930
112.65.203.50,208838,16022,224860
112.65.203.51,5983144,5252,5988396
112.65.203.53,330275,35233,365508
112.65.203.54,907296,84080,991376
112.65.220.125,532093,2364,534457
112.65.220.126,401434,1773,403207
112.65.220.22,568424,159180,727604
112.65.220.23,499836,131791,631627
112.65.220.24,488447,140462,628909
112.65.220.25,492890,124104,616994
112.65.220.26,469358,131938,601296
112.65.220.27,564085,140553,704638
112.65.220.36,576042,148763,724805
112.65.220.37,818081,190003,1008084
112.65.220.38,466260,135728,601988
112.65.220.44,13818723,683958,14502681
112.65.220.81,60617,494,61111
112.65.220.82,487069,119923,606992
112.65.221.137,112717,942,113659
112.65.222.138,6994,1341,8335
112.65.222.139,7369,487,7856
112.65.222.146,78428,1019,79447
112.65.222.158,7774,450,8224
112.65.222.175,376432,261,376693
112.65.222.221,61270,11577,72847
112.65.229.11,15584,3714,19298
112.65.243.161,11040,693,11733
112.65.244.96,2458,183,2641
112.66.152.115,1049,1988,3037
112.66.163.71,0,68,68
112.66.195.185,9537,53,9590
112.66.214.146,709,1402,2111
112.66.85.218,172930,687,173617
112.66.95.247,9537,53,9590
112.67.15.78,407,799,1206
112.67.199.222,714,463,1177
112.67.245.27,2052,944,2996
112.72.194.189,82160,25462,107622
112.74.124.228,1096,636,1732
112.74.73.133,19868,6308,26176
112.74.87.17,4631,2097,6728
112.74.93.130,60206,211,60417
112.80.230.253,7915,9989,17904
112.80.248.129,194,1297,1491
112.80.248.132,0,205,205
112.80.248.51,2887,677,3564
112.80.248.52,14004,11297,25301
112.80.248.57,14906,16602,31508
112.80.248.65,5785,9620,15405
112.80.252.53,148085,7302,155387
112.81.100.106,25041,1090,26131
112.81.17.240,2816,872,3688
112.81.66.162,0,68,68
112.81.97.239,0,130,130
112.82.144.45,98807,10814,109621
112.84.117.62,41,151,192
112.84.133.158,807714,313,808027
112.84.133.86,249090,15000,264090
112.84.17.58,0,151,151
112.84.187.18,5451,4530,9981
112.84.188.41,385,358,743
112.84.49.93,82,302,384
112.84.83.251,12987,71401,84388
112.85.217.132,4472,5688,10160
112.85.3.243,41,151,192
112.86.224.9,1388,727,2115
112.87.43.112,835,2560,3395
112.87.43.210,4,1356,1360
112.87.43.211,4,1564,1568
112.87.43.212,16,1120,1136
112.87.43.213,8,1432,1440
112.87.43.217,12,3844,3856
112.90.1.53,122697,6066,128763
112.90.136.123,237961,16147,254108
112.90.136.40,179615,29985,209600
112.90.136.44,1918928,240490,2159418
112.90.136.45,22931,3232,26163
112.90.136.48,738,2858,3596
112.90.136.49,615,2337,2952
112.90.137.116,250665,249682,500347
112.90.137.53,218643,68009,286652
112.90.138.11,1506,624,2130
112.90.139.101,0,6480,6480
112.90.14.236,7574,10669,18243
112.90.140.148,39743,28419,68162
112.90.140.208,262,829,1091
112.90.140.220,14802,1044,15846
112.90.140.221,20383,6048,26431
112.90.140.225,108,108,216
112.90.140.55,2246,5277,7523
112.90.142.112,11696,4828,16524
112.90.142.12,11868,4899,16767
112.90.142.13,11696,4899,16595
112.90.142.144,11868,4899,16767
112.90.142.145,12658,5254,17912
112.90.142.159,11798,4899,16697
112.90.143.10,45,85,130
112.90.144.142,1468,186,1654
112.90.148.157,34972,5263,40235
112.90.148.158,5120,2554,7674
112.90.148.159,82102,6444,88546
112.90.148.19,371056,14572,385628
112.90.229.31,499,344,843
112.90.241.239,41541,2238,43779
112.90.32.245,7590,23309,30899
112.90.32.255,13994,15723,29717
112.90.6.251,362,1172,1534
112.90.6.252,158050,123554,281604
112.90.74.153,584,1074,1658
112.90.74.154,1598,2308,3906
112.90.77.144,988,7911,8899
112.90.77.145,25320,43620,68940
112.90.77.153,6316,9532,15848
112.90.77.181,3818,7073,10891
112.90.78.173,4495,3029,7524
112.90.78.182,706,710,1416
112.90.78.62,4267,1354,5621
112.90.78.65,1497,446,1943
112.90.78.66,7213,2708,9921
112.90.78.67,6836,2255,9091
112.90.83.51,229,1542,1771
112.90.83.68,798,2055,2853
112.90.83.71,1288,1956,3244
112.90.83.92,71828,94451,166279
112.90.84.111,141008,123008,264016
112.90.84.117,136778,120283,257061
112.90.84.228,0,0,0
112.90.86.57,310681,84697,395378
112.90.90.11,94817,348,95165
112.91.176.77,31104,1338,32442
112.91.188.239,19146,663,19809
112.91.189.46,23548,916,24464
112.91.31.153,375,350,725
112.91.91.100,870966,106752,977718
112.91.91.105,1772280,212326,1984606
112.93.80.34,0,130,130
112.94.107.149,5897,132,6029
112.95.240.18,255248,221432,476680
112.95.240.27,344,596,940
112.95.240.28,516,447,963
112.95.240.31,172,298,470
112.95.240.43,4472,3842,8314
112.95.240.44,809,729,1538
112.95.240.52,1892,1639,3531
112.95.240.53,155838,134587,290425
112.95.240.54,12556,11036,23592
112.95.240.55,6966,6245,13211
112.95.240.57,0,0,0
112.95.240.66,0,0,0
112.95.240.74,133627,117624,251251
112.95.241.113,272,1866,2138
112.98.145.84,1416,925,2341
112.98.195.200,32878,135,33013
112.98.203.109,553525,8514,562039
112.98.221.144,9537,53,9590
112.98.45.240,192,155,347
112.98.56.193,954,613,1567
112.98.64.28,19074,106,19180
112.98.71.83,1047,27426,28473
112.98.80.155,878,525,1403
112.98.97.63,194,98474,98668
113.0.42.183,17940,452,18392
113.1.98.166,14399,826,15225
113.10.144.11,20700,462,21162
113.10.149.206,78676,20646,99322
113.10.149.58,344449,3304,347753
113.10.156.27,15804,928,16732
113.10.157.196,25288,1360,26648
113.10.159.22,169525,1621,171146
113.10.159.30,22040,886,22926
113.10.166.125,87723,46208,133931
113.10.166.230,350,927,1277
113.10.168.241,14098,5032,19130
113.10.172.237,16560,450,17010
113.10.173.197,284042,11749,295791
113.10.174.43,9405,3571,12976
113.10.175.172,2480,458,2938
113.10.175.174,1144,456,1600
113.10.175.185,16387,12093,28480
113.10.175.189,3408,687,4095
113.10.186.111,0,0,0
113.10.186.173,2583,693,3276
113.10.190.143,3148,448,3596
113.10.190.77,10357,452,10809
113.10.201.120,61025,1025,62050
113.10.211.59,27614,918,28532
113.10.237.87,49195,5649,54844
113.10.238.210,9726,454,10180
113.10.242.126,3884,456,4340
113.10.242.233,266,922,1188
113.100.120.222,24726,15731,40457
113.100.228.74,1434,2799,4233
113.100.48.79,4167,116381,120548
113.100.7.16,1160,774,1934
113.102.125.100,16876,187,17063
113.102.181.104,617,1205,1822
113.102.61.73,865,619,1484
113.103.141.235,2671235,248864,2920099
113.103.142.140,98494,774,99268
113.103.155.127,17448,61764,79212
113.103.156.96,9537,53,9590
113.103.157.66,4311,2622,6933
113.103.159.185,736,1096,1832
113.103.159.87,368,548,916
113.103.25.153,7233,436924,444157
113.104.193.205,1552,206,1758
113.104.226.87,19074,106,19180
113.105.141.16,0,0,0
113.105.141.162,17868,2224,20092
113.105.141.165,513,238,751
113.105.141.167,513,238,751
113.105.143.229,1152834,3322,1156156
113.105.143.232,4789797,109386,4899183
113.105.143.233,6304654,159126,6463780
113.105.143.234,2750778,154044,2904822
113.105.143.236,634799,124940,759739
113.105.143.242,102285,77226,179511
113.105.143.243,42871,58101,100972
113.105.143.248,3741,231,3972
113.105.151.19,11592,1770,13362
113.105.151.20,126,172,298
113.105.151.23,12648,2170,14818
113.105.151.48,7510,3799,11309
113.105.152.212,1519412,515870,2035282
113.105.152.27,50200,6111,56311
113.105.152.28,84661,6912,91573
113.105.157.137,16434,45551,61985
113.105.157.57,12148,450,12598
113.105.159.35,24840,687,25527
113.105.163.15,0,815,815
113.105.223.217,58300,2076,60376
113.105.225.238,10996,456,11452
113.105.244.42,8382,43448,51830
113.105.244.43,1209,509,1718
113.105.244.53,169195,7919,177114
113.105.244.54,919940,28384,948324
113.105.247.213,18648,3150,21798
113.105.248.40,879636,233782,1113418
113.105.250.195,38571,678,39249
113.105.65.117,346,2501,2847
113.105.70.83,20700,460,21160
113.105.73.146,314880,4155,319035
113.105.73.147,181638,1678,183316
113.105.73.148,120982,3267,124249
113.105.73.149,106334,3729,110063
113.105.73.150,676,684,1360
113.105.73.153,403226,4669,407895
113.105.76.228,5120,446,5566
113.105.88.24,205412,27244,232656
113.105.93.18,1889,3803,5692
113.105.93.84,399,255,654
113.105.93.85,1423,255,1678
113.105.95.125,0,4066,4066
113.105.95.126,3971,306,4277
113.105.95.173,117,278,395
113.105.95.174,4958,1306,6264
113.105.95.42,0,0,0
113.106.17.34,129151,6022,135173
113.106.18.204,450,266,716
113.106.18.85,5605,3171,8776
113.106.202.46,3400,758,4158
113.106.27.216,178,46,224
113.106.27.218,178,46,224
113.106.27.233,8280,227,8507
113.106.27.29,16560,454,17014
113.106.27.65,1422,2014,3436
113.106.27.91,1800,819,2619
113.106.48.120,172,691,863
113.106.48.121,77772,9317,87089
113.106.89.218,17940,1024,18964
113.106.90.155,24840,454,25294
113.106.90.213,23753,876,24629
113.106.91.253,14088,936,15024
113.106.93.106,1204,258,1462
113.106.94.51,43615,2122,45737
113.106.99.128,0,0,0
113.107.101.173,5109,4845,9954
113.107.101.203,6906,5719,12625
113.107.107.164,46331,1773,48104
113.107.110.42,33686,9548,43234
113.107.110.85,14635,2598,17233
113.107.111.153,59245,7199,66444
113.107.111.158,14297,3625,17922
113.107.111.178,1068,311,1379
113.107.111.237,1428,273,1701
113.107.148.39,1055,1141,2196
113.107.149.23,1055,1141,2196
113.107.149.234,44111,3502,47613
113.107.149.38,452,714,1166
113.107.150.154,429,1046,1475
113.107.150.185,49020,2900,51920
113.107.150.3,43831,2012,45843
113.107.160.137,38612,1002,39614
113.107.160.141,27600,450,28050
113.107.160.171,342361,42375,384736
113.107.160.43,3731,3443,7174
113.107.160.78,24840,452,25292
113.107.161.40,2661875,109464,2771339
113.107.161.48,79764,1361,81125
113.107.161.61,1356210,1045223,2401433
113.107.166.156,443897,12213,456110
113.107.166.219,854874,310552,1165426
113.107.167.65,99092,5049,104141
113.107.176.98,4242,6797,11039
113.107.176.99,53787,4852,58639
113.107.179.212,3164,2224,5388
113.107.180.11,45609,3498,49107
113.107.181.93,17726,3799,21525
113.107.202.73,6178,7052,13230
113.107.204.167,2832,7132,9964
113.107.204.168,1416,3699,5115
113.107.204.218,886456,75644,962100
113.107.204.219,386439,36540,422979
113.107.219.190,255337,3688,259025
113.107.219.242,0,0,0
113.107.232.31,311880,541,312421
113.107.236.200,119396,2840,122236
113.107.239.184,3159,6783,9942
113.107.249.135,20700,454,21154
113.107.254.11,16560,448,17008
113.107.3.31,2069,6021,8090
113.107.42.101,48022,3775,51797
113.107.42.11,1539433,10339,1549772
113.107.42.112,1576775,127201,1703976
113.107.42.30,5681499,331083,6012582
113.107.42.39,410615,156395,567010
113.107.42.56,587572,14766,602338
113.107.42.77,624181,5825,630006
113.107.42.85,273976,60234,334210
113.107.42.91,35880,896,36776
113.107.43.77,19386,55213,74599
113.107.56.101,640736,173671,814407
113.107.56.42,590594,157644,748238
113.107.56.43,523229,164637,687866
113.107.56.44,531480,145199,676679
113.107.56.45,598967,159625,758592
113.107.56.46,603252,148182,751434
113.107.56.47,514148,147686,661834
113.107.56.61,348,681,1029
113.107.56.64,752,1301,2053
113.107.56.75,376,648,1024
113.107.56.76,376,696,1072
113.107.56.96,13999480,4448400,18447880
113.107.57.19,374,598,972
113.107.57.22,372,686,1058
113.107.72.118,102807,17903,120710
113.107.95.41,10390,3798,14188
113.107.95.48,10930,6188,17118
113.108.0.102,34776,88997,123773
113.108.0.104,41700,176736,218436
113.108.0.33,62,856,918
113.108.0.34,0,6920,6920
113.108.0.60,36290,162222,198512
113.108.1.115,5160,2201,7361
113.108.1.122,1964,499,2463
113.108.1.234,21548,129730,151278
113.108.1.89,2336,654,2990
113.108.1.95,15824,6603,22427
113.108.1.96,5332,2201,7533
113.108.10.215,265077,348441,613518
113.108.10.217,292067,354341,646408
113.108.11.21,103727,1016,104743
113.108.119.203,125352,826,126178
113.108.12.65,81420,432,81852
113.108.128.110,160,70,230
113.108.153.47,1095031,94463,1189494
113.108.16.106,137780,14228,152008
113.108.16.107,63314,7658,70972
113.108.16.109,52792,87243,140035
113.108.16.118,1434195,1119329,2553524
113.108.16.121,16813545,3074942,19888487
113.108.16.124,1888,1540,3428
113.108.16.125,105153,6163,111316
113.108.16.126,9451,18899,28350
113.108.16.19,3796,1337,5133
113.108.16.30,12529,7146,19675
113.108.16.38,475753,1296189,1771942
113.108.16.40,366,1949,2315
113.108.16.41,88618,1326,89944
113.108.16.42,30159,3269,33428
113.108.16.43,62788,162938,225726
113.108.16.44,0,0,0
113.108.16.47,3118,1627,4745
113.108.16.52,235463,135384,370847
113.108.16.57,11779,21265,33044
113.108.16.58,454,1923,2377
113.108.16.59,271239,145012,416251
113.108.16.66,3631863,1198453,4830316
113.108.16.67,1098724,666298,1765022
113.108.16.70,274657,130884,405541
113.108.16.71,631982,311974,943956
113.108.16.74,2052166,13194570,15246736
113.108.16.75,4145,13279,17424
113.108.16.80,13740,5326,19066
113.108.16.81,24250,37351,61601
113.108.16.85,631071,5857105,6488176
113.108.16.86,1171,1020,2191
113.108.16.88,1449296,12553526,14002822
113.108.18.35,155636,210036,365672
113.108.188.87,9458,464,9922
113.108.19.87,2272,15711,17983
113.108.19.90,7952,77185,85137
113.108.193.203,16560,448,17008
113.108.2.41,4816,1988,6804
113.108.2.46,23450,5635,29085
113.108.2.47,4644,1917,6561
113.108.2.56,4918,2130,7048
113.108.2.62,0,501,501
113.108.20.41,5868508,449376,6317884
113.108.20.86,261348,1671773,1933121
113.108.20.87,1242,3839,5081
113.108.20.88,4002162,540057,4542219
113.108.20.91,78481,3305,81786
113.108.21.110,0,0,0
113.108.21.211,0,0,0
113.108.21.216,2886,8461,11347
113.108.21.24,3256,3993,7249
113.108.213.14,40742,4809,45551
113.108.215.107,1125,5281,6406
113.108.215.108,9608,31834,41442
113.108.215.109,9328,24396,33724
113.108.215.110,4062,7631,11693
113.108.215.111,3387,5313,8700
113.108.215.112,4601,12994,17595
113.108.215.113,1508,4368,5876
113.108.215.114,1800,6451,8251
113.108.215.115,11568,24285,35853
113.108.215.116,1733,5864,7597
113.108.215.117,8574,20530,29104
113.108.215.119,5570,13609,19179
113.108.215.120,1058,2749,3807
113.108.215.121,1350,4390,5740
113.108.215.123,3971,11326,15297
113.108.215.125,2183,9492,11675
113.108.215.128,383,656,1039
113.108.216.242,51480,74050,125530
113.108.216.244,8596,1846,10442
113.108.216.245,6051639,257693,6309332
113.108.216.254,12844,14231,27075
113.108.216.52,284,604,888
113.108.217.0,414154,281537,695691
113.108.217.1,376068,177384,553452
113.108.221.236,75033,11647,86680
113.108.225.23,5146,5969,11115
113.108.225.64,24970,14637,39607
113.108.225.84,291,22173,22464
113.108.229.225,71800,11419,83219
113.108.23.232,312,720,1032
113.108.23.65,60368,38056,98424
113.108.23.66,6094,12872,18966
113.108.23.68,1580,290,1870
113.108.230.188,128078,2270,130348
113.108.230.204,62679,1944,64623
113.108.232.239,84779,6411,91190
113.108.239.116,1198674,61922,1260596
113.108.239.117,854248,47702,901950
113.108.239.85,188643,13251,201894
113.108.29.144,94445,28361,122806
113.108.30.17,185100,250992,436092
113.108.30.19,378,728,1106
113.108.6.152,182,1137,1319
113.108.6.153,2139,11337,13476
113.108.6.154,8079,6245,14324
113.108.6.159,753,3932,4685
113.108.6.160,40566,38880,79446
113.108.6.23,52178,25207,77385
113.108.64.190,61445,162007,223452
113.108.67.107,1704,11705,13409
113.108.67.20,5240,22745,27985
113.108.67.47,4454,19045,23499
113.108.67.50,2620,7925,10545
113.108.67.51,3144,10327,13471
113.108.7.149,12649,16093,28742
113.108.7.19,396,184,580
113.108.7.202,5715,16416,22131
113.108.7.41,7093,11882,18975
113.108.7.94,0,357,357
113.108.70.170,292702,11080,303782
113.108.70.224,550,1032,1582
113.108.70.232,0,0,0
113.108.70.252,3848,7129,10977
113.108.72.233,0,0,0
113.108.76.170,3416,26377,29793
113.108.76.242,170072,40990,211062
113.108.76.70,187,0,187
113.108.80.174,52838,147582,200420
113.108.80.225,8646,22457,31103
113.108.81.32,190214,46814,237028
113.108.88.68,513,236,749
113.108.89.215,0,0,0
113.108.90.23,322,965,1287
113.108.90.25,6253,13944,20197
113.108.90.45,5703,10694,16397
113.108.90.49,10423,9281,19704
113.108.90.54,171868,143259,315127
113.108.90.58,78828,32128,110956
113.108.91.123,2828,1484,4312
113.109.199.52,1660,1086,2746
113.11.215.109,176,456,632
113.11.222.105,150958,1792,152750
113.110.100.92,202,125,327
113.110.118.58,1139,2432,3571
113.110.170.81,412,803,1215
113.110.60.220,409,801,1210
113.110.7.224,563,33668,34231
113.111.130.235,0,68,68
113.111.194.44,905,556,1461
113.111.203.167,312,463,775
113.111.206.26,0,186,186
113.111.252.251,504,17695,18199
113.111.81.226,276,411,687
113.116.100.248,1305,30890,32195
113.116.174.252,206,398,604
113.116.222.111,713,1405,2118
113.116.4.129,12584,158,12742
113.116.41.111,9537,53,9590
113.117.204.206,41,151,192
113.117.246.153,0,572,572
113.118.240.19,238,156,394
113.118.241.195,3772,5754,9526
113.118.25.211,32974,282,33256
113.118.41.172,38364,1476022,1514386
113.118.54.10,268,240,508
113.118.92.100,41923,1063,42986
113.119.151.238,308,558,866
113.119.172.30,0,33,33
113.119.44.41,311,601,912
113.12.112.103,8064,684,8748
113.12.205.59,215,124,339
113.12.22.79,41,143,184
113.12.80.128,333651,10867,344518
113.12.80.161,4140,1138,5278
113.12.80.203,754,454,1208
113.12.81.46,908555,7285,915840
113.12.81.47,2505,2778,5283
113.12.81.54,130842,555,131397
113.12.81.56,14820,9785,24605
113.12.81.57,79863,622,80485
113.12.81.64,836388,1671,838059
113.12.96.192,2697,1367119,1369816
113.120.117.200,49,62,111
113.120.134.41,512,1003,1515
113.120.238.20,0,167,167
113.120.34.21,738,500,1238
113.120.97.203,406,808,1214
113.121.161.64,32992,113,33105
113.121.179.130,19074,102,19176
113.121.221.133,306,602,908
113.121.243.173,1157,710,1867
113.121.71.34,854,181,1035
113.122.235.44,84,84,168
113.122.60.93,137,49277,49414
113.123.136.75,477,308,785
113.123.7.130,6818,4459,11277
113.124.11.104,306,561,867
113.124.13.192,237,152,389
113.124.131.142,15474,213,15687
113.124.139.68,39,181,220
113.124.163.133,8280,53,8333
113.124.184.146,9537,52,9589
113.124.20.220,320,185,505
113.124.208.79,0,68,68
113.124.22.147,216,122,338
113.124.34.80,39863,119,39982
113.124.43.147,7822,3797057,3804879
113.124.66.18,428,279,707
113.128.102.23,715,1401,2116
113.128.114.19,0,372,372
113.128.115.224,104,202,306
113.128.134.188,2346,1795,4141
113.128.155.43,519,55317,55836
113.128.165.155,208,802,1010
113.128.166.85,215,122,337
113.128.192.13,129012,807,129819
113.128.202.92,1556,78006,79562
113.128.214.8,41400,1115,42515
113.128.23.231,12604,214,12818
113.128.41.17,693,433,1126
113.128.45.162,509,1394,1903
113.128.6.163,23756,35793,59549
113.128.60.84,4427,178,4605
113.128.83.153,411,310,721
113.128.86.214,104,186,290
113.13.192.16,200,215,415
113.13.212.174,234,156,390
113.13.220.194,205,373,578
113.13.23.58,424,440,864
113.13.230.198,134,134,268
113.13.50.54,1121,681,1802
113.13.61.52,103,200,303
113.132.115.157,411,807,1218
113.132.161.236,48,64,112
113.132.178.225,1955,391723,393678
113.132.201.244,9537,53,9590
113.132.231.225,9537,53,9590
113.132.54.17,48,64,112
113.132.9.96,41,143,184
113.133.0.191,48,103,151
113.133.19.24,26295,1524,27819
113.133.190.160,9537,49,9586
113.133.20.252,9545,53,9598
113.134.167.255,8280,53,8333
113.134.237.212,41,143,184
113.134.30.237,41,143,184
113.134.86.183,667,401,1068
113.135.115.105,0,68,68
113.135.133.149,9541,53,9594
113.135.189.49,9537,53,9590
113.135.218.32,89295,2607,91902
113.135.25.11,2845,119,2964
113.135.38.90,112395,3909,116304
113.135.4.4,41,151,192
113.135.54.133,115,115,230
113.135.74.85,309,602,911
113.137.129.150,9537,53,9590
113.137.194.24,1095,165,1260
113.137.226.239,2145,165,2310
113.137.58.180,20606,5511,26117
113.137.73.78,9537,53,9590
113.138.187.138,1154,713,1867
113.138.214.225,24,33,57
113.138.226.40,491,494,985
113.139.106.245,9537,49,9586
113.139.117.126,11595,1613,13208
113.139.132.91,8280,53,8333
113.139.145.83,246115,114,246229
113.139.155.58,48,64,112
113.139.215.112,239,155,394
113.139.240.104,614,1202,1816
113.139.43.101,9537,49,9586
113.139.58.248,9537,53,9590
113.139.96.33,368,548,916
113.14.100.20,714,1404,2118
113.14.102.62,954,617,1571
113.14.118.148,1365,4306,5671
113.14.121.149,975,415,1390
113.14.147.195,415,800,1215
113.14.163.75,452,275,727
113.14.165.39,41,143,184
113.14.167.85,2710,1695,4405
113.14.168.227,7083,4592,11675
113.14.172.147,995,590,1585
113.14.175.117,718,470,1188
113.14.193.229,742,493,1235
113.14.197.224,276,411,687
113.14.251.185,147737,88,147825
113.14.33.68,230733,3701,234434
113.14.34.151,515,1120,1635
113.14.35.131,9568,15755,25323
113.14.43.181,16825,1141,17966
113.14.43.26,5535,832,6367
113.14.49.248,1722,366,2088
113.140.131.153,8280,53,8333
113.140.160.14,0,68,68
113.140.17.63,8280,227,8507
113.140.230.144,48,64,112
113.140.233.60,51387,11502182,11553569
113.140.248.228,507,934,1441
113.140.32.207,404783,17376,422159
113.140.42.204,3120384,1121,3121505
113.140.42.61,23191836,1763831,24955667
113.140.42.74,386972,3605,390577
113.140.42.75,25681964,475029,26156993
113.140.83.94,144932,11403,156335
113.140.86.74,1068,524,1592
113.140.87.39,2362082,52294,2414376
113.140.87.40,202962,13550,216512
113.141.104.1,104,198,302
113.141.161.147,84,84,168
113.141.171.20,2145,165,2310
113.141.182.221,9537,53,9590
113.141.19.186,55944,891,56835
113.141.213.27,9002,509,9511
113.141.85.184,9537,53,9590
113.142.1.92,2062223,624560,2686783
113.142.1.93,2498,4797,7295
113.142.10.180,31614,322,31936
113.142.10.184,0,0,0
113.142.10.248,4171730,131575,4303305
113.142.10.76,312,720,1032
113.142.13.108,4478,687786,692264
113.142.13.109,5259,1312495,1317754
113.142.13.150,737562,56619,794181
113.142.13.152,2251467,115410,2366877
113.142.13.153,666308,36225,702533
113.142.13.154,1599621,74925,1674546
113.142.13.155,1405146,76140,1481286
113.142.13.156,2782390,82326,2864716
113.142.13.161,2251177,1419639,3670816
113.142.13.175,1246975,65616,1312591
113.142.13.177,1657239,79307,1736546
113.142.13.199,2689263,83339,2772602
113.142.18.57,53562,10527,64089
113.142.19.71,32858,443,33301
113.142.19.72,41150,742,41892
113.142.19.73,56144,499,56643
113.142.2.29,17226,20526,37752
113.142.21.103,691277,29077,720354
113.142.21.104,1205575,57861,1263436
113.142.21.110,1446374,48576,1494950
113.142.21.113,9055,21979,31034
113.142.21.114,2077576,72450,2150026
113.142.21.116,0,27006,27006
113.142.21.117,1440137,38214,1478351
113.142.21.118,69780771,294836,70075607
113.142.21.120,27786596,1027961,28814557
113.142.21.128,18101,592,18693
113.142.21.131,79938564,448791,80387355
113.142.21.34,429678,1281468,1711146
113.142.21.35,59922419,280362,60202781
113.142.21.36,36346,31036,67382
113.142.21.80,17423,2864,20287
113.142.21.81,2402,6668,9070
113.142.21.82,678,2525,3203
113.142.21.83,3567,558645,562212
113.142.21.84,137672,25896,163568
113.142.21.85,108356,14103911,14212267
113.142.21.86,221383780,4861311,226245091
113.142.21.87,39372,3983,43355
113.142.21.88,2290,941,3231
113.142.21.94,1853,709,2562
113.142.21.97,2565919,3031,2568950
113.142.24.115,0,0,0
113.142.24.23,3582,55066,58648
113.142.24.33,3828,65489,69317
113.142.24.34,3596,86291,89887
113.142.24.41,1464,7448,8912
113.142.24.42,262,1704,1966
113.142.27.145,895283,77569,972852
113.142.27.146,1006388,67461,1073849
113.142.27.152,75286676,362566,75649242
113.142.29.108,32613,2568,35181
113.142.29.111,153160,8370,161530
113.142.29.98,371,720,1091
113.142.3.225,1026256,62249,1088505
113.142.3.226,2794270,292220,3086490
113.142.3.227,1112525,75644,1188169
113.142.3.228,1163694,144707,1308401
113.142.31.19,19939127,296854,20235981
113.142.34.16,114442,19880,134322
113.142.34.17,77420,17568,94988
113.142.37.147,857,1213,2070
113.142.37.190,25027,11673,36700
113.142.37.191,16386,4038,20424
113.142.37.195,170507,54973,225480
113.142.37.208,205402,1950,207352
113.142.37.211,4207,1062,5269
113.142.37.217,461,801,1262
113.142.37.225,1375,4262,5637
113.142.37.249,12708,5336,18044
113.142.37.253,94114,255,94369
113.142.44.114,212749,203567,416316
113.142.44.71,10633265,206874,10840139
113.142.44.82,6675638,142735,6818373
113.142.45.35,175459492,807292,176266784
113.142.45.96,64007,4498,68505
113.142.45.97,159483,95848,255331
113.142.47.13,383,724,1107
113.142.47.18,1449951,241393,1691344
113.142.9.124,780378,3187868,3968246
113.142.9.223,770979,3125704,3896683
113.142.9.52,15,62,77
113.146.69.95,442,1293,1735
113.15.135.49,1335,2614,3949
113.15.81.26,309,563,872
113.16.194.32,675,338,1013
113.16.22.23,213,122,335
113.16.231.232,529,1315,1844
113.16.244.248,10347,2596505,2606852
113.16.27.59,38148,669,38817
113.16.32.127,309,200,509
113.16.45.255,19078,106,19184
113.16.48.164,927,594,1521
113.16.62.184,54718,405,55123
113.16.85.49,172,172,344
113.17.133.36,12585,39,12624
113.17.140.137,375,683,1058
113.17.140.17,0,0,0
113.17.151.92,499,115,614
113.17.170.45,1044,986,2030
113.17.170.79,16560,448,17008
113.17.172.17,0,0,0
113.17.175.100,433,417,850
113.17.175.102,326480,5936,332416
113.17.175.103,745815,8522,754337
113.17.175.104,8000,226,8226
113.17.175.108,30924,6302,37226
113.17.175.110,158158,13378,171536
113.17.175.111,182435,23120,205555
113.17.175.113,106098,9614,115712
113.17.175.84,308586,10014,318600
113.17.175.85,492,290,782
113.17.175.90,71200,227,71427
113.17.175.92,166598,17342,183940
113.17.175.95,4562341,48369,4610710
113.17.42.220,9537,53,9590
113.194.76.168,123,429,552
113.195.100.124,82,286,368
113.195.229.152,123,453,576
113.195.233.126,41,151,192
113.195.237.67,0,604,604
113.195.64.107,79,96,175
113.195.95.227,0,68,68
113.196.240.25,28310,1003,29313
113.2.243.120,41,151,192
113.20.146.57,60727,689,61416
113.20.6.7,117,48,165
113.200.164.226,41,151,192
113.200.169.38,42380,879,43259
113.200.188.40,2472,2562,5034
113.200.73.45,16560,462,17022
113.200.90.159,8388,3018,11406
113.200.90.160,12812,926,13738
113.200.90.161,0,0,0
113.204.177.7,43546,3179,46725
113.204.18.121,884,130,1014
113.206.165.206,41,143,184
113.207.34.204,413089,10863,423952
113.207.39.151,54570,2230,56800
113.21.242.145,398873,156494,555367
113.21.242.146,462657,163854,626511
113.21.242.158,581031,164649,745680
113.227.93.0,41,151,192
113.228.197.138,41,143,184
113.229.2.116,41,151,192
113.229.3.25,41,151,192
113.229.71.75,41,143,184
113.230.156.233,41,143,184
113.230.44.125,2543,647,3190
113.232.68.225,41,143,184
113.232.73.70,83645,14356,98001
113.233.116.124,82,302,384
113.233.132.48,0,130,130
113.235.27.93,41,151,192
113.235.70.85,41,302,343
113.236.55.248,41,151,192
113.236.74.163,41,143,184
113.236.77.52,41,151,192
113.237.0.23,41,143,184
113.237.0.47,41,143,184
113.237.16.239,0,130,130
113.237.207.8,41,151,192
113.237.228.84,82,286,368
113.237.229.143,41,143,184
113.237.3.174,164,604,768
113.237.44.40,8792,5010,13802
113.237.65.41,41,143,184
113.238.25.17,41,151,192
113.238.62.199,82,302,384
113.238.90.45,82,302,384
113.239.21.98,41,151,192
113.239.248.63,0,130,130
113.239.28.43,0,60,60
113.239.36.51,41,151,192
113.24.1.33,295310,133,295443
113.240.123.139,414,801,1215
113.240.161.145,8367,155,8522
113.240.194.88,411,797,1208
113.240.199.124,1672,1079,2751
113.240.200.29,701,3749,4450
113.240.220.98,2382475,20011,2402486
113.240.233.89,16560,456,17016
113.240.234.74,12818,448,13266
113.240.237.130,11040,227,11267
113.240.252.27,8722,544,9266
113.240.254.15,30139,1308,31447
113.240.254.16,15360,1512,16872
113.240.254.17,8128,732,8860
113.240.254.48,6563,2466,9029
113.240.26.126,9537,53,9590
113.240.33.80,308,561,869
113.240.34.154,4173,474320,478493
113.240.57.63,0,68,68
113.240.7.11,309,559,868
113.241.132.29,9537,53,9590
113.241.23.46,6714,1288,8002
113.241.45.0,9672,511,10183
113.241.65.235,739,115,854
113.241.69.94,9537,53,9590
113.242.137.128,309,595,904
113.242.137.53,214,125,339
113.242.139.56,406,749,1155
113.242.139.98,524853,215,525068
113.242.197.65,252,183,435
113.242.86.27,0,68,68
113.243.66.247,749,591,1340
113.243.97.24,1312,1054,2366
113.244.144.181,16486,123,16609
113.244.30.99,214,124,338
113.245.129.26,552,822,1374
113.245.141.79,45,165,210
113.245.146.39,23,30,53
113.245.184.210,16515,161,16676
113.245.203.116,152282,649,152931
113.245.206.253,0,68,68
113.245.208.81,82408,1523,83931
113.245.211.40,82592,2093,84685
113.245.217.2,202,400,602
113.245.217.69,195,154,349
113.245.223.145,41,143,184
113.245.38.248,213,124,337
113.245.64.168,1125,24674,25799
113.246.130.139,215,123,338
113.246.2.60,9537,49,9586
113.246.217.127,1128,2213,3341
113.246.246.136,184,274,458
113.246.61.145,237,155,392
113.246.66.204,2196,292968,295164
113.247.221.241,33882,1324,35206
113.247.229.105,6016,756,6772
113.247.229.107,270884,34976,305860
113.247.229.64,1652,397,2049
113.247.238.152,17892,922,18814
113.247.255.26,16560,454,17014
113.247.30.94,825,1850,2675
113.248.196.41,9537,53,9590
113.248.21.199,435409,2115,437524
113.248.244.208,41,143,184
113.248.31.23,41,151,192
113.248.47.204,1099,590,1689
113.249.105.122,9541,53,9594
113.249.161.211,164134,89,164223
113.249.187.111,9537,53,9590
113.249.226.48,884158,1057,885215
113.249.42.4,49683,53,49736
113.25.161.182,494352,1022,495374
113.25.205.185,475,312,787
113.25.70.64,11243,7303,18546
113.250.105.185,276964,1011,277975
113.250.158.247,9537,53,9590
113.250.158.82,19074,106,19180
113.250.188.118,1467,104,1571
113.251.122.18,9537,53,9590
113.251.127.117,9537,53,9590
113.251.151.230,16483,137,16620
113.251.153.176,9537,52,9589
113.251.165.70,12529,132,12661
113.251.170.37,430,98,528
113.251.199.57,9537,53,9590
113.251.208.92,9537,53,9590
113.251.219.139,15543,409,15952
113.251.220.190,9537,53,9590
113.251.243.104,25305,787,26092
113.251.245.197,30825,3769,34594
113.251.246.101,470,200,670
113.251.246.247,41,151,192
113.251.44.192,9537,53,9590
113.251.59.170,9537,49,9586
113.251.73.240,1273418,2345,1275763
113.251.81.22,536,181,717
113.251.82.73,19074,102,19176
113.251.83.154,1932,415,2347
113.251.86.1,7949,319,8268
113.251.90.145,205,401,606
113.251.93.45,9537,52,9589
113.251.95.120,9537,53,9590
113.254.200.170,463,352,815
113.255.114.7,0,68,68
113.26.25.224,8258,2467708,2475966
113.26.94.198,9537,53,9590
113.27.76.213,194,82166,82360
113.28.162.194,1824,269,2093
113.28.162.235,26571,4491,31062
113.28.163.191,1825,261,2086
113.28.214.200,11250071,1571139,12821210
113.28.214.208,580058,26817,606875
113.28.214.209,3468,454,3922
113.29.41.130,1980826,117511,2098337
113.3.166.35,41,151,192
113.3.203.114,41,151,192
113.31.133.200,7702,1296,8998
113.31.17.111,7603,9306,16909
113.31.17.116,1033,457,1490
113.31.17.117,187,266,453
113.31.17.118,212,408,620
113.31.17.119,5926,7347,13273
113.31.17.121,195,406,601
113.31.17.123,136,336,472
113.31.17.124,941,917,1858
113.31.17.127,677,710,1387
113.31.17.129,221,630,851
113.31.17.130,700,553,1253
113.31.17.234,8514,9713,18227
113.31.17.242,1500,4758,6258
113.31.17.244,6000,18265,24265
113.31.18.240,367596,8482,376078
113.31.18.243,212557,39450,252007
113.31.18.247,977318,34740,1012058
113.31.18.252,8485,23131,31616
113.31.20.204,2348507,526479,2874986
113.31.20.211,493,1011,1504
113.31.20.49,7293,50952,58245
113.31.20.54,271,1854,2125
113.31.20.73,27120,33836,60956
113.31.21.179,318548,13747,332295
113.31.26.72,35572,2835,38407
113.31.27.216,257,741,998
113.31.27.27,44663,9481,54144
113.31.27.30,105769,5314,111083
113.31.29.124,219505,13122,232627
113.31.29.127,382,1097,1479
113.31.30.82,158290,1575,159865
113.31.31.143,40719,7831,48550
113.31.31.178,1941,3200,5141
113.31.80.136,236,923,1159
113.31.80.137,1861,762,2623
113.31.80.141,714,924,1638
113.31.80.142,1089,1549,2638
113.31.80.146,174,728,902
113.31.80.147,3603,4653,8256
113.31.80.148,3213,3901,7114
113.31.80.154,7259,9077,16336
113.31.80.156,7798,9066,16864
113.31.80.163,4060,5219,9279
113.31.87.103,8701,2134,10835
113.31.87.125,146636,25019,171655
113.31.89.244,2966,1233,4199
113.56.89.147,703,8249,8952
113.57.221.140,66648,834,67482
113.58.121.161,41,151,192
113.6.124.125,0,180,180
113.6.252.175,12988,1332,14320
113.6.252.212,6039,1395,7434
113.63.0.22,236,152,388
113.63.11.40,635,590,1225
113.63.113.147,9537,52,9589
113.63.115.221,85,85,170
113.63.124.224,2102,1329,3431
113.63.138.229,410,796,1206
113.63.146.62,1397,454,1851
113.63.147.187,9537,53,9590
113.63.168.37,41,151,192
113.63.200.133,1760,937,2697
113.63.201.27,102,98,200
113.63.234.248,2760,53,2813
113.63.46.124,0,68,68
113.63.66.144,4108,8419,12527
113.63.72.153,410,799,1209
113.63.79.13,184,411,595
113.63.83.161,17279,150,17429
113.64.176.244,3494,2714,6208
113.64.45.41,335,722,1057
113.65.138.182,19011,1314585,1333596
113.65.230.52,9537,53,9590
113.65.40.177,476,1003,1479
113.65.79.22,41,143,184
113.66.153.167,0,144,144
113.66.16.50,806,1151,1957
113.66.169.62,210,124,334
113.66.200.3,654,438,1092
113.66.236.107,511,999,1510
113.67.105.101,208,401,609
113.67.178.93,213,122,335
113.67.215.207,185958,890,186848
113.67.81.61,0,68,68
113.68.118.141,130748,23150,153898
113.68.119.167,409,803,1212
113.68.144.62,428,274,702
113.68.168.135,368,548,916
113.68.168.178,1019,10564524,10565543
113.69.139.102,3619996,2391,3622387
113.69.243.48,88,136,224
113.69.60.49,103,185,288
113.7.231.14,1162,1350,2512
113.7.247.236,41,151,192
113.7.50.1,123,453,576
113.70.155.250,3024,619052,622076
113.70.20.150,309,602,911
113.71.100.34,101,186,287
113.71.135.45,213,125,338
113.71.154.34,1565,3379,4944
113.71.215.126,2760,49,2809
113.71.219.249,1130,2785,3915
113.71.230.138,513,1007,1520
113.71.47.52,514,1010,1524
113.71.53.88,410,800,1210
113.72.14.42,214,123,337
113.72.144.37,9537,53,9590
113.72.146.121,239,155,394
113.73.135.176,1542,3010,4552
113.73.154.11,9537,53,9590
113.73.160.230,11200,34,11234
113.73.211.72,31172,2019,33191
113.73.231.67,716,1304,2020
113.73.77.87,5988,5505773,5511761
113.74.180.94,476,4975,5451
113.74.201.32,1869,1170,3039
113.74.89.231,129,692,821
113.76.160.194,1224,2412,3636
113.76.168.155,717,467,1184
113.76.171.100,1499870,4134,1504004
113.76.209.241,276,411,687
113.76.253.72,9537,53,9590
113.76.55.67,84,84,168
113.76.7.82,103,203,306
113.77.153.205,485857,44373,530230
113.77.211.232,162,23,185
113.77.224.68,204,398,602
113.77.77.90,555,591,1146
113.78.240.50,34620,17103,51723
113.78.36.247,427,247,674
113.78.37.70,16557,32,16589
113.78.62.231,10160,15380,25540
113.79.128.124,9537,52,9589
113.79.213.217,1110,873,1983
113.79.236.249,842,16603,17445
113.79.36.158,412,800,1212
113.79.69.210,102,202,304
113.79.88.248,9537,53,9590
113.80.159.159,717,1305,2022
113.81.175.228,9537,53,9590
113.81.226.244,1232,1697,2929
113.81.245.27,1132,707,1839
113.82.203.191,215,122,337
113.82.22.251,16679,830,17509
113.82.7.183,717,1401,2118
113.83.30.30,9537,53,9590
113.83.68.80,1134,67305,68439
113.83.95.51,9540,52,9592
113.84.30.180,216,122,338
113.84.31.207,130,32890,33020
113.84.31.250,9541,53,9594
113.84.76.108,11209,1296,12505
113.85.141.110,41,143,184
113.85.141.173,0,53,53
113.85.157.78,1779,1235,3014
113.85.187.198,19074,106,19180
113.85.191.129,2189,396,2585
113.85.97.129,243,123,366
113.86.147.137,204,403,607
113.86.199.252,765,3751,4516
113.86.73.239,716,1402,2118
113.86.83.232,16558,33,16591
113.87.120.18,611,1206,1817
113.87.51.173,0,1681,1681
113.88.162.124,101,198,299
113.88.214.22,319,646,965
113.88.25.232,379,310,689
113.88.95.127,1507,1304,2811
113.89.167.201,252,173,425
113.89.34.118,9537,53,9590
113.89.5.150,18307,1431,19738
113.89.7.162,241,151,392
113.90.162.142,615,1202,1817
113.90.173.247,222,155,377
113.90.241.180,42136,63568,105704
113.90.42.178,514,1003,1517
113.90.96.31,0,130,130
113.91.1.33,430,281,711
113.91.184.175,813,492,1305
113.91.200.124,1373,968,2341
113.91.231.216,529638,42609,572247
113.91.75.39,616,1207,1823
113.92.120.90,443,170,613
113.92.150.175,484,286,770
113.92.177.20,42016,1074,43090
113.92.186.20,216,125,341
113.92.230.145,246129,144,246273
113.92.230.87,308,558,866
113.92.232.175,63925,4876400,4940325
113.92.5.131,204,404,608
113.92.97.200,509,1008,1517
113.93.0.165,410,1003,1413
113.93.1.124,4849,3108,7957
113.93.130.33,9537,53,9590
113.93.155.35,471,933,1404
113.93.201.56,407,808,1215
113.93.217.171,214,124,338
113.93.49.102,239,156,395
113.93.62.251,833,1320,2153
113.94.1.53,213,123,336
113.94.76.21,9537,49,9586
113.94.92.108,102,201,303
113.95.115.140,2394,493144,495538
113.95.136.54,9537,53,9590
113.95.138.236,104,199,303
113.95.144.107,712,466,1178
113.96.115.101,311,600,911
113.96.121.104,0,771,771
113.96.127.126,103,199,302
113.96.233.208,102,188,290
113.96.25.86,233,155,388
113.97.101.79,202,803,1005
113.98.224.182,236,157,393
113.98.240.13,160,70,230
113.98.241.15,17302,1370,18672
113.98.245.109,481,392,873
113.98.254.71,28980,675,29655
113.99.98.193,1538,2803,4341
114.100.141.215,641,132,773
114.100.153.130,9537,49,9586
114.100.174.128,16796,115,16911
114.100.192.136,310,200,510
114.100.241.251,0,145,145
114.100.251.90,3436,117102,120538
114.101.103.225,9537,53,9590
114.101.151.181,0,31,31
114.101.167.182,1128,33313,34441
114.101.171.249,308,599,907
114.101.191.90,9537,53,9590
114.101.203.77,1408,2163,3571
114.101.4.218,9537,53,9590
114.101.44.51,9537,53,9590
114.101.56.36,0,68,68
114.101.61.3,411,808,1219
114.102.135.210,9537,52,9589
114.102.139.214,7395,1512,8907
114.102.221.192,606,1889,2495
114.102.38.108,941,579,1520
114.102.41.146,192,189,381
114.103.39.8,49873,1229,51102
114.103.85.248,752405,2155,754560
114.104.101.113,9540,53,9593
114.104.106.249,0,604,604
114.104.116.110,43987,31877923,31921910
114.104.13.241,19074,106,19180
114.104.136.49,104,186,290
114.104.138.7,9537,52,9589
114.104.250.250,10830,492,11322
114.104.6.173,9537,53,9590
114.104.90.172,410,804,1214
114.104.94.174,117791,59,117850
114.105.112.62,476,309,785
114.105.144.138,84,84,168
114.105.153.232,9537,53,9590
114.105.238.204,9541,53,9594
114.105.251.164,9537,52,9589
114.105.26.214,9541,53,9594
114.105.42.114,9537,52,9589
114.105.42.147,279124,10655,289779
114.105.49.24,278,180485,180763
114.106.176.226,10017,775,10792
114.106.196.238,9537,49,9586
114.106.226.5,98767,49663,148430
114.106.237.21,98550,270,98820
114.106.252.224,5738,3640,9378
114.107.149.93,8280,53,8333
114.107.157.193,91,91,182
114.107.167.115,205,599,804
114.107.41.134,9540,53,9593
114.110.55.174,224,418,642
114.112.100.65,3468,1328,4796
114.112.101.160,43801,1420,45221
114.112.101.81,685,655,1340
114.112.104.253,38757,980,39737
114.112.164.21,17606,9875,27481
114.112.169.254,2763,2151,4914
114.112.175.210,1528,4560,6088
114.112.175.211,8460,25656,34116
114.112.175.214,41712,1161,42873
114.112.175.215,41713,1199,42912
114.112.176.199,13712,918,14630
114.112.176.23,161546,7930,169476
114.112.191.233,298599,703859,1002458
114.112.43.179,4615,316,4931
114.112.50.253,23460,452,23912
114.112.51.63,34827,721,35548
114.112.54.209,35880,1135,37015
114.112.54.248,275781,8477,284258
114.112.56.205,9771,401,10172
114.112.57.168,1468,183,1651
114.112.58.147,140292,1993,142285
114.112.59.199,17688,452,18140
114.112.62.25,4134231,42899,4177130
114.112.65.100,1792722,155380,1948102
114.112.65.116,32006,1880,33886
114.112.65.118,361,2716,3077
114.112.65.126,138227,1982,140209
114.112.65.127,141953,1756,143709
114.112.65.24,168176,510,168686
114.112.65.96,1867,413,2280
114.112.65.98,301904,17835,319739
114.112.66.132,147697,64797,212494
114.112.66.133,159703,74931,234634
114.112.66.161,9871,1694,11565
114.112.66.162,58781,1407,60188
114.112.66.219,4670,2177,6847
114.112.66.251,2610,1089,3699
114.112.66.40,53199,54131,107330
114.112.66.41,75192,66020,141212
114.112.66.42,27261,13270,40531
114.112.66.45,15586,1326,16912
114.112.66.46,5410,3318,8728
114.112.66.49,18509,4061,22570
114.112.66.97,98628,12181,110809
114.112.67.226,8540,1652,10192
114.112.67.237,241,441,682
114.112.67.60,6367,14519,20886
114.112.67.61,15934,16658,32592
114.112.67.77,925,1915,2840
114.112.68.159,122833,11437,134270
114.112.68.193,10218,336,10554
114.112.68.2,191,411,602
114.112.68.213,117,33181,33298
114.112.68.221,18473,23660,42133
114.112.68.225,366905,134426,501331
114.112.68.84,182221,34983,217204
114.112.70.102,147,171,318
114.112.70.104,147,171,318
114.112.70.139,46784,1444,48228
114.112.70.142,15651,16856,32507
114.112.70.144,3531,5115,8646
114.112.70.146,186884,3273,190157
114.112.70.33,0,0,0
114.112.70.60,1812,5206,7018
114.112.70.64,1215,901,2116
114.112.70.66,2279,1517,3796
114.112.73.199,5796400,1850537,7646937
114.112.73.200,479956,669877,1149833
114.112.73.202,4695213,1224293,5919506
114.112.73.203,8105371,2946161,11051532
114.112.73.205,4159588,1013575,5173163
114.112.73.206,657448,384699,1042147
114.112.73.210,185267,362174,547441
114.112.73.215,5156785,206512,5363297
114.112.73.220,163823,22511,186334
114.112.73.226,2563509,624478,3187987
114.112.73.229,43368,67983,111351
114.112.73.236,256501,107646,364147
114.112.73.238,8830,5127,13957
114.112.78.31,17916,36784,54700
114.112.78.32,8106,20891,28997
114.112.82.134,3308,5284,8592
114.112.82.197,0,0,0
114.112.82.226,2429,1374,3803
114.112.82.49,754,902,1656
114.112.82.58,5241,2003,7244
114.112.82.69,0,0,0
114.112.87.82,1874,4555,6429
114.112.87.85,422340,280841,703181
114.112.89.164,16720,19045,35765
114.112.89.175,47770,47562,95332
114.112.89.176,62361,63557,125918
114.112.89.177,25975,26491,52466
114.112.89.178,48190,50462,98652
114.112.89.219,1041,1798,2839
114.112.89.245,92183,33399,125582
114.112.89.246,93364,64420,157784
114.112.90.121,1158624,5090,1163714
114.112.90.32,128861,33907,162768
114.112.90.33,173460,36527,209987
114.112.91.56,2475,266,2741
114.112.93.105,5488,936,6424
114.112.93.115,246,33184,33430
114.112.93.127,2076,1190,3266
114.112.93.128,79569,45124,124693
114.112.93.149,541,197981,198522
114.112.93.154,18873,104780,123653
114.112.93.162,15222,2226,17448
114.112.93.171,1808,1449,3257
114.112.93.176,6966,2485,9451
114.112.93.179,319,700,1019
114.112.93.186,2721,2400,5121
114.112.93.204,2872,5683,8555
114.112.93.206,23101,37151,60252
114.112.93.207,2805,6557,9362
114.112.93.208,3648,17305,20953
114.112.93.210,232797,7351,240148
114.112.93.217,67150,9137,76287
114.112.93.226,0,0,0
114.112.93.227,0,0,0
114.112.93.229,8736,42693,51429
114.112.93.230,7616,37208,44824
114.112.93.252,7168,34622,41790
114.112.93.26,160376,89242,249618
114.112.93.45,152490,173831,326321
114.112.93.56,26286,4262,30548
114.112.93.57,21690,5938,27628
114.112.93.64,21715,5333,27048
114.112.93.76,7672,886,8558
114.112.93.88,0,0,0
114.112.97.18,928,368,1296
114.112.97.35,25509,2469,27978
114.112.98.138,2547,398,2945
114.113.144.162,16080,464,16544
114.113.144.17,5448,1108,6556
114.113.144.192,2560,3480,6040
114.113.144.25,430,436,866
114.113.144.38,344444,19421,363865
114.113.144.8,3256,1124,4380
114.113.145.64,41776,2807,44583
114.113.147.174,12987,38195,51182
114.113.152.130,418593,13266,431859
114.113.154.110,20700,450,21150
114.113.155.172,810870,25058,835928
114.113.155.201,34350,1816,36166
114.113.155.3,42244,1432,43676
114.113.156.0,41400,1135,42535
114.113.158.236,2771,52,2823
114.113.159.140,9898,454,10352
114.113.198.174,48279,57385,105664
114.113.198.200,2740,1743,4483
114.113.198.202,251451,237379,488830
114.113.198.204,73576,83794,157370
114.113.198.250,448571,717921,1166492
114.113.198.251,365685,802634,1168319
114.113.20.18,96032,1059,97091
114.113.201.41,5393,30254,35647
114.113.201.45,198522,245979,444501
114.113.225.182,13800,466,14266
114.113.227.53,23068,4774,27842
114.113.228.17,23460,462,23922
114.113.228.219,1380,508,1888
114.113.228.87,76915,14969,91884
114.113.231.87,451,580,1031
114.113.232.11,15180,452,15632
114.113.233.104,101722,39121,140843
114.113.233.110,753415,1707800,2461215
114.113.233.7,2256,1085,3341
114.113.233.94,13732,224,13956
114.113.238.56,48300,1190,49490
114.113.239.245,7526,468,7994
114.119.7.157,19320,448,19768
114.119.8.253,3521,265,3786
114.135.106.12,1377,986,2363
114.135.29.151,21884,870,22754
114.135.37.142,255,165,420
114.135.51.209,32882,122,33004
114.135.75.42,96,202,298
114.139.128.246,463717,1331,465048
114.139.165.101,16558,33,16591
114.139.184.19,377280,135,377415
114.139.246.70,216,123,339
114.139.247.155,60730,89,60819
114.139.56.249,95,95,190
114.141.130.122,12000,966,12966
114.141.132.37,307478,2448,309926
114.141.183.118,493,2297,2790
114.141.47.178,9880,255,10135
114.142.100.184,1205,5950,7155
114.161.96.180,97967,67084,165051
114.162.39.91,70488,70381,140869
114.164.179.222,154,492,646
114.169.62.90,738,3512,4250
114.184.20.100,0,964,964
114.184.20.32,0,1787,1787
114.188.18.116,0,1857,1857
114.188.196.144,0,2110,2110
114.198.186.84,450,710,1160
114.203.215.165,627893,24314,652207
114.215.101.17,892417,56597,949014
114.215.104.128,129466,169161,298627
114.215.106.249,22,220,242
114.215.107.226,792809,76294,869103
114.215.107.79,1432,267,1699
114.215.108.210,3503,175,3678
114.215.110.138,23460,460,23920
114.215.113.167,4736405,107994,4844399
114.215.114.161,16560,448,17008
114.215.117.99,8280,450,8730
114.215.126.176,2421616,112455,2534071
114.215.132.191,0,406,406
114.215.132.215,17338,892,18230
114.215.142.130,58848,3584,62432
114.215.145.141,4405091,65434,4470525
114.215.145.238,1706,856,2562
114.215.149.237,1598518,41137,1639655
114.215.151.111,625280,85927,711207
114.215.159.48,741,675,1416
114.215.168.218,112312,1254,113566
114.215.168.226,120705,1254,121959
114.215.168.231,62790,838,63628
114.215.168.24,35746,418,36164
114.215.170.110,1671800,60953,1732753
114.215.170.214,1624604,155868,1780472
114.215.174.199,13404,3207,16611
114.215.176.207,324016,31122,355138
114.215.176.241,1345,541,1886
114.215.177.13,27600,462,28062
114.215.177.137,229387,10944,240331
114.215.182.138,13176,456,13632
114.215.183.150,156619,14904,171523
114.215.183.202,228927,10458,239385
114.215.185.180,14868,2167,17035
114.215.185.32,3270,713,3983
114.215.187.192,11739,5226,16965
114.215.189.210,6144,452,6596
114.215.194.46,900686,17365,918051
114.215.196.206,106859,9919,116778
114.215.200.66,12010,450,12460
114.215.240.188,0,0,0
114.215.52.32,689863,31784,721647
114.215.59.132,25531,1013,26544
114.215.62.135,1294,450,1744
114.215.62.204,16560,452,17012
114.215.86.169,9898,187,10085
114.215.90.205,19320,450,19770
114.216.107.20,9537,53,9590
114.216.184.130,237,154,391
114.216.187.177,580,466,1046
114.216.219.128,25219,1212,26431
114.216.36.45,1022,1999,3021
114.216.75.80,9540,52,9592
114.216.79.88,19074,106,19180
114.217.146.72,3488,5975,9463
114.217.193.218,206,398,604
114.217.196.156,102,202,304
114.217.2.153,3895,511,4406
114.217.240.92,333337,413,333750
114.217.47.82,308,561,869
114.217.50.91,2602,394767,397369
114.217.54.116,450,280,730
114.217.68.194,9537,53,9590
114.218.114.202,23981,51,24032
114.218.117.211,21896,1169238,1191134
114.218.152.221,131,720,851
114.218.181.22,256,1201,1457
114.218.203.23,0,4461,4461
114.218.206.206,0,68,68
114.218.33.199,7900,5395,13295
114.218.68.26,8280,49,8329
114.218.77.158,9537,53,9590
114.219.101.89,5246,10157769,10163015
114.219.110.104,479,311,790
114.219.116.76,193,155,348
114.219.117.103,213,124,337
114.219.176.81,115,9817,9932
114.219.251.106,233,145,378
114.219.30.252,19074,105,19179
114.219.37.72,309,605,914
114.219.60.28,1752,98783,100535
114.219.86.20,17303,9186043,9203346
114.220.27.12,1330,2808,4138
114.221.113.86,33178,132,33310
114.221.154.205,9537,53,9590
114.221.166.165,511,931,1442
114.221.195.7,412,800,1212
114.221.197.0,306,621,927
114.221.221.77,202,401,603
114.221.45.236,1165,745,1910
114.221.49.147,84,101,185
114.221.63.199,3260,1914,5174
114.221.65.215,11831,1534,13365
114.221.75.46,9537,53,9590
114.222.100.188,70,91,161
114.222.111.114,9537,53,9590
114.222.115.129,119678,531,120209
114.222.117.3,216,156,372
114.222.128.148,69113,602,69715
114.222.140.134,533928,1701,535629
114.222.204.151,448,247619,248067
114.222.53.63,712,462,1174
114.222.81.245,307,560,867
114.222.88.154,820,98757,99577
114.222.90.175,238,154,392
114.223.128.95,9537,53,9590
114.223.132.255,111,157,268
114.223.148.24,104,201,305
114.223.167.244,9537,53,9590
114.223.178.3,414,98,512
114.223.184.168,9537,52,9589
114.223.22.12,1380,53,1433
114.223.4.27,9541,53,9594
114.223.42.195,9537,53,9590
114.223.69.9,3048,320616,323664
114.224.100.201,0,48832,48832
114.224.101.160,7588,9608,17196
114.224.126.57,517,1006,1523
114.224.142.216,2760,53,2813
114.224.168.238,218,123,341
114.224.197.216,1351,835,2186
114.224.72.165,242771,35695,278466
114.225.116.205,596,49456,50052
114.225.138.252,17959,132,18091
114.225.154.15,9537,53,9590
114.225.197.146,84,84,168
114.225.65.59,408,800,1208
114.226.108.109,215,125,340
114.226.184.212,238,156,394
114.226.201.178,1619,1025,2644
114.226.227.179,238,153,391
114.226.32.181,513,999,1512
114.226.55.34,104668,691,105359
114.226.75.190,104,16484,16588
114.227.112.30,41,151,192
114.227.131.79,225,154,379
114.227.132.127,9537,53,9590
114.227.29.172,33521,149,33670
114.227.37.98,143410,4689,148099
114.227.52.16,28611,158,28769
114.227.60.199,120,125,245
114.227.60.240,9541,53,9594
114.227.92.203,2760,53,2813
114.228.1.220,92949,3237566,3330515
114.228.127.100,22,31,53
114.228.148.99,1680,1301,2981
114.228.153.190,49683,53,49736
114.228.182.105,205,401,606
114.228.222.57,54891,173,55064
114.228.251.237,1221,10595,11816
114.228.38.175,1045,362,1407
114.228.64.219,16483,120,16603
114.228.77.176,9541,53,9594
114.229.117.174,22918,28608,51526
114.229.165.109,476,309,785
114.229.230.83,213,122,335
114.229.254.172,204,373,577
114.229.254.183,717,461,1178
114.229.93.118,608233,3278,611511
114.230.188.20,102,201,303
114.230.233.174,9537,53,9590
114.230.35.138,206,399,605
114.231.147.156,411,799,1210
114.231.156.241,248,185,433
114.231.222.163,1022,242,1264
114.231.37.244,0,68,68
114.231.80.37,105,104,209
114.232.154.167,1730,415,2145
114.232.81.158,425,280,705
114.232.97.204,39592,113,39705
114.233.11.239,0,68,68
114.233.131.0,9537,52,9589
114.233.187.52,5520,53,5573
114.233.191.249,801,172,973
114.233.201.82,479,312,791
114.233.234.23,41,143,184
114.233.24.225,80,97,177
114.233.249.208,104,199,303
114.233.58.29,84,84,168
114.234.155.99,9322,1842,11164
114.234.188.95,16481,101,16582
114.234.239.106,220699,1371,222070
114.234.52.62,1380,53,1433
114.234.7.12,851,17054,17905
114.235.116.237,213,123,336
114.235.151.105,41,151,192
114.235.151.91,9537,53,9590
114.235.207.248,171,123,294
114.235.217.197,41,143,184
114.235.57.230,41,151,192
114.235.72.74,9537,49,9586
114.236.175.84,714,1307,2021
114.236.224.154,4399,7130,11529
114.236.251.206,41,151,192
114.236.253.151,2760,53,2813
114.236.49.40,16483,120,16603
114.236.98.254,5520,53,5573
114.237.145.155,9537,53,9590
114.237.157.72,9537,53,9590
114.237.242.98,455,281,736
114.237.37.54,28611,157,28768
114.237.54.144,19719,1854,21573
114.237.70.240,515,935,1450
114.237.76.182,9537,53,9590
114.237.76.199,0,106,106
114.237.94.248,2613,1062,3675
114.238.20.28,41,151,192
114.238.236.146,101,373,474
114.238.43.11,16486,123,16609
114.239.137.189,3769,49714,53483
114.239.202.239,213,154,367
114.239.81.180,9537,53,9590
114.24.189.134,0,130,130
114.241.150.221,200,157,357
114.242.206.176,471,328,799
114.244.102.25,1295,545,1840
114.244.202.224,0,188,188
114.245.250.56,0,130,130
114.246.70.229,0,68,68
114.246.78.146,182,288,470
114.247.131.139,5872,736,6608
114.247.166.229,6286,478,6764
114.247.62.67,122109,1344,123453
114.248.32.230,0,130,130
114.249.203.230,526295,1545,527840
114.249.9.71,204,4793,4997
114.25.212.195,0,0,0
114.25.31.78,2058,21115,23173
114.25.53.255,119,325,444
114.250.1.112,0,130,130
114.250.85.205,2831,1173,4004
114.250.87.105,1298,3756,5054
114.251.2.76,5495,4520,10015
114.251.212.9,165,188,353
114.251.26.78,502819,38474,541293
114.253.160.140,771,524,1295
114.255.111.109,2691,229,2920
114.255.111.138,2691,229,2920
114.255.114.127,5475,7100,12575
114.255.121.15,15335,450,15785
114.255.123.116,18890,458,19348
114.255.156.131,4540,450,4990
114.255.164.90,16744,994,17738
114.255.200.156,36818,1392,38210
114.255.205.165,2646,370,3016
114.255.231.18,6321,478,6799
114.255.231.37,4141,1357,5498
114.255.242.163,198548,1589,200137
114.255.66.203,12335,1130,13465
114.255.92.205,20700,464,21164
114.255.93.16,17940,458,18398
114.255.95.11,772445,19406,791851
114.255.99.210,20700,460,21160
114.26.23.183,0,130,130
114.27.43.91,1319,5197,6516
114.32.71.25,566,427,993
114.33.227.153,0,130,130
114.34.11.233,243,297,540
114.34.209.238,694610,19613,714223
114.34.79.96,127,297,424
114.35.110.125,457,463,920
114.35.45.125,0,130,130
114.36.254.115,0,130,130
114.37.138.13,127,314,441
114.37.191.224,270,2064,2334
114.38.86.219,0,68,68
114.39.244.223,310,200,510
114.39.245.249,1737,548,2285
114.39.66.162,0,538,538
114.39.93.164,75,352,427
114.40.164.240,9176,11308,20484
114.40.204.170,0,130,130
114.41.21.188,68,76,144
114.46.34.204,9537,53,9590
114.46.97.73,0,130,130
114.54.23.10,65420,140796,206216
114.54.23.12,79132,33896,113028
114.54.23.17,1108,2476,3584
114.54.23.18,10797,7072,17869
114.54.23.22,90609,210064,300673
114.54.23.31,10300,2027,12327
114.54.23.33,49418,61045,110463
114.54.23.36,559561,87150,646711
114.54.23.47,163778,159563,323341
114.54.23.49,18781,12116,30897
114.54.23.7,1083474,1975566,3059040
114.54.23.8,42855,28043,70898
114.61.34.124,134684,46167,180851
114.66.217.218,955,486,1441
114.66.217.221,324607,2701,327308
114.66.217.57,19320,456,19776
114.69.34.124,2343,7801,10144
114.76.232.200,2348037,64502,2412539
114.80.10.109,30229,41470,71699
114.80.10.110,113528,21951,135479
114.80.10.112,329708,153698,483406
114.80.10.113,22888,6645,29533
114.80.100.194,17940,452,18392
114.80.100.215,5559,4784,10343
114.80.101.112,2123,399,2522
114.80.101.115,2341,831,3172
114.80.101.118,30139,4170,34309
114.80.101.127,47885,2199,50084
114.80.101.81,181759,31991,213750
114.80.101.90,50108,2548,52656
114.80.101.92,648,788,1436
114.80.102.140,0,0,0
114.80.105.41,1238,454,1692
114.80.11.17,237079,29962,267041
114.80.11.19,985506,297607,1283113
114.80.110.167,836,1044,1880
114.80.114.63,16560,454,17014
114.80.115.147,26933,4614,31547
114.80.115.148,24292,2356,26648
114.80.115.149,23459,11660,35119
114.80.115.150,18480,1793,20273
114.80.116.51,38640,1943,40583
114.80.118.215,16560,466,17026
114.80.119.224,8960,679,9639
114.80.120.176,4299,40219,44518
114.80.120.177,5186,46158,51344
114.80.120.178,3929,32319,36248
114.80.120.179,3006,22953,25959
114.80.121.24,15914,40323,56237
114.80.121.72,3860,17442,21302
114.80.121.93,10154,13257,23411
114.80.130.37,751241,17027,768268
114.80.137.151,196953,239146,436099
114.80.149.143,851949,3419,855368
114.80.149.144,775,563,1338
114.80.149.145,638,1738,2376
114.80.149.146,772028,2552,774580
114.80.149.149,71426,1913,73339
114.80.149.150,775,561,1336
114.80.149.151,448701,4747,453448
114.80.149.152,341,684,1025
114.80.149.154,538482,3447,541929
114.80.149.155,2433165,6426,2439591
114.80.149.156,1355,1407,2762
114.80.151.178,0,0,0
114.80.151.179,111892,1439,113331
114.80.151.47,3606,3579,7185
114.80.156.202,8648,5600,14248
114.80.156.233,20700,452,21152
114.80.156.56,33928,1368,35296
114.80.165.118,308358,287800,596158
114.80.165.55,1779918,76980,1856898
114.80.165.68,175314,464904,640218
114.80.165.75,341,669,1010
114.80.165.83,4762,6517,11279
114.80.165.89,10146,9673,19819
114.80.167.101,511068,96541,607609
114.80.167.104,23707,984,24691
114.80.167.105,336027,57827,393854
114.80.167.109,167,2754,2921
114.80.167.121,1077067,151715,1228782
114.80.167.93,129828,6117,135945
114.80.167.95,273280,29819,303099
114.80.167.99,84811,99883,184694
114.80.169.220,748,1454,2202
114.80.170.71,6939,1417,8356
114.80.170.82,59335,48057,107392
114.80.173.33,14355,2883,17238
114.80.173.34,350858,39863,390721
114.80.173.35,18113,2295,20408
114.80.173.36,407031,56680,463711
114.80.173.37,1057334,123469,1180803
114.80.173.38,1368941,134935,1503876
114.80.173.39,684265,81555,765820
114.80.173.40,243266,23151,266417
114.80.173.41,1173137,86769,1259906
114.80.173.42,2539738,276380,2816118
114.80.173.43,2184938,394379,2579317
114.80.173.44,543273,77041,620314
114.80.173.45,193726,8155,201881
114.80.173.46,197440,18813,216253
114.80.173.47,83253,16883,100136
114.80.173.48,404696,29606,434302
114.80.173.60,919162,87223,1006385
114.80.173.61,686022,60408,746430
114.80.173.62,1015457,100189,1115646
114.80.173.63,411863,58172,470035
114.80.173.64,106428,10063,116491
114.80.173.65,272773,38709,311482
114.80.173.66,1043548,108380,1151928
114.80.173.67,335300,225845,561145
114.80.173.68,153596,111923,265519
114.80.173.69,439815,287012,726827
114.80.173.70,1228029,623030,1851059
114.80.173.71,512544,288983,801527
114.80.173.72,975694,449742,1425436
114.80.173.73,459651,244396,704047
114.80.173.90,159297,144033,303330
114.80.173.91,606666,296090,902756
114.80.174.45,1376438,99867,1476305
114.80.174.55,3880712,168500,4049212
114.80.177.169,67574,23884,91458
114.80.177.172,17612,12399,30011
114.80.177.175,2127,668,2795
114.80.177.179,10965,3257,14222
114.80.177.67,797,320,1117
114.80.179.71,6672,1883,8555
114.80.180.215,132946,597,133543
114.80.180.245,5000592,18239,5018831
114.80.182.138,11314722,4413,11319135
114.80.182.139,4748951,3279,4752230
114.80.182.140,3424274,2788,3427062
114.80.182.141,5436769,3663,5440432
114.80.182.142,14197090,26620,14223710
114.80.182.143,6311009,33624,6344633
114.80.182.144,11819420,7452,11826872
114.80.182.145,9273441,13545,9286986
114.80.182.146,1581187,2366,1583553
114.80.182.147,1886954,2377,1889331
114.80.182.148,7294464,5347,7299811
114.80.182.149,3269613,2376,3271989
114.80.182.150,13137438,19702,13157140
114.80.182.151,13880258,64511,13944769
114.80.182.152,3487114,2787,3489901
114.80.182.153,23453954,5068,23459022
114.80.182.154,2044543,6549,2051092
114.80.184.115,1190666,8059,1198725
114.80.184.119,225325,3583,228908
114.80.184.17,9407143,51143,9458286
114.80.185.50,8593,3860,12453
114.80.185.51,12633,4158,16791
114.80.185.52,7755905,441364,8197269
114.80.185.53,11459878,621809,12081687
114.80.185.66,11162628,902144,12064772
114.80.185.69,12860146,662409,13522555
114.80.189.12,1052394,154362,1206756
114.80.189.18,194683,1148574,1343257
114.80.189.19,1650,1788,3438
114.80.189.23,141,282,423
114.80.189.33,4736,26799,31535
114.80.189.34,470,20221,20691
114.80.189.36,0,26076,26076
114.80.189.37,4218,20548,24766
114.80.189.65,141559,7195,148754
114.80.189.67,133184,2100,135284
114.80.189.9,1135029,167639,1302668
114.80.193.17,930,1885,2815
114.80.193.44,19320,450,19770
114.80.193.57,20700,456,21156
114.80.195.206,834900,543,835443
114.80.195.210,4730640,352,4730992
114.80.195.213,1174841,543,1175384
114.80.195.215,4609578,1098,4610676
114.80.200.213,419881,12360,432241
114.80.201.22,17940,460,18400
114.80.201.234,45108,1326,46434
114.80.203.127,404,632,1036
114.80.203.173,589,408,997
114.80.203.237,2282636,116054,2398690
114.80.203.239,417428,49787,467215
114.80.203.240,546186,3001,549187
114.80.203.246,2303374,593856,2897230
114.80.203.249,227043,15095,242138
114.80.204.70,785451,16712,802163
114.80.206.90,4734,3432,8166
114.80.208.43,269178,19539,288717
114.80.209.233,32186,363,32549
114.80.211.59,5250,189,5439
114.80.215.217,19320,452,19772
114.80.230.203,368890,169402,538292
114.80.230.225,157141,117599,274740
114.80.230.226,295326,46461,341787
114.80.230.238,517188,194299,711487
114.80.235.18,86602,25509,112111
114.80.235.8,43743,11666,55409
114.80.236.201,1361151,38803,1399954
114.80.236.203,159218,38822,198040
114.80.236.207,210717,168106,378823
114.80.236.208,6568188,50751,6618939
114.80.236.211,218749,10843,229592
114.80.236.214,666296,1624,667920
114.80.252.30,16560,456,17016
114.80.67.131,76850,1868,78718
114.80.67.15,33075,4459,37534
114.80.67.247,1230962,29724,1260686
114.80.67.56,8280,450,8730
114.80.68.137,10267,1382,11649
114.80.69.138,0,356,356
114.80.72.110,763,341,1104
114.80.72.115,10620,68144,78764
114.80.72.116,11160,40531,51691
114.80.72.61,7027,6399,13426
114.80.72.62,2649,3996,6645
114.80.76.145,27630,430,28060
114.80.78.127,235349,5956,241305
114.80.78.57,73622,12020,85642
114.80.83.171,293350,20590,313940
114.80.9.22,28980,672,29652
114.80.90.202,21834,665,22499
114.80.90.219,703101,12637,715738
114.80.90.221,142932,5654,148586
114.80.90.223,226732,11755,238487
114.80.90.225,501910,17756,519666
114.80.90.226,541567,21826,563393
114.80.90.227,219597,8766,228363
114.80.98.178,17940,442,18382
114.82.110.1,54521,8943483,8998004
114.82.144.103,234,155,389
114.82.15.254,274254,5137,279391
114.82.155.27,157,245,402
114.82.178.64,1534,2800,4334
114.82.35.125,833,1183,2016
114.83.147.4,509,1009,1518
114.83.87.52,3541,2321,5862
114.84.178.140,184,274,458
114.85.130.49,936,1841,2777
114.85.5.235,307,601,908
114.86.10.24,238,154,392
114.86.133.209,0,68,68
114.86.140.227,614,1198,1812
114.86.155.0,103,185,288
114.86.171.118,104,199,303
114.86.171.82,15548,24797,40345
114.86.248.132,573,467,1040
114.86.41.26,102,199,301
114.86.51.180,8038,5279,13317
114.86.59.88,102,201,303
114.87.89.43,68,85,153
114.88.104.100,309,600,909
114.88.123.80,40283,14395,54678
114.88.136.123,610,1125,1735
114.88.142.205,298429,44858,343287
114.88.161.68,723,1302,2025
114.88.164.74,478,396,874
114.88.197.198,472,310,782
114.88.48.201,104,199,303
114.88.83.249,104,199,303
114.89.58.243,716,1404,2120
114.91.100.109,1290,902,2192
114.91.130.199,510,1309,1819
114.91.167.221,444,314,758
114.91.177.42,7544,30072,37616
114.91.18.228,940,622,1562
114.91.180.83,1757,1209,2966
114.91.186.147,104,801,905
114.91.199.248,102,187,289
114.91.218.10,0,136,136
114.91.218.164,307,560,867
114.91.27.126,3116,2050,5166
114.91.33.57,240,154,394
114.91.45.201,303,465,768
114.92.104.16,247,183,430
114.92.166.117,660,400,1060
114.92.174.26,1019,1863,2882
114.92.198.45,2357,4613,6970
114.92.204.92,420,685,1105
114.92.254.232,214,122,336
114.92.28.17,451,277,728
114.92.36.218,311,751,1062
114.93.102.247,420,721,1141
114.93.164.9,103,199,302
114.93.45.112,998,614,1612
114.93.69.221,148832,467,149299
114.93.9.7,103,201,304
114.94.112.115,205,598,803
114.94.154.59,1546,279433,280979
114.94.231.87,510,1003,1513
114.94.247.115,224,155,379
114.94.59.159,460,685,1145
114.94.81.55,216,125,341
114.95.120.249,949300,239102,1188402
114.95.137.242,1078,384736,385814
114.95.139.81,1623,1026,2649
114.95.191.247,3220,4795,8015
114.95.213.88,410,926,1336
114.95.41.74,516,1003,1519
114.95.58.40,1211,12112842,12114053
114.96.141.163,241,155,396
114.96.149.173,342,251,593
114.96.155.109,717,465,1182
114.96.160.85,0,68,68
114.96.160.91,396,115,511
114.96.176.136,9541,53,9594
114.96.183.30,204,400,604
114.96.186.193,16963,219,17182
114.96.213.248,2859,1891,4750
114.96.235.85,16487,124,16611
114.96.35.218,0,68,68
114.96.65.22,207,400,607
114.97.204.204,409,805,1214
114.97.212.20,4140,53,4193
114.97.27.172,3830,546755,550585
114.97.66.65,572,2113,2685
114.97.68.61,0,63,63
114.97.98.38,9537,52,9589
114.98.110.110,41,143,184
114.98.153.40,7263,4884,12147
114.98.154.136,79,79,158
114.98.174.201,2274,1927884,1930158
114.98.18.78,74,79,153
114.98.183.102,28447,132,28579
114.98.209.118,238,156,394
114.98.210.220,240,125,365
114.98.210.50,514,997,1511
114.98.231.137,612,1310,1922
114.98.27.39,32958,45,33003
114.98.36.155,827,524,1351
114.98.52.112,340,483,823
114.98.65.30,131332,51,131383
114.98.88.250,103,198,301
114.98.89.29,349995,111,350106
114.99.5.141,246113,100,246213
114.99.72.13,8695,2261,10956
114.99.92.28,49387,113,49500
115.102.0.33,485810,356,486166
115.102.0.37,8413565,2682,8416247
115.102.0.38,1316496,548,1317044
115.102.0.39,3074001,1988,3075989
115.102.0.40,6509457,2271,6511728
115.102.0.45,22218,42796,65014
115.102.0.55,466154995,25895230,492050225
115.102.0.56,4220121815,192262031,4412383846
115.102.0.57,4124394,18678,4143072
115.102.0.58,223143998,253240,223397238
115.124.18.142,698263,123858,822121
115.126.50.8,0,0,0
115.132.230.214,102363,4018,106381
115.134.199.198,4742,8680,13422
115.148.11.94,9537,53,9590
115.148.164.7,1377,866,2243
115.148.170.49,11922,12226,24148
115.148.37.158,410,1000,1410
115.148.38.163,82317,87,82404
115.148.45.246,9537,53,9590
115.148.64.194,41,151,192
115.148.84.234,9537,49,9586
115.150.104.236,41,151,192
115.150.120.47,429782,1412,431194
115.150.151.66,16561,36,16597
115.150.197.89,9537,52,9589
115.150.198.108,9541,53,9594
115.150.210.189,368,548,916
115.150.211.59,94197,404,94601
115.150.228.104,309,602,911
115.150.229.208,5112,1379,6491
115.150.61.7,32879,136,33015
115.151.109.18,9537,53,9590
115.151.148.96,608,475628,476236
115.151.190.127,407,800,1207
115.152.108.233,9540,53,9593
115.152.113.81,276,411,687
115.152.150.51,1551,188,1739
115.152.18.193,9537,53,9590
115.152.19.94,13973,6640,20613
115.152.239.43,32895,135,33030
115.152.34.70,768,624,1392
115.152.99.56,101,557,658
115.153.131.155,1191,775,1966
115.153.81.38,581,306,887
115.153.87.248,473,313,786
115.154.89.98,9541,53,9594
115.154.98.60,9537,53,9590
115.155.108.21,2760,53,2813
115.155.66.64,123,453,576
115.159.15.124,71487,6170,77657
115.159.15.191,0,0,0
115.159.15.192,776,537,1313
115.159.15.199,880769,104375,985144
115.159.15.34,31394,10199,41593
115.159.29.150,1476,2514,3990
115.159.40.76,64742,1154,65896
115.159.44.191,93007,14067,107074
115.159.5.129,1514,1922,3436
115.159.74.30,110354,1014,111368
115.171.29.165,92,137,229
115.171.30.85,102,199,301
115.171.46.86,705,14666,15371
115.171.47.167,104,202,306
115.175.182.142,216,122,338
115.177.168.120,0,306,306
115.179.100.225,32296,983,33279
115.181.16.235,1708,362,2070
115.182.10.150,248970,3887,252857
115.182.12.110,7448,26507,33955
115.182.12.21,29155,1596,30751
115.182.12.225,2530,3660,6190
115.182.12.231,1297061,147900,1444961
115.182.12.71,166012,94154,260166
115.182.12.78,33360,8102,41462
115.182.15.152,917,1043,1960
115.182.15.42,49473,77033,126506
115.182.17.38,81498,1047,82545
115.182.17.39,1020039,113761,1133800
115.182.19.20,4504,3204,7708
115.182.19.21,3036,1623,4659
115.182.19.22,3212,1758,4970
115.182.19.32,5453,9027,14480
115.182.19.39,19222,31731,50953
115.182.19.54,10698,16642,27340
115.182.21.19,48906,788,49694
115.182.21.37,16792,454,17246
115.182.30.86,246,368,614
115.182.30.87,848,368,1216
115.182.34.116,6380,1010,7390
115.182.34.124,80225,1783,82008
115.182.34.142,358,444,802
115.182.34.148,9414,2854,12268
115.182.34.36,36174,728,36902
115.182.34.40,3963,584,4547
115.182.34.42,736,3725,4461
115.182.34.84,355,557,912
115.182.41.14,35622,103845,139467
115.182.41.178,14121,25878,39999
115.182.41.185,55386,25535,80921
115.182.42.115,739,267,1006
115.182.49.228,222478,19642,242120
115.182.49.46,178,541,719
115.182.49.48,197,542,739
115.182.52.108,400,357,757
115.182.52.125,1612649,22323,1634972
115.182.52.141,428,1143,1571
115.182.52.71,3317000,11425,3328425
115.182.52.83,1602,794,2396
115.182.53.112,1179,1535,2714
115.182.53.118,3416,276,3692
115.182.53.95,141,202,343
115.182.54.61,12987,852,13839
115.182.62.208,3283,799,4082
115.182.63.56,8035,24641,32676
115.182.66.187,16468,32470,48938
115.182.66.31,2475,4598,7073
115.182.67.23,78165539,9275010,87440549
115.182.68.216,5138,8147,13285
115.182.68.242,14789,20068,34857
115.182.68.244,69100,64256,133356
115.182.69.208,34168,3777,37945
115.182.69.224,10856,3072,13928
115.182.7.236,21440,456,21896
115.182.7.244,16080,456,16536
115.182.70.190,20511,430,20941
115.182.70.191,1750,1028,2778
115.182.70.195,252654,156380,409034
115.182.70.27,307440,27952,335392
115.182.70.82,370,406,776
115.182.76.123,148770,21983,170753
115.182.76.125,150438,15925,166363
115.182.76.85,664856,4492,669348
115.182.85.43,3864,4058,7922
115.182.89.205,20700,456,21156
115.182.94.243,378,1653,2031
115.192.103.42,0,68,68
115.192.142.84,28619,159,28778
115.192.209.166,1815,1270,3085
115.192.214.15,101,199,300
115.192.68.47,356621,28997,385618
115.193.143.147,955,625,1580
115.193.147.241,1849,814,2663
115.193.167.151,810,3532,4342
115.193.175.178,17340,817,18157
115.193.194.137,92,137,229
115.193.243.113,21753,494,22247
115.193.30.166,205,406,611
115.194.102.9,115474,26458,141932
115.194.152.228,9537,53,9590
115.194.27.212,65676,156,65832
115.194.71.17,9537,53,9590
115.194.72.201,0,30,30
115.195.130.40,102,199,301
115.195.202.65,9537,53,9590
115.195.65.25,41,151,192
115.195.97.26,103,199,302
115.196.127.185,9537,53,9590
115.196.130.162,9541,53,9594
115.196.60.221,3990,826,4816
115.196.61.190,215060,733,215793
115.196.97.212,237,153,390
115.197.100.219,9537,53,9590
115.197.116.209,104,199,303
115.197.14.70,7252,1939030,1946282
115.197.150.87,18064,1201,19265
115.197.152.175,304856,1101,305957
115.197.16.143,24,30,54
115.197.2.157,10288,185221,195509
115.197.241.97,411,800,1211
115.197.50.13,368,548,916
115.198.143.126,414,799,1213
115.198.192.243,419,843,1262
115.198.197.154,9537,52,9589
115.198.199.9,717,1305,2022
115.198.247.19,404,248,652
115.198.255.83,615,1207,1822
115.199.226.34,19779,4431,24210
115.199.246.38,618,1398,2016
115.199.7.70,54628,41,54669
115.199.72.5,856,495,1351
115.199.76.123,10723,132,10855
115.199.79.169,33359,1167,34526
115.199.79.6,1483,435,1918
115.199.8.15,1611,1027,2638
115.199.9.10,20703,195145,215848
115.200.10.236,74470,1010,75480
115.200.108.105,132272,919,133191
115.200.109.214,253,145,398
115.200.119.235,14998,9724,24722
115.200.119.50,817,1603,2420
115.200.122.74,306,601,907
115.200.123.154,3025,459,3484
115.200.161.9,41,143,184
115.200.168.47,41,143,184
115.200.174.183,6323,4015,10338
115.200.174.59,1676,1084,2760
115.200.175.251,4806,192161,196967
115.200.176.216,1380,52,1432
115.200.180.160,205,401,606
115.200.183.187,867,492,1359
115.200.191.133,117,157,274
115.200.55.113,102,110,212
115.200.57.132,3686,651553,655239
115.200.60.114,236,154,390
115.200.63.110,5610,1317,6927
115.200.64.162,28619,159,28778
115.200.65.227,513,1006,1519
115.200.71.249,44440,783,45223
115.200.76.122,136,1683,1819
115.200.78.166,3197,115,3312
115.200.88.72,237,157,394
115.200.91.237,184,274,458
115.201.11.115,261,472,733
115.201.132.55,406,930,1336
115.201.151.86,0,68,68
115.201.153.221,9537,53,9590
115.201.155.83,50582,43687075,43737657
115.201.174.211,9540,53,9593
115.201.187.166,314,951,1265
115.201.206.0,41,151,192
115.201.239.24,9537,53,9590
115.201.36.167,237,157,394
115.201.55.246,9537,53,9590
115.201.78.113,41,143,184
115.202.25.76,91,91,182
115.202.252.237,4810,9627,14437
115.202.94.149,112813,3493,116306
115.202.96.140,9537,53,9590
115.203.12.175,41,151,192
115.203.225.62,9537,53,9590
115.203.238.127,203,401,604
115.204.42.110,101,200,301
115.204.53.104,0,68,68
115.204.94.37,712,466,1178
115.205.121.154,9537,53,9590
115.205.6.19,962,957,1919
115.206.150.202,9537,53,9590
115.206.160.144,50892,41,50933
115.206.200.166,63329,11840,75169
115.206.60.79,102,199,301
115.206.62.0,238,155,393
115.206.76.47,9537,53,9590
115.207.104.230,0,68,68
115.207.230.30,2760,53,2813
115.207.77.126,9537,49,9586
115.207.82.67,1288,1493,2781
115.208.119.13,9537,53,9590
115.208.147.129,205,397,602
115.208.168.129,5608,122,5730
115.208.170.236,216,190,406
115.208.215.116,17599,149,17748
115.208.232.210,1464,101,1565
115.208.236.204,427,249,676
115.208.25.30,17735,264,17999
115.208.48.152,9537,53,9590
115.209.17.158,1467338,1477,1468815
115.209.17.160,4922,402,5324
115.209.17.161,30975,1522,32497
115.209.17.168,2811195,124343,2935538
115.209.17.192,4137798,11063,4148861
115.209.17.193,178728562,9988565,188717127
115.209.17.39,525635,775,526410
115.209.17.40,71283,718,72001
115.209.17.44,108310486,3276819,111587305
115.209.17.49,1691363,8628,1699991
115.209.239.123,100947,1065,102012
115.209.37.28,451,277,728
115.209.40.164,9537,53,9590
115.210.60.114,17137,250,17387
115.210.64.190,9537,49,9586
115.211.179.248,6900,53,6953
115.211.251.21,1049,404,1453
115.211.86.16,165,23,188
115.212.17.152,8440,34,8474
115.212.199.3,9537,53,9590
115.212.221.19,16773,124,16897
115.213.234.7,404,244,648
115.213.40.20,9537,53,9590
115.214.223.50,0,68,68
115.214.62.99,213,123,336
115.215.201.48,12064,7744,19808
115.215.207.251,14599,9068,23667
115.215.97.54,1474,25778,27252
115.216.65.92,9537,52,9589
115.217.196.131,9537,53,9590
115.217.197.45,9537,53,9590
115.217.214.95,4302,124,4426
115.217.215.100,9537,53,9590
115.217.9.224,2967,125836,128803
115.218.102.19,9537,53,9590
115.218.222.193,208,599,807
115.218.224.230,101,156,257
115.218.5.207,1188,778,1966
115.218.90.19,9537,53,9590
115.218.91.246,9537,49,9586
115.218.98.35,365,279,644
115.219.129.207,19074,106,19180
115.219.138.135,160,23,183
115.219.15.83,19074,102,19176
115.219.164.89,9537,53,9590
115.220.185.193,963,5859,6822
115.220.204.183,9537,53,9590
115.220.219.66,19074,101,19175
115.221.139.244,9537,53,9590
115.221.55.19,362,279,641
115.221.7.230,9537,53,9590
115.222.113.74,0,68,68
115.222.25.58,3302,680423,683725
115.222.3.250,284509,1620,286129
115.222.31.31,1138,893,2031
115.222.7.21,515,1003,1518
115.223.200.166,409,809,1218
115.224.125.242,9537,53,9590
115.224.13.139,0,136,136
115.224.191.180,87044,597,87641
115.224.203.167,478,188,666
115.224.240.242,9537,53,9590
115.224.65.86,84,84,168
115.225.1.17,9541,53,9594
115.225.106.198,54891,149,55040
115.225.119.9,31739,45,31784
115.225.2.11,86,86,172
115.225.36.19,10361,1819,12180
115.225.5.254,9537,53,9590
115.226.159.204,9537,53,9590
115.227.141.50,79110,2483,81593
115.228.19.208,10719,826,11545
115.228.60.45,21227,354,21581
115.228.61.57,9537,53,9590
115.228.96.193,19074,106,19180
115.229.212.99,1042,411,1453
115.229.246.17,10235,741,10976
115.229.7.16,61243,336,61579
115.23.192.91,7854,8270,16124
115.230.124.122,860689,55535,916224
115.230.126.158,1725,1055,2780
115.230.126.64,26850,1125,27975
115.230.127.81,2760,962,3722
115.230.189.16,237,157,394
115.231.100.114,7809684,2449189,10258873
115.231.100.23,33487,976,34463
115.231.100.39,2408,829,3237
115.231.102.14,6908,458,7366
115.231.102.173,0,206,206
115.231.102.178,3338,1557,4895
115.231.102.190,4686,1416,6102
115.231.102.203,663,3038,3701
115.231.102.227,59381,1367,60748
115.231.102.240,9422,12641,22063
115.231.102.241,19160,12045,31205
115.231.102.242,7881,6898,14779
115.231.105.251,468893,206542,675435
115.231.106.145,635,3615,4250
115.231.106.67,1038,2739,3777
115.231.11.7,65991,7709,73700
115.231.128.148,46082,9945,56027
115.231.128.183,140534,48464,188998
115.231.128.186,8648,978,9626
115.231.128.191,92880,3008,95888
115.231.132.41,22598043,5528,22603571
115.231.132.43,7675066,6356,7681422
115.231.132.52,1524,3174,4698
115.231.132.72,1278250,20083,1298333
115.231.132.74,32039832,135266,32175098
115.231.134.21,5959344,4734,5964078
115.231.134.23,443011,1085,444096
115.231.134.29,754,1200,1954
115.231.134.30,1179612,442,1180054
115.231.134.32,1179612,442,1180054
115.231.134.68,1171,2447,3618
115.231.14.165,6900,355,7255
115.231.15.146,562,65,627
115.231.15.149,627165,14785,641950
115.231.15.154,2475,6041,8516
115.231.15.17,475880,57930,533810
115.231.15.33,173610,10419,184029
115.231.15.36,99393,26922,126315
115.231.150.20,12254,1894,14148
115.231.153.13,174624,617,175241
115.231.153.150,3696800,76070,3772870
115.231.153.48,1381854,133,1381987
115.231.153.62,107640,1662,109302
115.231.153.63,3003826,7374,3011200
115.231.153.71,1064903,3193,1068096
115.231.153.77,425576,23364,448940
115.231.156.20,21019498,12275,21031773
115.231.156.31,845895,727,846622
115.231.156.32,1120899,2978,1123877
115.231.156.33,3396204,2971,3399175
115.231.156.34,259395,665,260060
115.231.156.35,214419,715,215134
115.231.156.36,5543860,2952,5546812
115.231.156.69,1748391,35418,1783809
115.231.156.78,4042364,56683,4099047
115.231.158.20,9592134,2929,9595063
115.231.158.30,113371,589,113960
115.231.158.32,623183,640,623823
115.231.158.75,21444962,1544313,22989275
115.231.159.160,294996,14189,309185
115.231.159.202,9597,1480,11077
115.231.159.41,1530510,56246,1586756
115.231.171.18,571237,165289,736526
115.231.171.19,451171,122392,573563
115.231.171.20,552010,163562,715572
115.231.171.21,733777,179684,913461
115.231.171.22,501762,129193,630955
115.231.171.23,600529,151241,751770
115.231.171.39,748,1279,2027
115.231.171.40,696,1878,2574
115.231.171.41,1496,2569,4065
115.231.171.51,1397014,1875,1398889
115.231.171.75,14078587,314570,14393157
115.231.176.165,185556,8102,193658
115.231.177.2,628259,187357,815616
115.231.179.117,1801791,22427,1824218
115.231.179.148,639018,5122,644140
115.231.179.80,773913,4832,778745
115.231.179.84,2096895,8557,2105452
115.231.179.85,839492,5228,844720
115.231.18.15,1142,273,1415
115.231.18.16,1141,265,1406
115.231.181.10,989652,22752,1012404
115.231.181.37,13250543,1715,13252258
115.231.181.38,6150494,9973,6160467
115.231.181.9,19867625,64219,19931844
115.231.182.136,935897,56183,992080
115.231.182.161,547419,30661,578080
115.231.182.162,13392,4707,18099
115.231.182.18,42245,370,42615
115.231.20.28,392203,595,392798
115.231.20.30,1125,1870,2995
115.231.20.31,375,653,1028
115.231.20.34,584986,1848,586834
115.231.20.35,375,646,1021
115.231.20.58,4562033,121558,4683591
115.231.20.59,14143788,294135,14437923
115.231.21.26,35710446,290518,36000964
115.231.21.31,5124282,310946,5435228
115.231.216.30,28,92,120
115.231.216.36,427,426,853
115.231.216.37,9510,900,10410
115.231.216.39,1779,1044,2823
115.231.216.41,2551,1551,4102
115.231.22.28,2690645,514878,3205523
115.231.22.31,2976031,252263,3228294
115.231.22.32,71760,1262,73022
115.231.22.45,0,4735,4735
115.231.22.84,152835,876,153711
115.231.22.85,984965,461,985426
115.231.220.171,56766,1303,58069
115.231.221.130,39124,1708,40832
115.231.221.66,54623,1394,56017
115.231.222.150,0,0,0
115.231.222.184,10275,1778,12053
115.231.222.191,13800,400,14200
115.231.222.8,1134,942,2076
115.231.23.41,54241,9074,63315
115.231.232.42,553895,7449,561344
115.231.234.153,0,0,0
115.231.236.207,44838,392,45230
115.231.236.248,424300,30022,454322
115.231.26.103,1228283,8022,1236305
115.231.27.11,0,23,23
115.231.27.23,0,23,23
115.231.27.41,0,23,23
115.231.27.42,0,23,23
115.231.28.105,25984,5015,30999
115.231.28.146,0,0,0
115.231.28.147,0,0,0
115.231.28.148,0,0,0
115.231.28.150,0,0,0
115.231.28.159,5590366,3851,5594217
115.231.28.199,13800,954,14754
115.231.28.200,2071,3550,5621
115.231.33.223,9347,1390,10737
115.231.35.53,156516,7622,164138
115.231.37.31,594557,5997,600554
115.231.37.32,578112,3369,581481
115.231.38.39,972560,1916,974476
115.231.38.44,409520,1916,411436
115.231.38.51,1074161,959,1075120
115.231.38.52,316539,957,317496
115.231.38.77,3687,7682,11369
115.231.38.83,74772,878,75650
115.231.42.51,383785714,314995,384100709
115.231.44.154,1403,228,1631
115.231.44.163,32,100,132
115.231.44.35,292,730,1022
115.231.44.63,5837,17450,23287
115.231.44.64,4842,19076,23918
115.231.44.91,15951,1113,17064
115.231.44.92,1882,88781,90663
115.231.45.86,9743,973,10716
115.231.72.151,441600,962,442562
115.231.72.152,960480,525,961005
115.231.72.154,811761,2111,813872
115.231.72.159,471960,522,472482
115.231.72.162,7786556,4358,7790914
115.231.72.173,3574200,542,3574742
115.231.72.174,1364820,1484,1366304
115.231.82.106,27055859,225256,27281115
115.231.82.145,758,1308,2066
115.231.82.148,1516,1716,3232
115.231.82.36,241483,162021,403504
115.231.82.37,263455,178824,442279
115.231.82.38,318127,241307,559434
115.231.82.40,292474,208271,500745
115.231.82.41,271497,192016,463513
115.231.82.42,334912,235569,570481
115.231.82.43,294852,196990,491842
115.231.82.44,265673,186418,452091
115.231.82.45,374821,269452,644273
115.231.82.46,307500,215176,522676
115.231.82.60,441499,960,442459
115.231.82.61,465152,966,466118
115.231.82.63,540898,145982,686880
115.231.82.64,561367,135465,696832
115.231.82.65,491688,129689,621377
115.231.82.67,408622,129586,538208
115.231.82.68,730936,183446,914382
115.231.82.90,4140,2096,6236
115.231.83.30,2600439,56661,2657100
115.231.83.37,137944,26630,164574
115.231.84.26,752,1951,2703
115.231.84.29,16242,989,17231
115.231.84.30,752,1320,2072
115.231.84.31,752,1322,2074
115.231.84.34,696,1920,2616
115.231.84.40,376,652,1028
115.231.84.44,1200759,2495,1203254
115.231.84.45,376,652,1028
115.231.84.49,696,1292,1988
115.231.87.125,3258,15523,18781
115.231.87.38,750,1271,2021
115.231.87.41,375,685,1060
115.231.87.53,375,700,1075
115.231.87.88,750,1337,2087
115.231.87.93,348,651,999
115.231.87.96,1125,2214,3339
115.231.94.31,295,287,582
115.231.94.87,1862,15535,17397
115.231.95.112,2357540,55110,2412650
115.234.159.119,13100,409,13509
115.235.104.185,16925,401551,418476
115.235.110.21,11955,8448423,8460378
115.236.100.244,1432,2030,3462
115.236.100.254,5991,4200,10191
115.236.101.125,103464,16057,119521
115.236.102.115,4707,3028,7735
115.236.102.124,9901,7773,17674
115.236.102.213,11760,23816,35576
115.236.102.22,7334,2181,9515
115.236.102.23,1534,1478,3012
115.236.102.233,111597,6645,118242
115.236.102.234,9830,1284,11114
115.236.102.235,68483,6182,74665
115.236.102.32,56580,1140,57720
115.236.102.38,858,503,1361
115.236.102.67,6409,1158,7567
115.236.102.84,14029,20971,35000
115.236.102.85,4159,6430,10589
115.236.102.86,356,642,998
115.236.102.95,30068,8399,38467
115.236.103.121,232651,13821,246472
115.236.103.122,60615,7492,68107
115.236.103.123,43850,4986,48836
115.236.103.124,3328918,589387,3918305
115.236.103.125,3191227,590088,3781315
115.236.103.126,4669768,931984,5601752
115.236.103.129,636037,71916,707953
115.236.103.130,390114,41590,431704
115.236.103.81,1065722,104696,1170418
115.236.103.82,1153403,118496,1271899
115.236.103.83,343088,48002,391090
115.236.103.84,688511,74645,763156
115.236.103.85,1594888,154408,1749296
115.236.139.178,1048,3568,4616
115.236.139.196,0,0,0
115.236.148.176,1131,5378,6509
115.236.148.182,13430749,2403545,15834294
115.236.148.185,1921698,5456,1927154
115.236.148.187,10843225,6319,10849544
115.236.148.188,972320,2308,974628
115.236.148.194,3846250,6248,3852498
115.236.148.195,3364168,2927,3367095
115.236.148.196,2087533,3940,2091473
115.236.148.199,42858,2417,45275
115.236.148.201,326573,15060,341633
115.236.148.202,374110,18914,393024
115.236.148.204,597774,24127,621901
115.236.148.208,339273,18979,358252
115.236.148.209,34066,9421,43487
115.236.148.210,835666,27730,863396
115.236.152.220,9364,1736,11100
115.236.153.234,29315,125930,155245
115.236.16.123,6600,9807,16407
115.236.16.124,4800,6928,11728
115.236.16.202,3831,10754,14585
115.236.16.205,55830,23389,79219
115.236.16.225,129296,404300,533596
115.236.16.227,1215566,714160,1929726
115.236.16.245,4361,854,5215
115.236.16.27,336,450,786
115.236.16.33,28566,2040,30606
115.236.179.32,53478,892,54370
115.236.18.57,90761,294019,384780
115.236.185.103,346,469,815
115.236.185.105,8736,3774,12510
115.236.185.106,2157,2228,4385
115.236.185.107,2092,483,2575
115.236.185.13,946,407,1353
115.236.185.244,13326,20545,33871
115.236.19.43,60529,6503,67032
115.236.19.48,1445,181,1626
115.236.23.136,258056,1933,259989
115.236.23.149,18680,784,19464
115.236.23.152,22080,466,22546
115.236.23.218,166084,1791,167875
115.236.235.224,975,19481,20456
115.236.4.18,19054,2220,21274
115.236.4.27,58144,8865,67009
115.236.4.7,5944,2412,8356
115.236.47.223,16564,846,17410
115.236.59.137,45540,780,46320
115.236.59.157,20700,934,21634
115.236.59.24,2667,1657,4324
115.236.59.81,9569,4839,14408
115.236.76.127,276991,118896,395887
115.236.76.143,25690,9830,35520
115.236.76.55,94150,931,95081
115.236.77.140,7650,649,8299
115.236.77.143,34816,903,35719
115.236.77.162,4926,851,5777
115.236.77.73,13229,4731,17960
115.236.97.82,74415,248388,322803
115.236.98.128,203,463,666
115.236.98.129,46903,1160,48063
115.236.99.122,189775,79914,269689
115.236.99.74,41369,57922,99291
115.236.99.77,21817,1937,23754
115.236.99.86,15877,1480,17357
115.236.99.91,154983,40223,195206
115.236.99.97,1437747,12881,1450628
115.238.101.104,3365,1965,5330
115.238.101.160,345,490,835
115.238.103.88,25337,1041,26378
115.238.103.91,13133,2409,15542
115.238.103.93,32084,4371,36455
115.238.126.138,4975765,1390307,6366072
115.238.126.139,4789663,1324418,6114081
115.238.129.161,33167301,823107,33990408
115.238.132.23,14456,1432,15888
115.238.144.49,315342,16850,332192
115.238.145.138,552055,5758,557813
115.238.145.144,133643,17242,150885
115.238.147.245,13540,5895,19435
115.238.149.3,2903,2860,5763
115.238.150.17,17940,448,18388
115.238.154.167,14153,2323,16476
115.238.154.172,59886,1664,61550
115.238.157.138,16279,496,16775
115.238.166.150,1205485,881,1206366
115.238.166.155,1839,2297,4136
115.238.166.156,2170,1859,4029
115.238.171.15,3562,1356,4918
115.238.171.188,18596,454,19050
115.238.171.29,21259,4263,25522
115.238.180.24,1541,202,1743
115.238.184.72,23460,452,23912
115.238.189.230,704663,87677,792340
115.238.191.3,147175,117722,264897
115.238.20.175,423320,9875,433195
115.238.21.168,7664,948,8612
115.238.226.144,306297,13353,319650
115.238.226.155,267160,6510,273670
115.238.226.95,3660,449,4109
115.238.226.96,159033,18876,177909
115.238.227.86,266,345,611
115.238.227.88,459755,30115,489870
115.238.229.137,280,804,1084
115.238.23.245,350185,20467,370652
115.238.230.105,28958,7758,36716
115.238.230.162,23460,448,23908
115.238.230.70,3533,5512,9045
115.238.232.205,27600,690,28290
115.238.233.202,1743,267,2010
115.238.238.137,1458,266,1724
115.238.238.153,58383,3912,62295
115.238.238.156,17877,1314,19191
115.238.238.183,27600,444,28044
115.238.238.202,6146,1544,7690
115.238.238.207,3198,3885,7083
115.238.242.26,85454,16123,101577
115.238.242.33,60805,20842,81647
115.238.242.34,1017,417,1434
115.238.242.35,22392,464,22856
115.238.242.71,2134031,243405,2377436
115.238.242.76,8849,344,9193
115.238.242.81,99813,4840,104653
115.238.242.82,86055,1703,87758
115.238.242.99,944310,2124,946434
115.238.244.87,58077,5758,63835
115.238.244.88,219614,44133,263747
115.238.247.75,481153,12720,493873
115.238.247.99,45280,1589,46869
115.238.248.48,2144,804,2948
115.238.249.139,253083,533,253616
115.238.250.122,62843,2604,65447
115.238.250.123,509063,15737,524800
115.238.250.124,235007,8145,243152
115.238.250.149,1023,972,1995
115.238.250.58,188150,1461,189611
115.238.250.71,48302,916,49218
115.238.250.73,119588,1658,121246
115.238.251.43,505221,25426,530647
115.238.251.94,20700,450,21150
115.238.252.63,15142,448,15590
115.238.254.191,144316,6997,151313
115.238.254.192,1292,1472,2764
115.238.254.193,142885,6807,149692
115.238.255.173,36214,7799,44013
115.238.255.174,44405,4616,49021
115.238.255.18,1195351,14952,1210303
115.238.255.192,5859712,1942,5861654
115.238.28.75,41904,4364,46268
115.238.54.141,36192,13198,49390
115.238.54.184,35985,28326,64311
115.238.54.206,3651,367,4018
115.238.54.41,2133,2923,5056
115.238.54.58,25588,20699,46287
115.238.55.122,1779,2522,4301
115.238.59.223,1925,1196,3121
115.238.73.115,69142,67609,136751
115.238.73.116,16134,3621,19755
115.238.73.118,56068,4813,60881
115.238.73.119,14252,1713,15965
115.238.73.121,11286,3907,15193
115.238.73.124,6520,758,7278
115.238.73.145,4124,7142,11266
115.238.73.153,1367,2194,3561
115.238.73.154,21462,4516,25978
115.238.73.176,617,472,1089
115.238.73.23,20521,959,21480
115.238.73.81,56891,17641,74532
115.238.73.97,812,1054,1866
115.239.101.12,9537,53,9590
115.239.127.199,100005,488,100493
115.239.136.66,1239,782,2021
115.239.173.51,8439,83,8522
115.239.190.19,17940,446,18386
115.239.195.96,5394,4836,10230
115.239.196.224,37260,920,38180
115.239.196.26,315692,15618,331310
115.239.196.55,8306,806,9112
115.239.210.117,7692472,4050,7696522
115.239.210.143,2458,708,3166
115.239.210.151,8847,19740,28587
115.239.210.19,14171980,7415417,21587397
115.239.210.203,1700,6126,7826
115.239.210.219,1506304,231990,1738294
115.239.210.222,143572,28885,172457
115.239.210.242,12660862,2180040,14840902
115.239.210.254,134083,481,134564
115.239.210.28,691363,171908,863271
115.239.210.31,43416,872,44288
115.239.210.32,10854,218,11072
115.239.210.45,3277,5817,9094
115.239.210.82,63269,124384,187653
115.239.210.84,95289,373143,468432
115.239.210.86,3577158,3125971,6703129
115.239.210.89,69891,25630,95521
115.239.211.128,133896,95536,229432
115.239.211.134,328,2393,2721
115.239.211.146,6792,7660,14452
115.239.211.148,17939,144725,162664
115.239.211.151,396,151,547
115.239.211.172,32993,1455,34448
115.239.211.181,28401,40914,69315
115.239.211.187,8295,2035,10330
115.239.211.201,124133,486847,610980
115.239.211.205,864,1039,1903
115.239.211.216,6864,75361,82225
115.239.211.217,1787,1355,3142
115.239.211.22,120117,9513,129630
115.239.211.85,10263,13361,23624
115.239.211.97,71066573,74635391,145701964
115.239.224.196,340,338,678
115.239.249.17,640,5476,6116
115.239.249.40,510435,25908,536343
115.239.252.199,78981,22380,101361
115.239.252.200,115566,22663,138229
115.239.252.201,16678,1361,18039
115.239.64.75,9537,52,9589
115.239.72.54,41,143,184
115.27.46.90,280,334,614
115.28.1.149,553635,28909,582544
115.28.1.170,32031,4173,36204
115.28.1.220,35880,854,36734
115.28.11.194,128850,8998,137848
115.28.112.106,1814783,58236,1873019
115.28.112.198,3951,907,4858
115.28.112.219,738838,546338,1285176
115.28.112.77,13662,53587,67249
115.28.113.134,2070,8942,11012
115.28.114.103,656,1013,1669
115.28.114.123,811,3489,4300
115.28.114.185,887951,498853,1386804
115.28.114.35,2632,8256,10888
115.28.114.60,303138,197034,500172
115.28.115.181,47320,168040,215360
115.28.115.20,30560,1509,32069
115.28.115.79,5922,1898,7820
115.28.12.82,16560,458,17018
115.28.122.215,2776,16332,19108
115.28.13.250,19320,448,19768
115.28.130.146,3143765,37590,3181355
115.28.133.96,832086,49971,882057
115.28.135.137,3384563,58444,3443007
115.28.136.165,2402850,39671,2442521
115.28.137.134,15038,1440,16478
115.28.142.116,1323,183,1506
115.28.142.192,335394,5388,340782
115.28.145.127,3477,477,3954
115.28.145.26,92812,4305,97117
115.28.146.121,470898,36618,507516
115.28.147.132,109142,154520,263662
115.28.148.36,43275,1115,44390
115.28.150.138,134482,30319,164801
115.28.151.75,1411180,35564,1446744
115.28.152.227,2301595,86668,2388263
115.28.152.236,3344210,45053,3389263
115.28.152.251,3071939,41430,3113369
115.28.152.252,1872051,55735,1927786
115.28.152.29,4730460,66990,4797450
115.28.152.38,2700743,61306,2762049
115.28.154.100,1943381,14812,1958193
115.28.160.250,2089811,21076,2110887
115.28.160.30,2531785,37004,2568789
115.28.161.150,466775,89632,556407
115.28.161.201,1266316,53558,1319874
115.28.162.156,10443,3958,14401
115.28.162.24,3251626,53278,3304904
115.28.163.169,25007,32786,57793
115.28.166.122,34850,2653,37503
115.28.168.182,3512,272,3784
115.28.169.247,486,1309,1795
115.28.17.216,5507,373,5880
115.28.170.107,37260,675,37935
115.28.172.9,10868,395,11263
115.28.173.126,31172,458,31630
115.28.177.254,47084,912,47996
115.28.179.75,48928,25191,74119
115.28.180.118,309710,3526,313236
115.28.180.50,993620,36046,1029666
115.28.189.101,165,272,437
115.28.191.188,69666,99938,169604
115.28.191.62,12027,720,12747
115.28.20.214,36631,5439,42070
115.28.205.209,1380,53,1433
115.28.209.172,164784,9300,174084
115.28.209.33,9691,480,10171
115.28.209.74,5904,452,6356
115.28.212.168,283180,105582,388762
115.28.212.204,65470,2195,67665
115.28.217.142,193172,1091,194263
115.28.217.143,62792,9080,71872
115.28.22.114,138759,852,139611
115.28.220.148,27450,456,27906
115.28.23.41,93812,255,94067
115.28.230.63,91421,78048,169469
115.28.235.156,16560,456,17016
115.28.235.57,124873,1824,126697
115.28.236.220,54899,945,55844
115.28.239.87,2725496,1173447,3898943
115.28.24.215,1596152,62060,1658212
115.28.241.196,3933904,65417,3999321
115.28.241.202,4711841,86045,4797886
115.28.241.224,1142450,18856,1161306
115.28.241.227,3211804,31333,3243137
115.28.241.232,1125451,21067,1146518
115.28.241.233,1643100,19636,1662736
115.28.241.236,1078960,46896,1125856
115.28.241.245,1479320,19584,1498904
115.28.241.25,1744925,22434,1767359
115.28.241.251,2169690,49610,2219300
115.28.246.221,239307,361,239668
115.28.250.10,465284,81540,546824
115.28.250.23,5360,1460,6820
115.28.252.194,344802,153792,498594
115.28.252.221,2053603,861529,2915132
115.28.252.255,16596,89282,105878
115.28.253.248,13956,904,14860
115.28.253.32,123706,9613,133319
115.28.253.95,10216,12100,22316
115.28.254.148,483,44627,45110
115.28.254.180,6337,2233,8570
115.28.254.21,9650,5199,14849
115.28.254.238,2454,1564,4018
115.28.254.48,7393913,144735,7538648
115.28.254.76,139443,15635,155078
115.28.26.47,753,345,1098
115.28.3.133,9537,53,9590
115.28.3.213,216535,36490,253025
115.28.3.236,2326333,28231,2354564
115.28.3.29,1359014,25528,1384542
115.28.33.11,840640,33589,874229
115.28.33.58,252630,16942,269572
115.28.33.60,1803103,26338,1829441
115.28.34.114,2623483,77364,2700847
115.28.34.143,259966,37410,297376
115.28.34.151,2812765,41078,2853843
115.28.34.94,112141,156720,268861
115.28.35.92,6446509,311230,6757739
115.28.36.105,54747,13407,68154
115.28.36.71,3748,701,4449
115.28.37.99,54527,4481,59008
115.28.38.40,3447312,48922,3496234
115.28.39.183,206463,1044,207507
115.28.39.79,992313,27404,1019717
115.28.40.214,4774579,44002,4818581
115.28.41.134,109893,4345,114238
115.28.43.180,535072,8313,543385
115.28.45.103,190181,10853,201034
115.28.45.12,1408941,9350,1418291
115.28.45.223,482349,4092,486441
115.28.45.31,1961345,54360,2015705
115.28.45.58,2385372,38776,2424148
115.28.45.78,2315625,27463,2343088
115.28.45.85,2465338,24544,2489882
115.28.45.92,869149,28881,898030
115.28.45.93,2151826,26390,2178216
115.28.46.110,4790775,38837,4829612
115.28.46.196,71500,110853,182353
115.28.48.10,2751978,102000,2853978
115.28.48.13,165760,6841,172601
115.28.48.32,470175,21286,491461
115.28.48.46,792350,39350,831700
115.28.48.47,924650,33721,958371
115.28.48.55,2288588,24906,2313494
115.28.48.58,1128783,15152,1143935
115.28.48.59,1725540,55785,1781325
115.28.48.61,5170977,50929,5221906
115.28.48.66,4122586,70888,4193474
115.28.48.70,2049040,26757,2075797
115.28.48.72,2070394,30410,2100804
115.28.48.73,2041820,49307,2091127
115.28.48.75,3257646,69229,3326875
115.28.48.76,939680,32246,971926
115.28.48.80,6367964,92368,6460332
115.28.48.81,1326903,26354,1353257
115.28.48.86,3424716,48002,3472718
115.28.48.89,2444146,25630,2469776
115.28.49.3,1459068,55568,1514636
115.28.5.160,84525,10853,95378
115.28.50.150,1327712,38370,1366082
115.28.50.186,2435360,20605,2455965
115.28.50.199,1991746,19167,2010913
115.28.50.22,417725,19440,437165
115.28.54.164,712,186,898
115.28.57.65,1215,3342,4557
115.28.64.249,3173,1362,4535
115.28.7.19,146364,1356,147720
115.28.7.85,1149,529,1678
115.28.77.177,3579851,12002,3591853
115.28.79.54,1289135,43928,1333063
115.28.8.31,327,1194,1521
115.28.80.18,190930,19787,210717
115.28.80.71,724,188,912
115.28.9.139,1227323,275858,1503181
115.29.106.75,37720,26866,64586
115.29.109.199,85,85,170
115.29.128.218,4725,144,4869
115.29.128.25,14182,51,14233
115.29.139.65,16560,466,17026
115.29.141.199,289,185,474
115.29.147.102,1023220,2088,1025308
115.29.147.98,86697,11779,98476
115.29.148.218,21124,882,22006
115.29.15.213,59295,1098,60393
115.29.16.141,88178,6659,94837
115.29.161.162,65245,788,66033
115.29.162.118,5800,268,6068
115.29.162.21,744,342,1086
115.29.167.10,3071,3462,6533
115.29.167.208,533512,29906,563418
115.29.168.238,525978,59343,585321
115.29.168.63,1838551,3033134,4871685
115.29.169.144,5951,1939,7890
115.29.170.223,458745,11018,469763
115.29.171.68,52886,1336,54222
115.29.174.83,8122,452,8574
115.29.174.97,12450,466,12916
115.29.176.101,1719606,132231,1851837
115.29.177.152,1587547,61632,1649179
115.29.178.91,16560,466,17026
115.29.179.54,428045,53205,481250
115.29.184.20,49532,3374,52906
115.29.186.196,524,809,1333
115.29.186.222,12858,1001,13859
115.29.187.181,449864,14498,464362
115.29.189.199,8243,1350,9593
115.29.190.150,19320,454,19774
115.29.190.166,1867,3039,4906
115.29.190.52,360,370,730
115.29.191.40,30809,4436,35245
115.29.192.125,2198172,40782,2238954
115.29.194.115,449366,13464,462830
115.29.194.24,39754,1833,41587
115.29.194.45,1138760,32216,1170976
115.29.195.56,17940,456,18396
115.29.197.152,39688,6647,46335
115.29.198.19,28299,1344,29643
115.29.198.205,52572,10413,62985
115.29.200.18,21138,1675,22813
115.29.200.32,1577316,74874,1652190
115.29.201.23,6041,3059,9100
115.29.202.31,19204,452,19656
115.29.206.178,237172,13337,250509
115.29.207.153,19689,375,20064
115.29.208.232,380622,36951,417573
115.29.209.79,47259,1005,48264
115.29.210.21,89465,1147,90612
115.29.220.126,220454,2789,223243
115.29.223.200,1434,1639,3073
115.29.225.172,2861636,278624,3140260
115.29.225.214,1396878,32984,1429862
115.29.225.232,625038,21870,646908
115.29.225.68,29005,43746,72751
115.29.228.208,91962,4171,96133
115.29.232.132,9864,452,10316
115.29.232.93,78225,2572,80797
115.29.233.64,978904,418455,1397359
115.29.233.88,294945,34237,329182
115.29.234.13,250698,9062,259760
115.29.234.222,26964,684,27648
115.29.234.38,6050,7243,13293
115.29.234.83,474859,21458,496317
115.29.234.86,7897,928,8825
115.29.236.150,472438,16047,488485
115.29.236.157,1457289,16009,1473298
115.29.236.184,39254,7811,47065
115.29.237.212,0,1648,1648
115.29.238.181,19062,1354,20416
115.29.242.134,2646,726,3372
115.29.242.153,11712,4222,15934
115.29.248.41,24439,6878,31317
115.29.250.152,35442,3467,38909
115.29.253.41,16146,13838,29984
115.29.253.77,378477,382438,760915
115.29.33.26,874314,51081,925395
115.29.33.51,942660,11315,953975
115.29.35.168,27600,452,28052
115.29.38.252,2097662,75173,2172835
115.29.39.172,21146,739,21885
115.29.39.77,120341,39351,159692
115.29.4.111,0,822,822
115.29.40.212,55772,5278,61050
115.29.41.145,11005,1023,12028
115.29.43.157,13800,230,14030
115.29.43.93,0,3738,3738
115.29.45.20,1122,795,1917
115.29.45.251,272983,1872,274855
115.29.45.99,46530,14101,60631
115.29.47.104,1755,777,2532
115.29.48.169,838999,815,839814
115.29.49.179,608644,12910,621554
115.30.28.49,4853,901,5754
115.38.194.143,22143,453127,475270
115.43.72.115,1656919,14376147,16033066
115.47.133.197,112417,5381,117798
115.47.14.111,359,678,1037
115.47.156.18,33982,1364,35346
115.47.16.27,41387,60260,101647
115.47.192.28,23460,452,23912
115.47.21.171,109418,1357,110775
115.47.21.184,2721,462,3183
115.47.27.188,744,450,1194
115.47.49.166,24840,681,25521
115.47.49.23,8236,450,8686
115.47.53.226,119574,3187,122761
115.47.54.73,17627,444,18071
115.47.63.183,191735,8212,199947
115.48.204.84,8808,645,9453
115.48.223.171,41,143,184
115.48.92.206,41,151,192
115.49.201.41,41,143,184
115.49.223.216,67100,4243,71343
115.50.130.251,0,130,130
115.52.91.235,41,143,184
115.53.84.199,1646,638,2284
115.55.94.6,82,302,384
115.56.12.149,41,151,192
115.56.201.93,41,151,192
115.56.45.66,41,151,192
115.59.140.196,0,0,0
115.59.217.79,0,260,260
115.60.169.47,41,151,192
115.60.170.224,10979,639,11618
115.61.193.234,41,143,184
115.64.30.28,1453,9887,11340
115.68.76.18,2322,1428,3750
115.68.76.61,1171,757,1928
115.77.46.104,5128,8851,13979
115.93.64.47,209,628,837
116.1.155.124,37513,22265429,22302942
116.1.155.170,713,1414,2127
116.1.235.118,514,1005,1519
116.10.105.45,41,143,184
116.10.106.191,41,151,192
116.10.128.221,41,151,192
116.10.138.94,0,68,68
116.10.155.53,41,143,184
116.10.186.189,13800,222,14022
116.10.189.61,89199,25464,114663
116.11.121.227,714,460,1174
116.11.126.199,204,399,603
116.11.22.67,517,1003,1520
116.11.253.215,102010,943,102953
116.113.106.176,11657,1152,12809
116.113.96.216,20700,456,21156
116.113.96.224,22080,454,22534
116.116.174.52,41,143,184
116.116.22.228,0,604,604
116.116.32.201,82,302,384
116.14.111.35,105517,607,106124
116.16.11.122,214,124,338
116.16.140.37,12779,160,12939
116.16.5.100,215,124,339
116.16.51.206,6280,4031,10311
116.16.55.62,514,1005,1519
116.17.136.187,33786,545,34331
116.17.200.222,19074,106,19180
116.17.61.150,306,931,1237
116.17.90.245,821,1602,2423
116.18.118.175,41,151,192
116.18.121.198,309,606,915
116.18.123.42,617,1203,1820
116.19.104.238,13991,8864,22855
116.19.118.11,16558,33,16591
116.19.120.180,22,156,178
116.19.14.249,9537,49,9586
116.19.222.134,644,959,1603
116.19.68.24,81,154,235
116.19.87.251,695,434,1129
116.19.87.83,9537,52,9589
116.193.41.47,7385,460,7845
116.2.73.217,41,151,192
116.20.179.164,91,128,219
116.20.239.99,201,152,353
116.20.43.24,66370,620,66990
116.20.8.197,206,399,605
116.204.16.247,34617,16269,50886
116.204.16.254,560,498,1058
116.204.16.39,301474,9008,310482
116.204.8.58,51138,4720,55858
116.204.8.91,12590,1784,14374
116.204.9.176,1728162,865624,2593786
116.204.9.180,8458,1363,9821
116.204.9.181,28237,14926,43163
116.204.9.188,191601,100765,292366
116.205.1.12,1498680,79114,1577794
116.205.4.92,16560,456,17016
116.207.143.99,2359,1512,3871
116.207.145.156,9541,53,9594
116.207.204.18,246112,93,246205
116.208.142.168,1998,636,2634
116.208.173.175,434603,144,434747
116.208.174.238,9541,53,9594
116.208.184.111,41,143,184
116.208.188.2,110941,71,111012
116.208.48.59,47,63,110
116.208.95.88,0,68,68
116.208.97.104,41,143,184
116.209.136.50,9537,49,9586
116.209.137.194,9537,53,9590
116.209.204.174,17795,264,18059
116.209.229.90,19074,106,19180
116.209.72.92,9537,53,9590
116.209.84.202,9545,53,9598
116.21.127.75,409,744,1153
116.21.128.32,815,1677,2492
116.21.177.36,308,597,905
116.21.255.81,206,398,604
116.21.3.50,9537,49,9586
116.21.65.42,309,602,911
116.21.84.138,473,1531,2004
116.21.95.239,1230,2052,3282
116.210.103.120,9537,53,9590
116.210.121.232,9541,53,9594
116.210.34.82,0,189,189
116.210.67.104,9537,53,9590
116.210.93.102,9537,53,9590
116.211.10.21,212,364,576
116.211.10.23,212,364,576
116.211.103.75,194385,418,194803
116.211.103.78,194385,418,194803
116.211.103.80,59340,416,59756
116.211.103.82,194385,441,194826
116.211.105.129,547484,16871,564355
116.211.111.232,263449417,12689922,276139339
116.211.111.234,1450657,625705,2076362
116.211.111.244,2501154,10521812,13022966
116.211.112.2,490707,1318255,1808962
116.211.115.86,1532502,162585,1695087
116.211.115.87,1228548,139280,1367828
116.211.115.88,1131196,110477,1241673
116.211.115.89,1861408,145983,2007391
116.211.116.151,46721,723,47444
116.211.117.53,152285,7416,159701
116.211.118.87,464,372,836
116.211.119.115,3038337,373627,3411964
116.211.119.125,3638939,470171,4109110
116.211.120.32,0,0,0
116.211.121.140,46569,1168,47737
116.211.121.142,119938,12862,132800
116.211.121.143,13800,229,14029
116.211.121.157,637,319,956
116.211.121.161,103478,5491,108969
116.211.121.163,13800,229,14029
116.211.121.166,4428,356,4784
116.211.122.143,5721787,93929,5815716
116.211.122.144,12119323,2877,12122200
116.211.122.33,562871,28927,591798
116.211.123.16,36399,2046,38445
116.211.123.39,0,0,0
116.211.128.26,2668,4110,6778
116.211.129.252,697558,1648,699206
116.211.129.85,2123,1365,3488
116.211.135.13,895,1443498,1444393
116.211.136.119,19074,106,19180
116.211.138.226,84,84,168
116.211.139.214,101,186,287
116.211.140.88,1755,1181,2936
116.211.141.39,2549,628672,631221
116.211.157.166,9537,53,9590
116.211.79.23,292986,1829,294815
116.211.79.35,167485459,212248,167697707
116.211.79.36,9625801,253667,9879468
116.211.79.39,861456,721,862177
116.211.79.40,137048,1435,138483
116.211.79.41,1018382,3034,1021416
116.211.79.42,11121,617,11738
116.211.79.44,95175,707,95882
116.211.79.49,2278384,526,2278910
116.211.79.50,57591629,35176,57626805
116.211.83.141,1686,195,1881
116.211.83.149,56776,2651,59427
116.211.83.151,1746630,1765,1748395
116.211.83.157,9505877,36008,9541885
116.211.83.210,77824,3783,81607
116.211.83.217,108413,6396,114809
116.211.83.32,1261350,42102,1303452
116.211.84.10,146502,2267,148769
116.211.84.11,1214672,3365,1218037
116.211.84.14,2299,1525,3824
116.211.84.35,290489,1461,291950
116.211.84.74,103636,449,104085
116.211.84.79,308646,9392,318038
116.211.88.159,100001,168745,268746
116.211.88.8,2311,438,2749
116.211.95.206,12837,12497504,12510341
116.211.95.207,10339,9502037,9512376
116.211.96.49,47616,1294,48910
116.211.99.141,935978,30400,966378
116.211.99.144,10021,466,10487
116.211.99.149,50188,746,50934
116.213.114.201,1016,1939,2955
116.213.114.202,1412,3544,4956
116.213.115.127,4041,266,4307
116.213.115.63,46286,14063,60349
116.213.120.140,23064,1530,24594
116.213.120.45,818875,354650,1173525
116.213.120.46,2473227,211469,2684696
116.213.178.16,96285,3606,99891
116.213.196.114,289150,164985,454135
116.213.196.161,819801,189374,1009175
116.213.196.169,23597,210372,233969
116.213.196.192,314,573,887
116.213.196.195,272,1681,1953
116.213.196.23,38855,173731,212586
116.213.200.25,2145184,38217,2183401
116.213.200.26,17940,474,18414
116.213.200.9,193113,113279,306392
116.213.204.28,1778233,45961,1824194
116.213.210.11,31034,5941,36975
116.213.210.167,63636,1585,65221
116.213.213.211,273,277,550
116.213.214.10,246356,176653,423009
116.213.214.216,1259786,7671,1267457
116.213.214.217,650695,10550,661245
116.213.214.219,1241335,37366,1278701
116.213.214.220,63348,11176,74524
116.213.214.221,47783,18416,66199
116.213.214.223,264820,9273,274093
116.213.214.224,42248,7984,50232
116.213.214.69,5792,1935,7727
116.213.215.15,49322,1468,50790
116.213.69.200,3392,8444,11836
116.213.69.204,27535,35387,62922
116.213.69.205,40166,21953,62119
116.213.69.206,31992,19025,51017
116.213.70.28,72744,2850,75594
116.213.70.29,4306,1266,5572
116.213.70.42,3104,19604,22708
116.213.70.43,7691,1897,9588
116.213.75.202,3424,534,3958
116.213.76.139,1542,4939,6481
116.213.76.141,321051,146152,467203
116.213.92.130,10730,952,11682
116.213.96.80,17671,1656,19327
116.214.12.79,993125,300606,1293731
116.214.15.85,37429,1857,39286
116.22.115.94,2140,1233,3373
116.22.13.96,0,68,68
116.22.132.185,16557,32,16589
116.22.135.156,9537,53,9590
116.22.27.13,1433,934,2367
116.22.96.101,510,1106,1616
116.224.145.134,184,274,458
116.224.159.77,216,123,339
116.224.250.225,2043,85170,87213
116.224.92.85,0,548,548
116.225.104.171,1218,10056,11274
116.225.65.219,745,618,1363
116.226.107.23,104,185,289
116.226.163.92,9537,49,9586
116.226.33.188,205,398,603
116.226.45.28,408,803,1211
116.226.55.60,1638,1053,2691
116.226.97.70,205,372,577
116.227.135.175,286,33447,33733
116.227.159.100,103,202,305
116.227.171.81,615,1115,1730
116.227.200.136,717,1400,2117
116.227.29.85,213,122,335
116.228.131.142,23408,1841,25249
116.228.131.149,1125,1139,2264
116.228.156.41,1758056,12494,1770550
116.228.156.43,2282,390,2672
116.228.159.48,28117,9769,37886
116.228.159.49,37154,17481,54635
116.228.241.7,888,524,1412
116.228.248.247,208,400,608
116.228.37.79,17786,10016,27802
116.228.52.142,33678,876,34554
116.228.55.45,5830,11007,16837
116.228.89.7,6256,9179,15435
116.228.91.167,12499,2179,14678
116.228.92.199,4538,1440,5978
116.228.92.200,208522,14596,223118
116.228.92.202,41132,1295,42427
116.228.92.211,6966,2700,9666
116.228.92.222,2398666,47270,2445936
116.229.169.150,203,399,602
116.229.183.116,82376,838,83214
116.23.102.118,408,804,1212
116.23.173.177,49517,51,49568
116.230.148.188,0,199,199
116.230.204.192,104,201,305
116.230.219.125,1918815,29811,1948626
116.230.37.184,1173,1098,2271
116.230.51.8,1604645,50494,1655139
116.230.6.159,1181,773,1954
116.231.103.113,9537,53,9590
116.231.119.49,6072,9316,15388
116.231.140.175,239,155,394
116.231.182.245,593330,39131,632461
116.231.224.66,7084,11097,18181
116.231.4.206,213,123,336
116.231.78.85,449,307,756
116.232.133.30,1234,577,1811
116.232.134.215,706,464,1170
116.232.169.110,101,201,302
116.233.118.27,102,202,304
116.233.14.0,103,201,304
116.233.144.58,705,2094,2799
116.233.248.203,203,398,601
116.233.45.85,1367578,46509,1414087
116.233.47.63,80,190,270
116.233.5.187,552,822,1374
116.234.177.94,2668,3973,6641
116.234.18.199,236,156,392
116.234.213.61,917,1804,2721
116.234.70.165,716,1305,2021
116.235.153.149,75938,14150146,14226084
116.235.192.40,148,245,393
116.235.206.65,276,411,687
116.235.210.205,6072,9179,15251
116.235.78.221,98736,2403,101139
116.236.137.15,23460,454,23914
116.236.224.25,109190,15561,124751
116.237.12.115,885,618,1503
116.237.155.104,614,1116,1730
116.237.161.247,103,200,303
116.237.209.212,2248,6280,8528
116.237.211.144,101,199,300
116.237.81.2,104,155,259
116.238.108.168,206,596,802
116.238.132.173,239,156,395
116.238.20.17,104,199,303
116.238.221.101,0,201,201
116.238.38.9,710,464,1174
116.238.48.21,26929,241724,268653
116.238.59.9,104,202,306
116.238.94.216,8447,239,8686
116.239.12.117,3552,275,3827
116.24.133.36,195867,39677,235544
116.24.149.95,24,33,57
116.24.152.74,207,401,608
116.24.178.2,131,565,696
116.246.23.179,2104104,78830,2182934
116.246.3.72,58769,2192,60961
116.248.111.106,0,604,604
116.248.185.71,41,151,192
116.248.5.19,9537,53,9590
116.248.74.189,9152,5512,14664
116.248.84.159,2929,233,3162
116.249.111.134,477,309,786
116.249.112.14,49860,1044563,1094423
116.249.119.169,0,185,185
116.249.140.127,701,151,852
116.249.158.135,9537,53,9590
116.249.17.23,13160,208227,221387
116.249.220.219,215,2563,2778
116.249.234.162,1018,900,1918
116.249.238.67,102,198,300
116.249.249.188,65684,198,65882
116.249.88.71,217,125,342
116.25.253.218,65917,68,65985
116.25.49.108,412,805,1217
116.25.51.128,1195,770,1965
116.251.204.47,167790,4844,172634
116.251.216.51,53820,1150,54970
116.251.217.186,3028104,176086,3204190
116.251.222.66,335889,3600,339489
116.252.156.97,238,156,394
116.252.158.128,0,68,68
116.252.178.242,12545,2895,15440
116.252.182.167,31740,678,32418
116.252.182.254,250051,3616,253667
116.252.185.248,19320,450,19770
116.252.185.38,8236,678,8914
116.252.185.91,16560,454,17014
116.252.221.232,22595,922,23517
116.252.221.243,69398,1386,70784
116.253.100.167,41,151,192
116.253.104.208,532,155,687
116.253.110.125,1988,1173,3161
116.253.191.245,18288,3207,21495
116.253.191.255,36898,4991,41889
116.254.222.47,307311,20524,327835
116.254.252.36,30360,684,31044
116.255.129.14,16560,450,17010
116.255.129.76,16560,456,17016
116.255.133.12,11510,843,12353
116.255.134.208,9616,446,10062
116.255.136.116,1164,456,1620
116.255.136.142,27600,678,28278
116.255.136.8,10284,693,10977
116.255.137.124,477608,31764,509372
116.255.137.148,17940,452,18392
116.255.138.215,110780,1368,112148
116.255.138.85,25728,454,26182
116.255.143.150,356,3175,3531
116.255.143.161,443044,4571,447615
116.255.143.19,207145,6134,213279
116.255.144.181,1363942,70255,1434197
116.255.144.190,19320,462,19782
116.255.145.112,1402,269,1671
116.255.145.56,2950,1979,4929
116.255.147.135,151927,3202,155129
116.255.147.142,57399,7331,64730
116.255.147.150,1952,2517,4469
116.255.147.185,96028,3126,99154
116.255.147.8,44874,2924,47798
116.255.150.244,159707,971,160678
116.255.151.74,1152,678,1830
116.255.153.154,31367,2620,33987
116.255.155.21,78176,2696,80872
116.255.159.90,274355,5369,279724
116.255.161.172,6296,4774,11070
116.255.163.97,88320,626,88946
116.255.164.39,7824,1739,9563
116.255.168.140,343685,9074,352759
116.255.169.141,25952,699,26651
116.255.170.90,2011534,76150,2087684
116.255.173.178,726,355,1081
116.255.175.245,87851,1350,89201
116.255.176.74,10720,450,11170
116.255.178.118,10720,456,11176
116.255.179.24,425084,26049,451133
116.255.182.105,43889,3382,47271
116.255.186.68,31854,1401,33255
116.255.187.235,83400,17323,100723
116.255.187.96,8280,225,8505
116.255.188.177,20700,444,21144
116.255.189.253,202470,19328,221798
116.255.190.239,97778,900,98678
116.255.190.47,28926,699,29625
116.255.191.97,80907,802,81709
116.255.195.246,27231,436,27667
116.255.195.52,172694,1940,174634
116.255.195.83,792482,19632,812114
116.255.196.151,12420,448,12868
116.255.199.237,10720,646,11366
116.255.199.25,60720,1140,61860
116.255.200.58,17195,265,17460
116.255.203.112,106260,2400,108660
116.255.203.58,42780,1130,43910
116.255.204.253,96877,6641,103518
116.255.207.180,3046,470,3516
116.255.207.216,28040,830,28870
116.255.209.255,118116,879,118995
116.255.215.40,14424,675,15099
116.255.219.58,2974,472,3446
116.255.220.20,11871,808,12679
116.255.220.25,102924,6430,109354
116.255.220.44,176442,12329,188771
116.255.220.46,568260,10962,579222
116.255.220.83,128196,2442,130638
116.255.223.111,1526,364,1890
116.255.223.139,19320,458,19778
116.255.224.150,31827,669,32496
116.255.225.103,356,344,700
116.255.225.147,161496,7485,168981
116.255.226.182,8280,448,8728
116.255.227.182,622265,3136,625401
116.255.229.149,17406,868,18274
116.255.229.169,112405,15141,127546
116.255.231.31,521185,4032,525217
116.255.233.103,17940,452,18392
116.255.234.160,22490,663,23153
116.255.234.173,50013,2250,52263
116.255.234.242,13614,450,14064
116.255.234.249,13633,2325,15958
116.255.234.56,19320,456,19776
116.255.238.52,16080,462,16542
116.255.239.63,23460,450,23910
116.255.240.176,2412,2896,5308
116.255.240.178,798,2245,3043
116.255.240.180,195,553,748
116.255.241.137,395438,7613,403051
116.255.241.171,364,446,810
116.255.241.236,1380,261,1641
116.255.241.74,9256,40246,49502
116.255.242.98,126689,5727,132416
116.255.244.118,5270,377,5647
116.255.244.127,8283,268,8551
116.255.245.138,332241,7141,339382
116.255.245.211,156876,10091,166967
116.255.248.80,979586,17620,997206
116.255.250.216,743581,15327,758908
116.255.252.53,190058,27960,218018
116.26.106.157,449,276,725
116.26.106.55,239,155,394
116.26.198.39,237,155,392
116.26.2.231,1542,3003,4545
116.26.59.38,194,153,347
116.26.70.18,5520,53,5573
116.27.213.65,9537,53,9590
116.27.228.8,305,602,907
116.27.48.142,3956,5458667,5462623
116.27.92.32,0,68,68
116.28.130.39,204,398,602
116.28.162.202,216,122,338
116.28.231.255,1120600,1703,1122303
116.28.65.108,224690,885,225575
116.28.73.21,139652,1423,141075
116.29.13.147,206,402,608
116.29.15.35,552,822,1374
116.29.178.229,1026,1871,2897
116.29.242.211,824,609,1433
116.29.29.225,149,23,172
116.29.37.71,341,277,618
116.3.4.150,41,143,184
116.30.109.175,216,124,340
116.30.179.172,250,142,392
116.30.32.14,6733,9299,16032
116.31.119.138,3753,5808,9561
116.31.119.173,0,0,0
116.31.120.96,7630,1800,9430
116.31.120.97,16270,4440,20710
116.31.130.28,511,1011,1522
116.31.165.118,9537,53,9590
116.31.70.56,450,1489,1939
116.31.70.57,383,644,1027
116.31.70.58,4512,9758,14270
116.31.70.59,675,2315,2990
116.31.70.60,9252,18613,27865
116.31.70.61,3375,10682,14057
116.31.70.62,7229,18104,25333
116.31.70.63,12968,22911,35879
116.31.70.64,7859,13452,21311
116.31.70.65,5711,16330,22041
116.31.70.66,1283,4135,5418
116.4.177.71,514,1049,1563
116.4.57.12,928,591,1519
116.4.58.254,5126,921,6047
116.48.65.109,36920,10580,47500
116.5.84.49,214,123,337
116.52.13.48,57600,3409,61009
116.52.141.228,410,801,1211
116.52.158.153,884,130,1014
116.52.212.43,662,173615,174277
116.52.222.76,736,1096,1832
116.52.239.108,238,153,391
116.52.242.181,0,130,130
116.52.249.16,0,1220,1220
116.52.249.234,22080,1495,23575
116.52.58.7,214,122,336
116.53.165.97,9541,53,9594
116.53.167.79,9537,52,9589
116.53.173.155,16486,123,16609
116.53.200.100,81,120,201
116.53.227.79,881,563,1444
116.53.251.146,33120,914,34034
116.53.6.175,216,185,401
116.54.115.118,9537,52,9589
116.54.207.214,106,73,179
116.54.208.126,9537,53,9590
116.54.222.18,130,130,260
116.54.229.251,310,601,911
116.54.23.66,0,68,68
116.54.238.198,9537,49,9586
116.54.29.97,857,225,1082
116.54.49.161,0,68,68
116.54.77.19,239,153,392
116.55.127.77,60481,166,60647
116.55.138.214,9537,53,9590
116.55.145.124,9537,53,9590
116.55.162.246,207,400,607
116.55.166.245,2760,105,2865
116.55.227.251,332962,811,333773
116.55.228.234,39591,984,40575
116.55.231.53,23831,1031,24862
116.55.236.18,748,1308,2056
116.55.236.19,376,645,1021
116.55.236.22,376,593,969
116.55.236.48,2789855,746,2790601
116.55.236.51,10257155,135996,10393151
116.55.241.245,232406,2993,235399
116.55.241.255,0,0,0
116.55.242.141,13740,1298,15038
116.55.243.65,9418,628,10046
116.55.245.21,16090,906,16996
116.55.255.110,2426,5613,8039
116.55.255.115,1778,3459,5237
116.55.255.77,488853,1988,490841
116.55.255.78,1310,2085,3395
116.55.255.85,146649,2817,149466
116.55.255.88,6117927,59753,6177680
116.55.255.95,13265069,54824,13319893
116.55.255.98,11136931,68779,11205710
116.55.35.242,0,68,68
116.55.4.101,15227,925832,941059
116.55.84.3,721,1302,2023
116.57.254.46,0,2108,2108
116.58.220.46,57323,3860,61183
116.58.222.69,284475,28360,312835
116.6.66.155,51081,2037,53118
116.6.66.67,285988,14089,300077
116.66.233.163,27600,932,28532
116.67.40.28,0,70,70
116.67.79.29,40020,843,40863
116.68.186.91,7072,2155,9227
116.7.191.108,49516,49,49565
116.7.194.177,325,465,790
116.7.221.134,406,805,1211
116.7.242.83,368484,21485,389969
116.8.102.171,429,249,678
116.8.244.54,48,64,112
116.8.246.80,196916,67,196983
116.8.255.90,283,597,880
116.8.52.146,16557,32,16589
116.88.111.83,0,390,390
116.88.12.231,5010,105776,110786
116.9.91.15,236,156,392
116.90.83.214,26855,32928,59783
116.90.84.8,231851,11742,243593
116.90.85.99,82071,188,82259
116.90.87.137,3501,6649,10150
116.90.87.146,8996,3189,12185
116.90.87.161,10248,2939,13187
116.90.87.162,2107,4534,6641
116.90.87.182,10893,2800,13693
116.90.87.25,3392,12976,16368
116.90.87.9,2636,52,2688
116.90.88.1,92474,9631,102105
116.95.204.191,0,285,285
116.95.67.73,41,151,192
117.117.230.49,8485,447,8932
117.12.176.57,0,572,572
117.12.69.170,0,68,68
117.12.71.30,264,222,486
117.121.10.93,602953,661163,1264116
117.121.11.251,554,299,853
117.121.12.121,15186,22401,37587
117.121.12.146,8912,14221,23133
117.121.12.15,828,2626,3454
117.121.12.28,272,595,867
117.121.12.33,4465,7728,12193
117.121.12.42,111304,88817,200121
117.121.12.79,115204,11000,126204
117.121.13.171,8631,11220,19851
117.121.136.51,2454,4290,6744
117.121.136.65,10752,35690,46442
117.121.2.115,19276,26657,45933
117.121.2.116,24648,34086,58734
117.121.2.253,9089,5459,14548
117.121.25.45,1242055,911731,2153786
117.121.26.13,7980,337,8317
117.121.26.232,535200,1939746,2474946
117.121.26.248,12277,2688,14965
117.121.26.32,22259,814,23073
117.121.27.13,3441,4503,7944
117.121.27.14,3373,5444,8817
117.121.27.15,2767,3487,6254
117.121.27.16,3394,6920,10314
117.121.27.17,9441,14502,23943
117.121.27.18,6014,10584,16598
117.121.28.10,8815,7786,16601
117.121.28.11,24029,10873,34902
117.121.28.12,6132,3606,9738
117.121.28.14,734458,697841,1432299
117.121.28.9,816827,759889,1576716
117.121.30.135,3783,1282,5065
117.121.31.13,540,721,1261
117.121.31.16,138653,5866,144519
117.121.31.21,39548,6502,46050
117.121.31.31,2490,2730,5220
117.121.31.64,106577,10002,116579
117.121.31.7,177797,13473,191270
117.121.4.12,269189,386695,655884
117.121.4.13,315159,447323,762482
117.121.48.135,139689,3371,143060
117.121.50.21,407429,76603,484032
117.121.50.62,15354,11605,26959
117.121.50.95,13597,11937,25534
117.121.53.255,470,538,1008
117.121.54.224,1869,111,1980
117.121.54.230,150692,1247,151939
117.121.56.13,27137,14033,41170
117.121.56.8,14034,7120,21154
117.121.57.140,86652,31809,118461
117.121.57.67,1267061,154149,1421210
117.121.63.49,12297,106,12403
117.121.7.11,315256,421635,736891
117.121.7.12,420753,624640,1045393
117.121.7.13,307600,454252,761852
117.121.7.14,221405,307578,528983
117.122.192.182,17290,1654,18944
117.122.195.228,341701,39199,380900
117.122.198.24,195490,8215,203705
117.126.250.246,37260,678,37938
117.13.8.190,0,130,130
117.135.128.60,13134,14355,27489
117.135.128.61,7026,9176,16202
117.135.134.20,134619,27525,162144
117.135.138.174,558113,68459,626572
117.135.138.9,204,335,539
117.135.140.149,35880,1155,37035
117.135.147.172,1002,2243,3245
117.135.167.100,694,165,859
117.135.167.95,9875,13667,23542
117.135.167.96,4219,5006,9225
117.135.167.99,1388,330,1718
117.135.169.116,62545,43513,106058
117.135.169.25,288,288,576
117.135.169.96,700,5579,6279
117.135.169.97,628,688,1316
117.135.171.141,101363,17446,118809
117.135.171.187,885,263,1148
117.135.171.255,8360,7656,16016
117.135.172.157,23537,12064,35601
117.135.172.158,73844,39098,112942
117.135.172.159,29958,8573,38531
117.135.172.201,400,739,1139
117.136.129.14,168793,11317,180110
117.136.129.25,119545,50601,170146
117.136.129.26,80300,233,80533
117.136.129.27,11392,4888,16280
117.136.139.27,83440,194351,277791
117.136.139.37,32359,66816,99175
117.136.139.42,1132610,125712,1258322
117.136.139.43,20820,21170,41990
117.136.139.7,8918833,731738,9650571
117.14.102.248,0,130,130
117.141.18.179,17940,450,18390
117.144.236.40,1000,1340,2340
117.144.236.70,41414,945,42359
117.144.236.74,17586,275,17861
117.144.236.87,867,408,1275
117.144.242.107,55894,25211,81105
117.144.242.28,552,1971,2523
117.144.242.31,884,1670,2554
117.144.242.49,291,4048,4339
117.144.245.94,0,0,0
117.146.199.87,0,68,68
117.15.51.52,22,31,53
117.156.8.77,375,255,630
117.169.0.39,1881,161,2042
117.169.0.53,122725,5974,128699
117.169.32.158,1269342,22637,1291979
117.175.89.146,483290,101923,585213
117.175.89.154,2029962,9709,2039671
117.175.92.45,168386,268,168654
117.175.92.55,1422,165,1587
117.177.242.36,23860,2963,26823
117.177.243.84,93745,255,94000
117.18.232.196,10854729,302836,11157565
117.18.232.69,4246,643,4889
117.18.237.104,375098,27602,402700
117.18.237.106,71513,2619,74132
117.18.237.115,201425,1252,202677
117.18.237.34,446773,226971,673744
117.185.117.148,6060,2210,8270
117.185.119.148,1435,7120,8555
117.185.16.23,11013,7676,18689
117.185.16.66,1600,1136,2736
117.190.2.83,0,136,136
117.21.168.20,1210653,561,1211214
117.21.168.27,750,1260,2010
117.21.168.34,750,1270,2020
117.21.168.50,750,1308,2058
117.21.168.51,756,1243,1999
117.21.168.53,378,663,1041
117.21.169.28,220213,46045,266258
117.21.173.211,20700,404,21104
117.21.173.72,0,0,0
117.21.174.121,8849290,15523,8864813
117.21.174.221,1708,390,2098
117.21.175.31,85400,14716,100116
117.21.176.149,8005,2621,10626
117.21.176.30,23460,450,23910
117.21.176.43,29791,4291,34082
117.21.178.125,65182,1960,67142
117.21.179.43,178969,452944,631913
117.21.180.26,3627,127,3754
117.21.180.27,77408,858,78266
117.21.184.55,17784,318,18102
117.21.189.46,414574,2246,416820
117.21.189.47,3462982,1187,3464169
117.21.190.205,66648,836,67484
117.21.201.195,14074,456,14530
117.21.217.20,39421,2403,41824
117.21.217.33,1778,699,2477
117.21.217.34,12861,210,13071
117.21.217.37,2456,680,3136
117.21.224.136,16906,59966,76872
117.21.224.238,28210,50393,78603
117.21.224.36,26342,59402,85744
117.21.225.128,1359,2885,4244
117.21.225.22,1145204,1205,1146409
117.21.226.180,16560,460,17020
117.21.226.42,281463,59987,341450
117.21.226.45,23364,69420,92784
117.21.227.11,121925,2030,123955
117.21.227.13,265634,1801,267435
117.21.227.39,266600,56266,322866
117.21.237.135,142396,383,142779
117.21.246.106,26860,916,27776
117.21.246.114,37260,908,38168
117.21.246.124,30360,678,31038
117.21.246.55,16560,464,17024
117.21.248.92,268669,9790,278459
117.214.124.230,122194,25385,147579
117.214.35.48,2578395,10797,2589192
117.22.164.204,9537,53,9590
117.22.169.126,84,84,168
117.22.199.252,60945,2010,62955
117.22.217.21,240,153,393
117.22.245.231,1380,53,1433
117.22.249.103,203,399,602
117.22.249.20,645,200,845
117.22.253.73,98938,1101,100039
117.22.39.212,541,16907,17448
117.22.72.112,8576,53,8629
117.22.97.246,106,106,212
117.23.229.189,174,217,391
117.23.231.149,307,562,869
117.23.234.38,415,797,1212
117.23.79.98,49358,55,49413
117.24.122.234,9537,53,9590
117.24.14.212,85,85,170
117.24.172.143,16630,16594,33224
117.25.128.122,13044,696,13740
117.25.129.184,877845,7286,885131
117.25.129.241,109724,13399,123123
117.25.129.251,75974,440,76414
117.25.129.76,119192,4397,123589
117.25.130.59,67155,4268,71423
117.25.131.108,95028,896,95924
117.25.131.175,871859,23206,895065
117.25.139.39,1918815,1265390,3184205
117.25.139.45,588243,1150203,1738446
117.25.139.46,2001357,344591,2345948
117.25.139.48,133406,26917,160323
117.25.139.71,582076,137672,719748
117.25.139.82,13076,8683,21759
117.25.143.14,1330651,55044,1385695
117.25.143.28,468,182,650
117.25.143.62,67926,1253,69179
117.25.144.158,937,365,1302
117.25.145.144,114015,8364,122379
117.25.145.145,325960,32555,358515
117.25.145.149,612097,3209,615306
117.25.155.245,5091,1465,6556
117.25.155.255,1013,1267,2280
117.25.157.124,4044,2420,6464
117.25.157.175,335,336,671
117.25.16.221,238,153,391
117.25.188.79,4823,1017345,1022168
117.25.240.63,16564,39,16603
117.25.50.66,1464,66238,67702
117.254.82.23,2184,4670,6854
117.26.117.114,726,398,1124
117.26.119.32,12297,106,12403
117.26.131.217,17064,133,17197
117.26.144.141,403,65,468
117.26.144.143,560,65,625
117.26.144.151,1018046,2545,1020591
117.26.144.204,103314,512,103826
117.26.144.205,1095,1362,2457
117.26.144.225,1507147,749,1507896
117.26.144.236,18678,421,19099
117.26.167.132,9540,53,9593
117.26.214.226,21463,2409260,2430723
117.26.217.232,403,246,649
117.26.219.121,181,452,633
117.26.224.199,115670,2554,118224
117.26.34.231,414,801,1215
117.26.36.16,9537,53,9590
117.27.135.11,16275,678,16953
117.27.136.169,64310,5061,69371
117.27.136.171,10604,1021,11625
117.27.136.218,23097,1437,24534
117.27.138.14,377305,2700,380005
117.27.139.114,1517,256,1773
117.27.139.172,777,116,893
117.27.140.95,94624,6438,101062
117.27.142.186,2505,3457,5962
117.27.143.205,237882,14060,251942
117.27.143.210,178960,2784,181744
117.27.146.48,706,84,790
117.27.148.42,14478,73465,87943
117.27.148.53,152928,7416,160344
117.27.152.141,341452,287628,629080
117.27.152.142,288696,259130,547826
117.27.152.143,337832,292235,630067
117.27.152.237,1899,1098,2997
117.27.152.238,176429,21832,198261
117.27.152.250,137491,4823,142314
117.27.152.253,286853,251208,538061
117.27.152.54,790156,32117,822273
117.27.153.34,43916,556,44472
117.27.229.183,1284,1782,3066
117.27.229.185,642,780,1422
117.27.229.186,4066,5932,9998
117.27.229.187,214,260,474
117.27.229.190,856,1180,2036
117.27.229.192,368,1078,1446
117.27.230.103,589990,14746,604736
117.27.230.104,217585,21732,239317
117.27.230.112,9090,9116,18206
117.27.230.130,518632,65047,583679
117.27.230.146,689586,22290,711876
117.27.230.147,1268166,11749,1279915
117.27.230.162,1212,2403,3615
117.27.230.186,1416846,59560,1476406
117.27.230.187,2316603,78104,2394707
117.27.230.188,5000713,67718,5068431
117.27.230.189,1337929,67385,1405314
117.27.230.190,1199501,48172,1247673
117.27.230.191,1322200,60910,1383110
117.27.230.192,1350733,56191,1406924
117.27.230.193,1657138,66057,1723195
117.27.230.194,1952563,83483,2036046
117.27.230.80,367623,20481,388104
117.27.230.85,646993,19073,666066
117.27.230.87,726770,10887,737657
117.27.230.88,696492,17610,714102
117.27.230.89,169122,21454,190576
117.27.230.90,1047483,22574,1070057
117.27.230.91,692329,14065,706394
117.27.231.3,59343,806,60149
117.27.234.215,24240,450,24690
117.27.241.28,348,581,929
117.27.241.31,375,617,992
117.27.241.32,1500,1602,3102
117.27.241.36,348,650,998
117.27.241.38,750,1259,2009
117.27.241.44,350,602,952
117.27.243.106,376,715,1091
117.27.245.100,586559,159795,746354
117.27.245.29,374,680,1054
117.27.245.36,748,1297,2045
117.27.245.67,639987,152348,792335
117.27.245.90,687036,183577,870613
117.27.245.92,578751,166430,745181
117.27.245.93,475894,137342,613236
117.27.245.94,564501,140970,705471
117.27.250.166,2843,1130,3973
117.27.250.200,50081,12754,62835
117.27.250.235,7822,2654,10476
117.27.251.114,938,370,1308
117.27.251.244,581,160,741
117.27.59.18,3640,260454,264094
117.27.88.106,27000,687,27687
117.28.110.37,453,277,730
117.28.20.198,513,934,1447
117.28.233.171,1190122,67652,1257774
117.28.237.13,4082,460,4542
117.28.254.131,129802,1182,130984
117.28.63.48,16557,32,16589
117.28.96.40,737,498,1235
117.29.153.227,7912,11919,19831
117.29.215.243,308,606,914
117.29.91.228,9537,53,9590
117.30.111.212,103,201,304
117.30.179.104,668,402,1070
117.30.183.111,9541,53,9594
117.30.64.170,136193,945,137138
117.31.178.180,284,267385,267669
117.32.111.137,89,106,195
117.32.116.229,104,154,258
117.32.155.75,23520,448,23968
117.32.183.11,16986,49490,66476
117.32.197.51,9825,167,9992
117.32.232.198,29513,1692,31205
117.32.41.242,82778,286,83064
117.32.43.181,9537,53,9590
117.32.54.84,9541,53,9594
117.33.102.156,41,151,192
117.33.102.250,6900,53,6953
117.33.2.182,146,32889,33035
117.33.208.129,5520,53,5573
117.33.218.43,9537,53,9590
117.33.221.172,102,201,303
117.33.221.75,5244,7809,13053
117.33.230.47,1399,2785,4184
117.33.237.211,0,0,0
117.34.0.127,81331280,102641,81433921
117.34.101.168,27462919,1173680,28636599
117.34.101.185,125164,3691,128855
117.34.101.186,1094004,51960,1145964
117.34.101.187,1991958,77300,2069258
117.34.101.188,1026174,36873,1063047
117.34.101.191,9489,6823,16312
117.34.15.36,87223889,2915865,90139754
117.34.15.37,100444809,2712444,103157253
117.34.15.43,223782197,8867305,232649502
117.34.15.44,257904808,9882864,267787672
117.34.15.75,112613343,3992664,116606007
117.34.16.19,636,1017,1653
117.34.16.22,2606,2203,4809
117.34.16.24,0,0,0
117.34.16.26,2279,759,3038
117.34.16.29,462834,1628,464462
117.34.16.36,2279,466,2745
117.34.16.38,2279,399,2678
117.34.16.39,255798,811,256609
117.34.16.40,1498563,44576,1543139
117.34.16.41,53866716,1213246,55079962
117.34.17.57,103203,6771,109974
117.34.172.2,305,604,909
117.34.178.153,9177,925,10102
117.34.191.179,442,33396,33838
117.34.222.34,9537,53,9590
117.34.254.30,19074,106,19180
117.34.26.105,75671203,8136149,83807352
117.34.26.115,59952604,7316648,67269252
117.34.26.17,0,0,0
117.34.26.61,77649,1219,78868
117.34.26.68,3576498,51169,3627667
117.34.26.69,45033836,1031620,46065456
117.34.26.70,47642886,1019389,48662275
117.34.26.71,45715582,979116,46694698
117.34.26.72,14411577,473236,14884813
117.34.26.73,72292186,1117800,73409986
117.34.26.74,15089827,572506,15662333
117.34.26.75,3119223,140036,3259259
117.34.26.77,2366,675,3041
117.34.26.80,59373731,2751498,62125229
117.34.26.81,76997706,7671801,84669507
117.34.26.84,44195487,1973244,46168731
117.34.26.85,62934599,2896647,65831246
117.34.26.86,53758523,2363847,56122370
117.34.30.23,638,1021,1659
117.34.30.28,336,676,1012
117.34.30.32,515439,1118,516557
117.34.30.36,252594,813,253407
117.34.30.38,1851313,51112,1902425
117.34.30.39,1780506,55456,1835962
117.34.30.41,2279,453,2732
117.34.30.42,1622845,46024,1668869
117.34.30.43,14977045,580411,15557456
117.34.30.44,15588818,582321,16171139
117.34.30.45,470976,12047,483023
117.34.33.18,328,749,1077
117.34.33.20,2279,447,2726
117.34.33.21,2306,669,2975
117.34.33.22,4585,1124,5709
117.34.33.23,5437063,117935,5554998
117.34.33.24,5155674,101088,5256762
117.34.33.26,1905359,2367,1907726
117.34.34.16,1130636,36261,1166897
117.34.34.17,1206709,39382,1246091
117.34.34.18,6151980,229418,6381398
117.34.34.19,14177033,390702,14567735
117.34.34.20,58414359,1068565,59482924
117.34.34.21,64518268,1402023,65920291
117.34.34.22,68122520,1196713,69319233
117.34.34.23,17991923,698569,18690492
117.34.34.24,16100166,532579,16632745
117.34.34.25,67956789,8004889,75961678
117.34.34.26,23159,2532,25691
117.34.34.28,88709904,1386105,90096009
117.34.34.29,441624,19808,461432
117.34.34.30,330876,16020,346896
117.34.34.31,56624614,2827885,59452499
117.34.34.32,51083811,2696874,53780685
117.34.34.33,69042999,2863957,71906956
117.34.34.34,91043454,9133187,100176641
117.34.34.35,84552811,8580998,93133809
117.34.36.16,4500,128,4628
117.34.36.17,15124,2681,17805
117.34.36.18,0,0,0
117.34.36.23,2330,412,2742
117.34.36.24,0,1064,1064
117.34.36.26,2372,643,3015
117.34.36.28,10170703,19230,10189933
117.34.36.29,10975642,19018,10994660
117.34.36.30,514992,2829,517821
117.34.36.31,1162028,7171,1169199
117.34.36.32,701512,4416,705928
117.34.36.33,658246,4592,662838
117.34.36.34,990733,4127,994860
117.34.36.35,683870,4051,687921
117.34.36.36,30883312,180179,31063491
117.34.37.51,1950549170,1538970,1952088140
117.34.37.53,160814,7714,168528
117.34.72.115,2513993,69531,2583524
117.34.75.11,671,936,1607
117.34.77.213,318365,111058,429423
117.34.78.35,62939,13539,76478
117.34.88.204,16560,454,17014
117.34.92.160,16560,440,17000
117.34.96.92,34237,4987,39224
117.35.126.228,19074,101,19175
117.35.139.48,0,68,68
117.35.165.84,579,469,1048
117.35.188.204,0,63,63
117.35.33.113,16490,101,16591
117.35.33.239,8280,53,8333
117.35.6.12,14745,5379,20124
117.35.66.172,980,129240,130220
117.35.9.235,6900,53,6953
117.36.100.173,893,986032,986925
117.36.16.97,9537,53,9590
117.36.45.115,411,796,1207
117.36.53.127,58855,3036,61891
117.36.80.255,6555,2231,8786
117.37.144.62,25979,23117271,23143250
117.37.170.113,200,100587,100787
117.37.28.129,9537,53,9590
117.37.30.147,19074,104,19178
117.37.36.52,77280,1542,78822
117.38.155.2,44629,12153054,12197683
117.38.215.2,106470,17304,123774
117.39.29.14,1578,454,2032
117.39.44.74,5598,1331733,1337331
117.39.7.110,419,24991,25410
117.40.113.66,102,199,301
117.40.131.35,17940,450,18390
117.40.16.119,110559,1335,111894
117.40.180.57,22080,456,22536
117.40.187.180,12154,458,12612
117.40.236.129,23460,454,23914
117.40.40.164,527,255,782
117.40.59.211,41,143,184
117.40.68.0,41,151,192
117.40.68.27,920,1370,2290
117.41.147.119,0,53,53
117.41.158.168,41,143,184
117.41.160.103,0,385,385
117.41.166.213,3929571,55233,3984804
117.41.168.85,23460,450,23910
117.41.169.42,1932,1401,3333
117.41.170.122,1254916,23247,1278163
117.41.170.64,409493,23830,433323
117.41.181.123,986788,8508,995296
117.41.181.211,161987,5889,167876
117.41.181.31,150306,3092,153398
117.41.185.203,239,181,420
117.41.185.85,1797927,34348,1832275
117.41.229.104,396939,44604,441543
117.41.240.245,757752,34255,792007
117.41.240.255,335638,18105,353743
117.41.242.108,0,0,0
117.41.242.145,0,0,0
117.42.143.200,206,371,577
117.42.143.250,104,199,303
117.42.44.188,606,753,1359
117.42.99.171,215,123,338
117.42.99.189,9537,49,9586
117.43.125.99,537,200,737
117.43.13.140,41,143,184
117.43.138.168,5500,1059657,1065157
117.43.158.73,678,464,1142
117.43.242.110,311,600,911
117.43.249.156,192,154,346
117.43.252.16,101,16481,16582
117.43.36.52,92,137,229
117.43.69.191,306,601,907
117.44.105.27,9537,53,9590
117.44.16.166,1458,723501,724959
117.44.211.145,30100,118,30218
117.45.118.172,41,151,192
117.45.145.115,16874,141,17015
117.45.146.56,9537,53,9590
117.45.161.115,716,434,1150
117.45.18.254,16527,16527,33054
117.45.208.10,306,596,902
117.45.40.38,9537,52,9589
117.45.79.79,1370,866,2236
117.45.9.78,412,797,1209
117.53.156.15,12586,384,12970
117.57.125.30,41,143,184
117.57.132.176,164973,285,165258
117.57.168.48,390,309,699
117.57.185.116,29067,927,29994
117.57.20.126,9537,52,9589
117.57.231.136,0,67,67
117.57.242.106,0,52,52
117.57.246.249,186126,179,186305
117.57.250.201,9545,53,9598
117.57.40.196,643,25747,26390
117.57.44.232,0,143,143
117.60.105.190,6900,52,6952
117.60.173.35,287391,6595,293986
117.60.194.27,9537,49,9586
117.60.239.220,268553,338,268891
117.60.40.30,2760,53,2813
117.60.8.179,763,1341,2104
117.60.95.121,9537,53,9590
117.62.100.82,842,698,1540
117.62.133.254,208,375,583
117.62.154.153,48,64,112
117.62.17.147,658,1412,2070
117.62.211.193,413,802,1215
117.62.234.7,3091,577,3668
117.62.46.9,0,68,68
117.62.5.129,475,307,782
117.62.76.35,1913,1217,3130
117.62.85.200,1789,20636,22425
117.62.89.207,49284,161,49445
117.62.9.98,76,76,152
117.63.11.62,232,152,384
117.63.125.122,362786,1350,364136
117.63.126.118,9537,106,9643
117.63.179.207,23,30,53
117.63.2.29,185,336,521
117.63.200.228,717,1804,2521
117.63.232.74,131308,232,131540
117.63.245.55,41,143,184
117.63.41.120,306,600,906
117.63.78.149,9537,52,9589
117.63.88.251,193,154,347
117.64.102.56,476,310,786
117.64.108.117,9537,52,9589
117.64.11.98,1547,447,1994
117.64.128.136,507,342,849
117.64.138.158,125125,798,125923
117.64.151.41,239,153,392
117.64.16.210,4041419,2897,4044316
117.64.232.235,239,154,393
117.64.235.165,1295,775,2070
117.64.245.114,450,312,762
117.64.252.201,33852,680,34532
117.64.60.197,490326,30628,520954
117.64.62.233,9537,53,9590
117.64.68.161,797,775,1572
117.64.96.184,9537,49,9586
117.65.139.13,0,68,68
117.65.149.51,2311,1311928,1314239
117.65.32.127,9537,53,9590
117.65.6.57,12297,106,12403
117.65.64.92,19074,106,19180
117.66.0.33,1380,53,1433
117.66.121.148,9537,53,9590
117.66.176.91,18144,17143,35287
117.66.23.210,8365,102,8467
117.66.74.255,541262,193,541455
117.67.10.177,17275,691,17966
117.67.133.155,17711,3370,21081
117.67.138.68,1421,43165,44586
117.67.219.150,127773,366,128139
117.67.235.144,19074,102,19176
117.67.248.93,9537,53,9590
117.68.105.165,9537,53,9590
117.68.125.91,4096,53,4149
117.68.171.138,98536,41,98577
117.68.173.109,9537,53,9590
117.68.188.203,9537,53,9590
117.68.198.239,452,310,762
117.68.212.186,9537,49,9586
117.68.224.31,237,153,390
117.68.6.70,9537,53,9590
117.68.65.198,84,84,168
117.68.72.13,412,795,1207
117.69.130.117,12580,8677,21257
117.69.148.238,719,1397,2116
117.69.15.72,9537,49,9586
117.69.169.171,9537,53,9590
117.69.47.233,84,84,168
117.69.61.61,208,399,607
117.69.97.106,410,748,1158
117.70.125.124,9537,53,9590
117.70.15.98,84,84,168
117.70.174.67,173932,298497,472429
117.70.174.97,139856,811,140667
117.70.60.209,450,279,729
117.71.17.115,41679,3687,45366
117.71.70.195,9537,53,9590
117.71.72.124,1082047,8862,1090909
117.72.126.242,640,371,1011
117.73.248.75,1404,899,2303
117.74.140.176,107471,18927,126398
117.74.140.70,56364,1132,57496
117.78.0.73,29768,23261,53029
117.78.1.90,2000,9384,11384
117.78.17.81,20680,924,21604
117.78.3.145,296899,74390,371289
117.78.4.147,6231,6779,13010
117.78.4.214,112124,9679,121803
117.79.130.26,979,1115,2094
117.79.130.27,446,383,829
117.79.130.29,1972,2155,4127
117.79.130.40,531,534,1065
117.79.131.135,6602,3737,10339
117.79.131.141,984,974,1958
117.79.131.142,12540,14787,27327
117.79.131.143,405,266,671
117.79.131.146,2670,3410,6080
117.79.131.89,1533,2393,3926
117.79.131.91,930,1584,2514
117.79.132.191,17757,1206,18963
117.79.133.123,2875,1160,4035
117.79.133.124,4042,1505,5547
117.79.133.128,479,630,1109
117.79.133.16,42850,931,43781
117.79.133.17,93002,4641,97643
117.79.133.20,16317,7762,24079
117.79.133.237,1028088,58205,1086293
117.79.133.25,44613,9789,54402
117.79.133.254,52258,2315,54573
117.79.133.30,41540,2999,44539
117.79.133.33,6994,6119,13113
117.79.133.72,69315,18059,87374
117.79.133.79,59634,5191,64825
117.79.133.95,16964,20644,37608
117.79.146.15,11522,446,11968
117.79.148.45,757020,73090,830110
117.79.150.121,1460103,269561,1729664
117.79.150.124,159216,11786,171002
117.79.150.130,2190164,95937,2286101
117.79.150.201,10638,678,11316
117.79.151.240,17940,448,18388
117.79.154.215,1218519,33744,1252263
117.79.154.217,11448,3293,14741
117.79.155.105,742,268,1010
117.79.155.231,319612,483651,803263
117.79.156.130,160455,22909,183364
117.79.156.39,15712,514,16226
117.79.224.176,2035824,32130,2067954
117.79.225.121,145600,6011,151611
117.79.225.123,27600,681,28281
117.79.225.23,244,458,702
117.79.226.119,30569,1299,31868
117.79.227.156,1296656,74760,1371416
117.79.228.11,47879,775,48654
117.79.229.178,11664,672,12336
117.79.235.200,16936,3881,20817
117.79.235.208,27600,675,28275
117.79.236.58,210796,1834,212630
117.79.80.20,218274,1344,219618
117.79.80.8,583947,6225,590172
117.79.81.138,436539,780328,1216867
117.79.81.139,447209,787386,1234595
117.79.81.140,436690,773972,1210662
117.79.81.151,1670,703,2373
117.79.81.50,1977059,530520,2507579
117.79.81.55,4297726,650364,4948090
117.79.82.2,847320,6040,853360
117.79.89.109,45939,1387,47326
117.79.92.116,2742,1107,3849
117.79.92.118,3704,1027,4731
117.79.92.121,331039,40990,372029
117.79.92.124,6924,5447,12371
117.79.92.151,6670406,2529423,9199829
117.79.92.152,0,0,0
117.79.92.154,741293,25443,766736
117.79.92.158,539569,83710,623279
117.79.93.200,68760,321761,390521
117.79.93.202,4210636,759597,4970233
117.79.93.203,20352,41211,61563
117.79.93.205,23352,5685,29037
117.79.93.208,305747,393010,698757
117.79.93.211,188059,35390,223449
117.79.93.215,477158,3186614,3663772
117.79.93.223,152356,397836,550192
117.79.93.226,18918138,3083832,22001970
117.79.93.227,898955,561198,1460153
117.8.101.78,258,374,632
117.80.126.104,308,602,910
117.80.127.251,226,154,380
117.80.129.192,19074,106,19180
117.80.148.113,1253,50699,51952
117.80.158.177,9537,53,9590
117.80.189.195,85,102,187
117.80.190.119,9541,53,9594
117.80.203.240,9537,53,9590
117.80.224.59,258,188,446
117.80.23.140,125498,119,125617
117.80.37.203,241,156,397
117.80.52.224,238,156,394
117.80.59.110,102,201,303
117.80.87.214,9537,53,9590
117.81.128.104,693,431,1124
117.81.188.26,104,202,306
117.81.72.67,32943,16608,49551
117.81.76.82,9537,53,9590
117.81.94.63,309,603,912
117.82.101.146,16482,119,16601
117.82.124.95,51411,2401,53812
117.82.160.169,240,156,396
117.82.245.151,104,200,304
117.82.253.113,1027,648,1675
117.82.51.180,0,68,68
117.83.138.94,9537,53,9590
117.83.142.211,0,3571,3571
117.83.182.203,16555,30,16585
117.83.212.164,195,154,349
117.83.71.143,9537,53,9590
117.83.87.249,9537,53,9590
117.84.138.99,33106,840,33946
117.84.14.125,239,154,393
117.84.210.160,9537,53,9590
117.85.102.216,426,250,676
117.85.23.90,9537,49,9586
117.85.241.85,613,1202,1815
117.85.59.31,704,14675,15379
117.85.62.74,246112,93,246205
117.85.85.214,101,200,301
117.86.134.178,650,2116,2766
117.86.139.27,90676,964,91640
117.86.5.216,32957,43,33000
117.86.56.159,9537,53,9590
117.86.57.168,264,165,429
117.86.65.83,16556,31,16587
117.86.98.46,9746,137,9883
117.87.203.94,9537,53,9590
117.87.225.235,41,151,192
117.87.252.196,9537,53,9590
117.87.61.139,207,374,581
117.88.103.33,9537,53,9590
117.88.123.154,259,182,441
117.88.129.167,91241,342,91583
117.88.134.50,866,4681,5547
117.88.172.103,752,12244,12996
117.88.204.27,51495,2803,54298
117.88.217.110,5356,3505,8861
117.88.226.185,1551,1056,2607
117.88.78.174,368,548,916
117.89.107.230,54877,22149142,22204019
117.89.149.66,23,32,55
117.89.154.252,104,199,303
117.89.206.99,1144,741,1885
117.89.208.146,42597,1109,43706
117.89.210.131,1005,415,1420
117.89.239.39,891,415,1306
117.89.33.172,1646,1051,2697
117.89.6.192,127948,1611,129559
117.89.81.244,32953,35,32988
117.89.97.58,237,156,393
117.9.94.248,1057,903,1960
117.90.105.235,512,998,1510
117.90.109.95,241,157,398
117.90.143.218,113,228,341
117.90.203.196,207,374,581
117.90.238.56,9537,49,9586
117.91.169.236,1677,1331,3008
117.91.172.250,817,1491,2308
117.92.108.92,9537,53,9590
117.92.130.137,102,202,304
117.92.194.91,669,403,1072
117.92.213.19,15802,10054,25856
117.93.121.104,41,151,192
117.93.128.198,41,151,192
117.93.16.171,41,151,192
117.93.20.115,103674,9981,113655
117.93.94.47,9112,53,9165
117.94.224.118,9537,53,9590
117.94.26.207,389483,1887,391370
117.94.33.243,12929,3030132,3043061
117.94.94.127,4829,2785,7614
117.95.43.154,306,604,910
118.0.205.62,953,3452,4405
118.102.1.105,21176,464,21640
118.112.180.151,595,106,701
118.112.181.66,20700,456,21156
118.112.75.76,102,199,301
118.113.108.150,10527,9067,19594
118.113.125.161,94123,1154,95277
118.113.126.20,31281,691,31972
118.113.129.11,17442,509,17951
118.113.147.113,247223,7646,254869
118.113.189.62,9075,617,9692
118.113.212.132,86,103,189
118.113.237.255,32957,43,33000
118.113.254.40,240,152,392
118.113.255.169,721,492,1213
118.113.99.106,336523,1055,337578
118.114.239.244,12975,458,13433
118.114.239.245,618444,6663,625107
118.114.245.200,281700,4140,285840
118.114.43.18,714,1407,2121
118.114.46.147,924,588,1512
118.114.55.15,62487,522,63009
118.114.59.38,904,621,1525
118.114.71.113,1149,496,1645
118.116.115.151,12134,2600868,2613002
118.116.230.70,6571,23247,29818
118.116.40.99,452,308,760
118.116.85.160,1453,328807,330260
118.116.97.103,2617,4012,6629
118.117.1.155,41,151,192
118.117.10.136,50413,3095350,3145763
118.117.194.161,1380,53,1433
118.117.2.71,41,143,184
118.117.28.101,247287,155,247442
118.117.3.242,0,572,572
118.117.3.98,41,151,192
118.117.48.144,41,151,192
118.117.49.64,14979,599,15578
118.117.80.189,1551,395495,397046
118.118.171.26,564284,1065,565349
118.118.171.8,972,428,1400
118.118.178.11,32953,35,32988
118.119.124.66,41,151,192
118.119.254.31,41400,904,42304
118.120.123.19,39,181,220
118.120.16.23,22060,1125,23185
118.120.16.28,16560,450,17010
118.120.210.130,9537,53,9590
118.120.220.100,141685,1102,142787
118.120.220.159,1005,396,1401
118.120.227.55,9537,53,9590
118.120.233.114,9537,53,9590
118.121.144.116,9537,52,9589
118.121.230.2,207,405,612
118.122.113.74,20700,456,21156
118.122.115.104,68952,1844,70796
118.122.121.236,14192,456,14648
118.122.16.21,30081,672,30753
118.122.37.88,17945701,151319,18097020
118.122.37.89,9601342,95196,9696538
118.122.51.86,16560,446,17006
118.123.10.116,2760,823,3583
118.123.10.217,9616,454,10070
118.123.10.234,40277,3215,43492
118.123.103.113,32338,9930,42268
118.123.103.221,27400,2800,30200
118.123.116.162,8342,448,8790
118.123.116.168,223866,7542,231408
118.123.13.181,8434,456,8890
118.123.13.202,6938,444,7382
118.123.15.33,3616,1063,4679
118.123.15.49,3628,920,4548
118.123.16.53,2144,180,2324
118.123.16.59,658,456,1114
118.123.16.8,883539,50216,933755
118.123.16.9,252671,15195,267866
118.123.166.167,255897,4230,260127
118.123.17.67,40620,1914,42534
118.123.18.92,15544,912,16456
118.123.210.39,22572,1932,24504
118.123.210.53,165672,8126,173798
118.123.22.204,0,188,188
118.123.234.167,607,1119,1726
118.123.234.173,176,599826,600002
118.123.234.178,12887,92269,105156
118.123.235.119,54,4585,4639
118.123.235.122,76578,72915,149493
118.123.235.201,42793,4275,47068
118.123.235.202,604779,190987,795766
118.123.235.216,147175,2796,149971
118.123.235.217,70858,442951,513809
118.123.235.40,6741,765,7506
118.123.235.41,72958,1421,74379
118.123.236.35,324,545,869
118.123.240.233,4078,2283,6361
118.123.240.235,80481,23485,103966
118.123.240.237,10507,11074,21581
118.123.240.255,72457,6616,79073
118.123.243.13,480,1889,2369
118.123.243.15,320,1676,1996
118.123.244.131,1468,380,1848
118.123.244.143,16,1127,1143
118.123.244.150,410229,28258,438487
118.123.244.156,1110,7866,8976
118.123.246.153,300177,11105,311282
118.123.246.154,426761,23847,450608
118.123.246.157,70539,1124,71663
118.123.246.79,102384,833,103217
118.123.247.58,23460,908,24368
118.123.249.101,3024,3114,6138
118.123.249.78,20700,450,21150
118.123.253.143,24840,450,25290
118.123.253.154,8444,470,8914
118.123.33.139,95491,1010,96501
118.123.36.99,0,604,604
118.123.38.243,41,143,184
118.123.38.90,0,1144,1144
118.123.39.160,0,572,572
118.123.42.155,41,143,184
118.123.42.198,41,143,184
118.123.42.240,0,572,572
118.123.43.17,0,572,572
118.123.7.186,6938,450,7388
118.123.7.225,38640,896,39536
118.123.7.242,25308,874,26182
118.123.97.206,168506,2895,171401
118.123.97.207,210139,2963,213102
118.124.141.98,0,572,572
118.124.142.234,41,143,184
118.124.207.137,308,599,907
118.124.212.156,0,572,572
118.124.214.137,0,604,604
118.124.214.20,41,151,192
118.124.223.112,0,572,572
118.124.223.217,0,572,572
118.125.163.103,2377,1458,3835
118.125.222.10,9537,53,9590
118.125.222.155,11205,119,11324
118.125.222.2,240,153,393
118.125.83.112,1882977,2989,1885966
118.125.83.8,9537,53,9590
118.125.84.216,131,140,271
118.125.84.69,9541,53,9594
118.125.85.235,35888,3033,38921
118.126.1.170,48300,1125,49425
118.126.10.153,19320,456,19776
118.126.10.96,142215,32408,174623
118.126.13.15,504706,20323,525029
118.126.14.21,734486,17773,752259
118.126.17.19,20700,448,21148
118.126.2.142,39020,1332,40352
118.126.4.108,21146,844,21990
118.126.5.37,1043,191,1234
118.126.8.177,17940,452,18392
118.126.8.8,1182,625,1807
118.13.236.35,186607,11462,198069
118.130.42.212,20412,3632,24044
118.139.208.212,152319,12584,164903
118.143.65.105,106138,2395,108533
118.143.65.113,433,692,1125
118.144.158.189,41,151,192
118.144.65.108,8325,914,9239
118.144.66.181,2686,2897,5583
118.144.67.131,77820,204491,282311
118.144.73.197,415132,8117,423249
118.144.73.220,202499,17034,219533
118.144.73.238,6634,758,7392
118.144.73.247,52082,2856,54938
118.144.74.20,479702,536896,1016598
118.144.75.43,1965,4716,6681
118.144.75.70,73859,2466,76325
118.144.77.158,191757,15217,206974
118.144.78.53,62007,23202,85209
118.144.78.57,4843963,767618,5611581
118.144.78.59,5053750,944821,5998571
118.144.78.63,906264,647814,1554078
118.144.79.236,200610,135396,336006
118.144.80.206,1144506,479918,1624424
118.144.80.213,8304,33065,41369
118.144.80.242,21726,4913,26639
118.144.80.245,41208,984,42192
118.144.81.151,21479,838,22317
118.144.83.174,20907,5081,25988
118.144.83.233,2187,1425,3612
118.144.86.127,227678,21694,249372
118.144.86.61,5403,10709,16112
118.144.89.200,22080,454,22534
118.144.93.24,15993,1831,17824
118.144.93.27,17152,452,17604
118.144.93.32,67837,2391,70228
118.144.93.36,39411,4646,44057
118.144.93.47,814,926,1740
118.144.93.52,41720,1019,42739
118.144.93.53,251727,18275,270002
118.144.93.66,325216,4673,329889
118.144.93.72,11109,1138,12247
118.144.93.86,20700,458,21158
118.144.93.87,16080,476,16556
118.144.95.26,39419,2058,41477
118.145.11.16,10472,374,10846
118.145.16.224,15920,944,16864
118.145.16.236,25959,1419,27378
118.145.17.79,57960,1356,59316
118.145.18.12,7464,458,7922
118.145.18.34,158422,20659,179081
118.145.19.162,41400,684,42084
118.145.21.181,7019179,249962,7269141
118.145.26.145,34258,16233,50491
118.145.26.170,438031,20144,458175
118.145.26.254,16378,989,17367
118.145.3.77,2430,2991,5421
118.145.3.78,6353,7783,14136
118.145.3.79,4904,6348,11252
118.145.3.82,3066,3635,6701
118.145.3.83,5327,7054,12381
118.145.6.158,710505,15462,725967
118.145.8.21,99460,11872,111332
118.145.9.245,2544,2254,4798
118.151.235.246,15762,2485,18247
118.152.61.110,9693,811955,821648
118.152.84.224,108434,13841,122275
118.160.172.72,1287,968,2255
118.161.129.122,438,813,1251
118.161.78.162,801,705,1506
118.161.99.233,567,354,921
118.163.0.145,348262,15227,363489
118.163.151.178,4345,255,4600
118.163.170.28,30267,374,30641
118.163.96.54,0,0,0
118.163.99.68,0,181,181
118.166.248.25,0,130,130
118.168.234.168,612,706,1318
118.170.121.135,0,799,799
118.170.36.77,613,2190,2803
118.170.70.13,806,598,1404
118.170.92.107,2910,62340,65250
118.171.203.114,865,578,1443
118.172.230.174,311,255,566
118.172.26.255,812,884,1696
118.175.9.200,4781,45365,50146
118.180.15.98,12308,55115,67423
118.180.158.50,613694,14249,627943
118.180.175.199,913,628,1541
118.180.18.157,33919364,188194,34107558
118.180.18.27,2366,691,3057
118.180.2.186,19700,924,20624
118.180.210.108,9541,53,9594
118.180.4.18,0,0,0
118.180.43.128,6275,149,6424
118.180.43.212,452,280,732
118.180.66.22,0,68,68
118.180.9.170,750,1308,2058
118.181.101.245,0,23,23
118.181.117.40,240,153,393
118.181.129.9,41,151,192
118.181.130.87,894320,1617296,2511616
118.181.137.188,9537,52,9589
118.181.171.143,16562,37,16599
118.181.177.95,2995,687623,690618
118.181.3.68,89859,51,89910
118.181.79.255,105,105,210
118.182.125.198,2572,493331,495903
118.182.168.123,308,559,867
118.182.171.255,82157,88,82245
118.182.200.220,943,620,1563
118.182.69.119,225,158,383
118.182.94.254,226,154,380
118.184.128.194,93280,20315,113595
118.184.176.20,107351,10152,117503
118.184.176.21,27600,450,28050
118.184.177.79,89346,7245,96591
118.186.211.138,5736,756,6492
118.186.214.52,0,0,0
118.186.217.145,19962,130972,150934
118.186.219.55,14368,109082,123450
118.186.241.42,74464,678,75142
118.186.244.107,43334,384,43718
118.186.245.89,666,450,1116
118.186.246.180,8969,1273,10242
118.186.246.73,27900,1155,29055
118.186.35.153,138876,300819,439695
118.186.35.154,78661,152970,231631
118.186.35.155,112260,257666,369926
118.186.64.220,14315,908,15223
118.186.64.239,715,1009,1724
118.186.65.138,2330,2449,4779
118.186.65.139,15612,20169,35781
118.186.65.146,890,616,1506
118.186.65.149,379692,41746,421438
118.186.65.151,16756,18091,34847
118.186.65.152,44403,5935,50338
118.186.65.156,179989,15677,195666
118.186.65.157,1264,378,1642
118.186.65.165,320,638,958
118.186.65.166,6828,2599,9427
118.186.65.171,1145,1897,3042
118.186.65.249,238158,59680,297838
118.186.65.250,1600203,134859,1735062
118.186.66.201,526395,574116,1100511
118.186.66.202,293447,467588,761035
118.186.66.203,527146,815435,1342581
118.186.66.205,969,606,1575
118.186.66.232,849,587,1436
118.186.66.41,62498,6844,69342
118.186.66.48,46920,462,47382
118.186.70.15,839200,62587,901787
118.186.70.17,857109,36940,894049
118.186.70.226,860270,447091,1307361
118.186.70.23,95779,1957,97736
118.186.70.250,7418,1429,8847
118.187.1.108,6381559,169482,6551041
118.187.1.109,7776678,229941,8006619
118.187.1.26,743039,5829,748868
118.187.1.33,216045,2322,218367
118.191.7.169,1047,644,1691
118.192.1.182,40020,936,40956
118.192.10.108,5135,493,5628
118.192.28.130,19320,675,19995
118.192.48.14,1440,6712,8152
118.192.6.61,13047,454,13501
118.192.68.210,110914,33328,144242
118.192.68.218,0,730,730
118.192.7.140,949134,22107,971241
118.192.70.138,124200,379,124579
118.192.70.197,886876,887179,1774055
118.192.70.211,233873,20617,254490
118.192.70.212,2907431,11823200,14730631
118.192.72.29,31680,50369,82049
118.192.72.33,7459,797,8256
118.192.74.118,618,532,1150
118.192.75.91,11712,414,12126
118.192.77.149,114540,309,114849
118.192.89.166,168347,597711,766058
118.192.89.167,19889,63726,83615
118.192.9.208,19925,12330,32255
118.192.9.217,318862,15681,334543
118.192.90.242,52041,59357,111398
118.192.90.244,16426,1575,18001
118.192.90.250,929,868,1797
118.192.90.252,3285,447,3732
118.192.90.253,573299,527019,1100318
118.192.93.21,320585,635352,955937
118.192.93.223,7384,1558,8942
118.192.93.74,31593,2628,34221
118.193.10.96,18687,681,19368
118.193.12.236,23460,448,23908
118.193.128.74,402392,20254,422646
118.193.131.86,1280,450,1730
118.193.148.26,1403,263,1666
118.193.154.155,12376,452,12828
118.193.155.153,5961,5040,11001
118.193.159.62,2908,382,3290
118.193.160.106,728,452,1180
118.193.160.12,3714,672,4386
118.193.166.171,822,856,1678
118.193.166.79,33862,1082,34944
118.193.176.112,12376,458,12834
118.193.176.193,2934,230,3164
118.193.182.23,14510,1618,16128
118.193.192.72,449833,9381,459214
118.193.211.201,336,448,784
118.193.212.96,572353,22190,594543
118.193.214.84,187088,1608,188696
118.193.215.48,352426,39550,391976
118.193.222.155,582684,281656,864340
118.193.245.93,50157,4128,54285
118.193.246.75,940,1392,2332
118.193.8.190,43579,2226,45805
118.194.128.140,508176,13543,521719
118.194.170.146,5068,1813,6881
118.194.216.16,165676,29488,195164
118.194.34.121,1278,344,1622
118.194.34.126,1090,2107,3197
118.194.34.16,37296,5043,42339
118.194.34.202,17940,8351,26291
118.194.34.23,1992,1811,3803
118.194.34.50,306,2053,2359
118.194.34.52,14946,1418,16364
118.194.34.62,511883,16487,528370
118.194.34.69,1530,23994,25524
118.194.34.85,2849,6469,9318
118.194.37.23,0,4463,4463
118.194.40.114,24285,6001,30286
118.194.41.45,306,918,1224
118.194.41.6,690,397,1087
118.194.44.12,6807,4538,11345
118.194.44.8,3349482,66582,3416064
118.194.51.15,1356652,268965,1625617
118.194.56.36,2467,2579,5046
118.194.56.39,393,873,1266
118.194.56.41,7332,13366,20698
118.194.56.42,2474,2810,5284
118.194.56.52,20361,8752,29113
118.194.56.53,10318,4078,14396
118.194.56.61,2946,1120,4066
118.194.58.129,30729,416,31145
118.194.58.91,382929,24598,407527
118.194.58.97,8852,6292,15144
118.194.60.156,51588,15645,67233
118.194.60.165,8530,36619,45149
118.194.60.195,142513,20361,162874
118.194.60.205,240760,265905,506665
118.194.60.217,281709,55283,336992
118.194.60.241,1179,2395,3574
118.194.60.244,997,1989,2986
118.194.62.135,655137,66614,721751
118.194.62.136,868,510,1378
118.194.62.137,40365,6694,47059
118.194.62.138,1060,1474,2534
118.194.62.175,1323917,117812,1441729
118.194.62.211,1182,1182,2364
118.194.62.218,10029,4118,14147
118.212.129.219,1026247,1400,1027647
118.212.130.238,371131,12573,383704
118.212.135.178,126376,14852,141228
118.213.53.224,713,1303,2016
118.214.110.138,7444,511,7955
118.214.111.144,108044,644,108688
118.214.98.115,27772,2971,30743
118.215.64.131,92189,5992,98181
118.215.64.181,23362,2230,25592
118.215.64.232,18534,3344,21878
118.215.65.166,105802,2177,107979
118.215.67.125,10505,2890,13395
118.215.67.13,1886580,178061,2064641
118.215.67.159,752,618,1370
118.215.67.234,39599,2628,42227
118.215.67.7,196535,3921,200456
118.215.67.89,52778,2132,54910
118.215.68.170,87234,1345,88579
118.215.68.45,10267,1821,12088
118.215.69.202,152568,7342,159910
118.215.69.88,128970,11883,140853
118.215.70.138,682823,68673,751496
118.215.70.68,5454,1422,6876
118.215.70.80,20622,4934,25556
118.221.18.86,88,241,329
118.232.150.130,484,679,1163
118.232.222.243,0,68,68
118.232.30.16,1021,598,1619
118.238.6.210,58949,1584,60533
118.239.173.250,9537,53,9590
118.239.221.248,101,101,202
118.239.230.245,410,743,1153
118.239.244.242,202,375,577
118.239.53.181,652,64786,65438
118.239.62.160,7568,4916,12484
118.239.95.145,216,125,341
118.244.0.191,15180,454,15634
118.244.11.35,28088,38437,66525
118.244.125.52,482,382,864
118.244.136.100,0,0,0
118.244.141.64,740,460,1200
118.244.148.42,23061,7477,30538
118.244.148.70,0,261,261
118.244.174.101,1509,376,1885
118.244.192.245,11402,381,11783
118.244.192.246,143510,4527,148037
118.244.197.135,27600,454,28054
118.244.197.225,13040,5272,18312
118.244.199.85,3089,2049,5138
118.244.202.22,8318,454,8772
118.244.203.119,16560,450,17010
118.244.206.105,11106,450,11556
118.244.209.102,8532,433,8965
118.244.209.103,840202,32533,872735
118.244.209.173,278370,28901,307271
118.244.209.174,181960,1867,183827
118.244.216.143,5480,1056,6536
118.244.228.77,10184,460,10644
118.244.228.84,122563,9599,132162
118.244.233.229,42780,1130,43910
118.244.234.77,115696,9171,124867
118.244.236.240,978078,73375,1051453
118.248.107.154,307,601,908
118.248.153.149,165,23,188
118.248.255.15,0,68,68
118.248.29.42,109019,67,109086
118.248.30.18,216,125,341
118.248.37.149,239,155,394
118.248.67.248,9537,53,9590
118.249.112.209,102,156,258
118.249.137.193,215,125,340
118.249.67.193,5336,8494,13830
118.250.126.95,9537,52,9589
118.250.149.174,14200,200,14400
118.250.2.136,475,311,786
118.250.203.42,407,802,1209
118.250.209.85,10917,106,11023
118.250.212.230,48138,56,48194
118.250.223.191,9537,53,9590
118.250.23.138,131,556,687
118.250.248.158,204,373,577
118.250.74.230,193,155,348
118.250.8.245,234,157,391
118.251.110.10,9537,53,9590
118.251.177.162,8083,3822,11905
118.251.180.23,9648,2952662,2962310
118.251.182.150,62811,971,63782
118.251.186.111,9537,53,9590
118.251.195.85,416,807,1223
118.251.207.42,102,202,304
118.251.46.179,216,123,339
118.251.98.142,78513,20881518,20960031
118.252.165.164,9537,53,9590
118.252.184.83,29974,247,30221
118.252.203.131,213,125,338
118.252.57.74,0,68,68
118.253.141.240,259,190,449
118.253.159.25,510,934,1444
118.253.245.13,473,308,781
118.253.57.127,1542,49,1591
118.254.110.189,504,340,844
118.254.175.51,511,1004,1515
118.254.185.244,168,124,292
118.254.188.191,46,62,108
118.254.203.65,103,199,302
118.254.212.229,16564,39,16603
118.254.229.74,9537,53,9590
118.255.30.80,155,23,178
118.26.14.134,5300,2316764,2322064
118.26.14.14,1641124,443444,2084568
118.26.14.16,7250579,2773754,10024333
118.26.14.20,2110009,520237,2630246
118.26.14.29,2012266,27353675,29365941
118.26.14.30,1754237,5963565,7717802
118.26.14.31,13616520,2558347,16174867
118.26.14.6,9795249,5168902,14964151
118.26.14.7,86069331,33328530,119397861
118.26.144.11,0,0,0
118.26.144.206,1526092,879141,2405233
118.26.144.209,17155,30396,47551
118.26.144.31,6982,2834,9816
118.26.144.32,2045,1878,3923
118.26.144.79,59358,25490,84848
118.26.145.76,24299,12280,36579
118.26.145.82,2078,5668,7746
118.26.145.85,169997,48494,218491
118.26.145.98,4032,22850,26882
118.26.147.120,508,530,1038
118.26.148.189,760,807,1567
118.26.148.194,63712,262047,325759
118.26.148.238,2867,898,3765
118.26.148.255,300392,616148,916540
118.26.148.85,423751,43062,466813
118.26.149.0,50654,19474,70128
118.26.149.1,396,2242,2638
118.26.150.153,58926,26690,85616
118.26.150.160,6074,1839,7913
118.26.150.161,2867,782,3649
118.26.150.173,2867,783,3650
118.26.150.177,2867,902,3769
118.26.152.163,11831,13539,25370
118.26.152.165,8990,10082,19072
118.26.152.168,235,360,595
118.26.152.170,31069,75060,106129
118.26.152.171,38707,87035,125742
118.26.152.172,19014,52808,71822
118.26.152.173,11125,15576,26701
118.26.152.181,35482,86953,122435
118.26.152.190,544,615,1159
118.26.152.199,39348,94895,134243
118.26.152.204,25196,71352,96548
118.26.154.142,15657,3339,18996
118.26.154.144,4365,4566,8931
118.26.161.147,13277,18117,31394
118.26.161.148,13971,30143,44114
118.26.161.149,798,2443,3241
118.26.161.87,2475,266,2741
118.26.162.121,351759,4971,356730
118.26.162.66,177188,6088,183276
118.26.163.70,56610346,5270194,61880540
118.26.163.81,3237,1581,4818
118.26.178.10,92979,302,93281
118.26.178.25,726020,326,726346
118.26.188.145,257,543,800
118.26.188.44,3680,1484,5164
118.26.192.91,21568,707,22275
118.26.200.24,5094,19450,24544
118.26.200.29,2703,3658,6361
118.26.200.82,325856,428161,754017
118.26.201.203,716290,86899,803189
118.26.201.206,105612340,64574721,170187061
118.26.201.251,3797335,757877,4555212
118.26.201.252,20525,4413,24938
118.26.203.142,459680,9623,469303
118.26.204.136,1416218,19625,1435843
118.26.204.19,45540,894,46434
118.26.205.53,732,550,1282
118.26.207.121,6156,12317,18473
118.26.207.128,1195,3217,4412
118.26.207.140,188549,31510,220059
118.26.207.145,267979,18421,286400
118.26.207.203,155862,1808,157670
118.26.207.71,20700,448,21148
118.26.225.51,1708,138,1846
118.26.225.60,1693,205,1898
118.26.225.61,1062,428,1490
118.26.228.13,153195305,19094413,172289718
118.26.228.206,188324,160315,348639
118.26.229.201,30732,6150,36882
118.26.229.203,4560,1070,5630
118.26.229.55,24724,16534,41258
118.26.229.57,328523,4887,333410
118.26.229.88,0,52,52
118.26.229.90,18248,27648,45896
118.26.229.91,73145,3035,76180
118.26.230.151,78223,1145,79368
118.26.230.18,9240,1746,10986
118.26.230.185,159917,7333,167250
118.26.230.19,2550,817,3367
118.26.233.115,4157,20713,24870
118.26.235.105,2514,1352,3866
118.26.237.9,5047,7245,12292
118.26.238.110,1152,443,1595
118.32.87.82,143690,2165275,2308965
118.35.181.156,389715,252194,641909
118.36.229.89,1129412,129771,1259183
118.37.103.248,747,115,862
118.67.112.115,107413,335717,443130
118.67.112.154,89900,11240,101140
118.67.112.155,10448,1661,12109
118.67.112.168,68414,7572,75986
118.67.112.170,48214,12693,60907
118.67.112.175,20003,28915,48918
118.67.112.42,3213,4883,8096
118.67.112.65,179715,16126,195841
118.67.112.75,1307407,87262,1394669
118.67.112.76,2072456,370439,2442895
118.67.112.77,134124,5755,139879
118.67.112.78,62979,10035,73014
118.67.112.80,2832716,72697,2905413
118.67.112.81,1266923,175009,1441932
118.67.112.85,1290044,50082,1340126
118.67.112.91,122459,191182,313641
118.67.112.93,399476,124290,523766
118.67.112.97,9180,5630,14810
118.67.112.99,6799,14051,20850
118.67.113.101,1908,1345,3253
118.67.113.103,333,759,1092
118.67.113.104,451334,20073,471407
118.67.113.255,20880,36888,57768
118.67.113.55,82266,76033,158299
118.67.113.69,359016,5404,364420
118.67.113.70,13052,6126,19178
118.67.113.73,416,339,755
118.67.113.74,66196,9375,75571
118.67.113.83,1076,370,1446
118.67.113.86,40051,7736,47787
118.67.113.93,35406,14641,50047
118.67.114.81,11356,27387,38743
118.67.114.96,202755,20954,223709
118.67.120.106,367561,40343,407904
118.67.120.107,1862169,700334,2562503
118.67.120.111,808104,859046,1667150
118.67.120.114,2922,1773,4695
118.67.120.115,311,1400,1711
118.67.120.116,86360,19465,105825
118.67.120.118,211150,33092,244242
118.67.120.120,12893367,841735,13735102
118.67.120.123,29076,16103,45179
118.67.120.126,6703,22288,28991
118.67.120.128,326182,37290,363472
118.67.120.129,477857,37462,515319
118.67.120.134,143642,31104,174746
118.67.120.138,9254,1311,10565
118.67.120.143,1358,1594,2952
118.67.120.156,185544,15145,200689
118.67.120.176,183274,8051,191325
118.67.120.180,1569,1219,2788
118.67.120.205,347,808,1155
118.67.120.211,1096201,62932,1159133
118.67.120.22,97732,28373,126105
118.67.120.222,454235,7620,461855
118.67.120.227,260913,7426,268339
118.67.120.245,21051,48017,69068
118.67.120.37,23915,8978,32893
118.67.120.42,30072374,2013995,32086369
118.67.120.57,93994,16116,110110
118.67.120.65,63140,137796,200936
118.67.120.68,142440,345785,488225
118.67.120.71,6645,315,6960
118.67.120.74,1656,12150,13806
118.67.120.96,48445,2538,50983
118.67.120.98,419479,579229,998708
118.67.121.169,28753,112517,141270
118.67.121.175,39836,20786,60622
118.67.121.179,367176,92530,459706
118.67.121.184,83740,115459,199199
118.69.205.140,5904,1106,7010
118.7.129.138,54126,10485,64611
118.71.76.175,114694,11430,126124
118.71.77.168,120983,75265,196248
118.72.94.199,41,151,192
118.73.140.166,74,285,359
118.75.117.197,41,151,192
118.75.130.89,1433,1572,3005
118.75.55.73,0,274,274
118.77.131.241,41,151,192
118.78.245.174,41,151,192
118.79.213.95,0,604,604
118.80.211.174,74,277,351
118.80.22.201,0,594,594
118.85.207.70,103199,2587,105786
118.88.141.85,89,106,195
118.88.91.19,19078,106,19184
118.97.221.120,11615,1564,13179
118.98.164.227,3134,255,3389
118.99.37.166,109546,623,110169
118.99.60.124,6173,1648,7821
119.0.147.48,239,154,393
119.0.240.51,101,200,301
119.1.100.125,2268,415125,417393
119.1.194.38,184,274,458
119.1.197.53,103,199,302
119.1.96.61,11818,870,12688
119.10.0.101,1671,863,2534
119.10.0.109,10996,410,11406
119.10.11.170,146973,2034,149007
119.10.116.141,19540,1285,20825
119.10.116.145,1311359,81792,1393151
119.10.116.149,1035,796,1831
119.10.116.151,110666,5934,116600
119.10.116.163,315,869,1184
119.10.2.126,230177,2990,233167
119.10.3.189,344572,1197,345769
119.10.3.226,1743862,190494,1934356
119.10.5.34,959,1591,2550
119.10.7.238,164461,3076,167537
119.100.132.204,9537,53,9590
119.100.192.21,84,84,168
119.100.193.254,1220,1080,2300
119.100.227.48,74,79,153
119.100.241.244,9537,53,9590
119.100.63.125,1200,226303,227503
119.101.110.162,103,154,257
119.101.112.123,368,548,916
119.101.153.213,7902,1074,8976
119.101.165.184,9541,53,9594
119.101.174.15,308,562,870
119.101.184.85,6160,396,6556
119.101.193.77,101,186,287
119.101.210.150,309,601,910
119.101.219.227,14487,132,14619
119.101.220.229,85425,2044,87469
119.101.29.147,4659,223528,228187
119.101.77.37,34260,137,34397
119.109.151.220,41,143,184
119.109.39.117,667,3522,4189
119.114.101.111,41,151,192
119.114.133.170,0,130,130
119.114.230.74,41,151,192
119.114.8.174,41,151,192
119.116.26.73,41,151,192
119.116.47.188,41,151,192
119.117.104.122,438,285,723
119.117.14.188,41,151,192
119.117.15.12,41,143,184
119.117.209.128,41,151,192
119.117.234.4,41,151,192
119.117.30.4,41,151,192
119.117.49.110,41,151,192
119.118.11.140,36721,476,37197
119.118.228.237,387,480,867
119.118.51.9,41,151,192
119.119.194.204,41,151,192
119.120.238.142,409,746,1155
119.120.241.248,961,65908,66869
119.120.92.203,20700,470,21170
119.120.92.24,1772,1257,3029
119.121.182.113,1282,998,2280
119.122.107.50,671,467,1138
119.122.149.129,1196,1781,2977
119.122.198.207,19078,106,19184
119.122.222.117,2699,1893,4592
119.122.248.63,104,186,290
119.122.73.30,164,23,187
119.123.104.254,233,732,965
119.123.112.50,10182,2186084,2196266
119.123.66.7,931,590,1521
119.124.215.87,16566,41,16607
119.124.30.86,0,68,68
119.124.89.236,2069,20781,22850
119.125.125.78,16559,34,16593
119.125.94.239,9537,52,9589
119.126.112.77,2805,514,3319
119.126.80.163,0,68,68
119.127.191.179,1955,1298,3253
119.127.202.55,805,2632,3437
119.127.221.110,1155,8368,9523
119.127.241.187,98547,71,98618
119.127.35.244,184,274,458
119.127.46.255,8787,13604,22391
119.128.127.54,202,404,606
119.128.136.45,101,198,299
119.129.151.60,820,1489,2309
119.129.250.120,1231,2422,3653
119.129.63.242,9537,53,9590
119.129.64.164,216,158,374
119.130.228.126,6900,106,7006
119.130.247.138,65673,153,65826
119.130.77.252,214,125,339
119.131.174.127,204,402,606
119.131.219.39,411,798,1209
119.131.7.247,3396,2102,5498
119.132.105.244,101,16481,16582
119.132.114.190,9540,49,9589
119.132.159.107,208,372,580
119.132.169.10,244,645,889
119.132.239.210,12469,2159307,2171776
119.132.241.16,9537,53,9590
119.132.246.103,84,84,168
119.133.108.171,1181,341,1522
119.133.119.233,1641,3069,4710
119.133.215.137,240,158,398
119.133.99.140,103,16492,16595
119.134.124.38,9537,53,9590
119.134.185.192,5423,93183,98606
119.134.251.177,4199,957,5156
119.134.253.13,337,134,471
119.134.253.157,145377,2895,148272
119.134.255.31,2164479,477,2164956
119.134.255.36,345000,537,345537
119.134.255.37,4314262,4358,4318620
119.134.97.88,978,49483,50461
119.135.243.197,1289,11219,12508
119.135.54.163,9537,53,9590
119.136.113.155,709,463,1172
119.136.184.163,411,801,1212
119.137.113.99,240,157,397
119.137.142.82,443,966,1409
119.137.188.236,615,1407,2022
119.137.190.75,309,598,907
119.137.20.168,233,157,390
119.137.25.227,415,803,1218
119.137.72.12,305,598,903
119.137.77.37,203,375,578
119.138.180.79,126446,319,126765
119.138.37.96,194,82094,82288
119.139.123.53,10358,2875691,2886049
119.139.142.228,206,374,580
119.139.179.57,377,33142,33519
119.139.235.151,131647,614,132261
119.140.17.227,0,68,68
119.140.205.180,4045,640960,645005
119.140.222.117,310,746,1056
119.140.69.32,205,603,808
119.141.130.12,16571,10215,26786
119.141.170.168,475,311,786
119.142.11.1,715,464,1179
119.142.111.226,32953,35,32988
119.142.131.201,305,599,904
119.142.135.31,249,300,549
119.142.234.1,17912,4601012,4618924
119.142.28.26,236,157,393
119.144.196.102,41,151,192
119.144.35.135,49627,253,49880
119.145.101.158,135014,1582,136596
119.145.109.207,533907,6570,540477
119.145.14.123,2063379,85801,2149180
119.145.14.137,134964,76080,211044
119.145.147.189,1424,1052,2476
119.145.147.74,278436,15633,294069
119.145.15.82,19096,35632,54728
119.145.249.43,22080,456,22536
119.145.253.178,130798,1786,132584
119.145.253.191,17940,454,18394
119.145.253.73,1668,265,1933
119.145.255.242,60720,1135,61855
119.145.255.74,17940,494,18434
119.145.40.21,14109,1701,15810
119.145.40.41,19691,1987,21678
119.145.72.234,10142,1851,11993
119.146.201.10,8236,460,8696
119.146.201.165,24706,11187,35893
119.146.201.169,18664,14730,33394
119.146.201.183,61963,7366,69329
119.146.201.185,29212,7975,37187
119.146.205.153,4949,1489,6438
119.146.207.37,73890,563,74453
119.146.220.239,49680,1407,51087
119.146.223.101,393608,30700,424308
119.146.223.102,392519,9007,401526
119.146.74.39,1881,161,2042
119.146.74.42,2540,12596,15136
119.146.74.44,83850,821,84671
119.146.74.51,1684522,1524,1686046
119.147.10.144,2194,3823,6017
119.147.10.145,1480,2296,3776
119.147.10.146,1480,2296,3776
119.147.10.45,16907,192998,209905
119.147.102.44,476,306,782
119.147.116.229,126055,6588,132643
119.147.116.82,234,941,1175
119.147.137.16,1032272,18200,1050472
119.147.137.169,305339,20523,325862
119.147.137.201,1693,182,1875
119.147.137.48,87030,44679,131709
119.147.137.71,3145822,112155,3257977
119.147.14.181,1500,1232,2732
119.147.144.55,23754,70305,94059
119.147.146.114,8088,1197,9285
119.147.146.115,17998,1786,19784
119.147.146.119,522,1189,1711
119.147.146.48,6463,6946,13409
119.147.146.49,3934,4228,8162
119.147.146.75,21670,40755,62425
119.147.146.89,191,264,455
119.147.148.29,1504,4140,5644
119.147.148.30,35156,107022,142178
119.147.156.113,1112370,232640,1345010
119.147.156.114,184826,20600,205426
119.147.156.115,581371,94710,676081
119.147.156.116,594410,157076,751486
119.147.16.17,48302,61103,109405
119.147.16.18,49177,62802,111979
119.147.16.27,65008,69720,134728
119.147.16.28,90130,94016,184146
119.147.160.147,139010,1365,140375
119.147.160.151,38908,8552,47460
119.147.160.81,11904,1430,13334
119.147.161.105,3677,467,4144
119.147.161.55,7615,779,8394
119.147.163.232,2745,3334,6079
119.147.165.255,2800,7486,10286
119.147.168.142,24762,30779,55541
119.147.168.147,69840,22290,92130
119.147.18.160,78,14,92
119.147.19.19,3268,41816,45084
119.147.19.238,1683,3208,4891
119.147.19.239,2220,3574,5794
119.147.19.240,1683,3339,5022
119.147.19.246,2184,3544,5728
119.147.19.250,2590,4278,6868
119.147.19.35,2285,667,2952
119.147.192.15,1360309,4208075,5568384
119.147.192.18,650008,2265146,2915154
119.147.193.128,952,5557,6509
119.147.193.22,4950,9520,14470
119.147.194.253,2380,10960,13340
119.147.194.254,1428,7673,9101
119.147.194.255,4284,18864,23148
119.147.2.193,34050,3023,37073
119.147.20.1,2550,5969,8519
119.147.20.2,925,1435,2360
119.147.20.3,1767,4807,6574
119.147.20.80,38631,42336,80967
119.147.201.21,2808,11770,14578
119.147.201.222,2440,50679,53119
119.147.201.49,2610,5015,7625
119.147.207.157,158,832,990
119.147.207.177,55142,10875,66017
119.147.208.137,8280,458,8738
119.147.209.23,49680,1120,50800
119.147.21.201,30744,78522,109266
119.147.21.204,20236,183158,203394
119.147.21.205,23404,114333,137737
119.147.21.207,25696,178772,204468
119.147.21.208,9031,4900,13931
119.147.21.209,21349,107096,128445
119.147.212.31,676594,14975,691569
119.147.212.43,590765,213764,804529
119.147.214.250,1680,6678,8358
119.147.224.104,4347,98001,102348
119.147.224.105,12035,40641,52676
119.147.224.106,248345,106932,355277
119.147.224.135,453973,28640,482613
119.147.224.144,10945,16966,27911
119.147.224.151,634544,42625,677169
119.147.224.159,17098,26475,43573
119.147.224.161,70978,184455,255433
119.147.224.170,849100,824,849924
119.147.224.177,865,5850,6715
119.147.224.186,334866,22795,357661
119.147.224.192,28097,7401,35498
119.147.224.44,603,186,789
119.147.226.16,616066,36927,652993
119.147.226.7,16829,10199,27028
119.147.226.70,11157,43083,54240
119.147.226.72,1031976,3611,1035587
119.147.226.74,397,385,782
119.147.226.77,1020,1124,2144
119.147.227.156,513,238,751
119.147.227.157,513,238,751
119.147.227.160,513,238,751
119.147.227.161,1026,476,1502
119.147.227.165,1026,476,1502
119.147.227.178,1001086,14807,1015893
119.147.227.179,2386124,28762,2414886
119.147.24.210,23460,450,23910
119.147.250.231,1055,1141,2196
119.147.254.105,60569,5357,65926
119.147.254.115,25552,4305,29857
119.147.254.146,0,0,0
119.147.254.198,532265,6841,539106
119.147.254.199,164902,839,165741
119.147.254.201,513,238,751
119.147.254.211,1347,1101,2448
119.147.254.215,43185,9778,52963
119.147.254.225,455723,1618,457341
119.147.254.68,528803,6894,535697
119.147.254.69,335518,3727,339245
119.147.254.73,513,237,750
119.147.254.78,5926,2741,8667
119.147.254.82,518344,40996,559340
119.147.32.147,28358,200546,228904
119.147.32.148,29252,201547,230799
119.147.32.150,337,413,750
119.147.32.152,28970,213444,242414
119.147.32.155,17000,16362,33362
119.147.32.157,850,810,1660
119.147.32.162,1026,1199,2225
119.147.32.168,21898,112972,134870
119.147.32.208,1790,1390,3180
119.147.32.234,135300,116691,251991
119.147.32.238,1376,1192,2568
119.147.32.240,257261,222427,479688
119.147.32.241,981,1011,1992
119.147.41.100,1675,800,2475
119.147.41.108,12768,3012,15780
119.147.41.109,9576,2259,11835
119.147.41.116,103572,1620,105192
119.147.41.129,2736,17100,19836
119.147.41.149,2895,2496,5391
119.147.41.160,358225,17576,375801
119.147.41.59,1255022,221960,1476982
119.147.41.64,154325,95494,249819
119.147.41.86,927,1272,2199
119.147.41.89,3735,1635,5370
119.147.41.99,24268,6100,30368
119.147.45.118,3254,485,3739
119.147.45.149,0,3240,3240
119.147.45.153,23700,1136,24836
119.147.45.158,19897,3110,23007
119.147.45.162,0,6504,6504
119.147.45.45,148818,128489,277307
119.147.6.76,4816,1988,6804
119.147.7.162,312,844,1156
119.147.7.163,1399,358,1757
119.147.7.186,97681,7505,105186
119.147.7.194,406973,24547,431520
119.147.7.219,6720,788,7508
119.147.7.223,619344,46598,665942
119.147.7.246,2025,14731,16756
119.147.74.106,3016778,87567,3104345
119.147.74.206,2272,16090,18362
119.147.74.31,12848,5405,18253
119.147.74.35,3053741,184171,3237912
119.147.74.60,53066,4431,57497
119.147.74.83,808367,20296,828663
119.147.74.93,2706,1338,4044
119.147.75.176,21981,2175,24156
119.147.75.180,0,0,0
119.147.75.227,103690,1055,104745
119.147.78.52,644615,61539,706154
119.147.79.108,7234,440,7674
119.147.82.81,686747,86600,773347
119.147.83.156,513,237,750
119.147.83.157,1539,711,2250
119.147.84.136,14312,1954,16266
119.147.88.10,91291,5491,96782
119.147.88.21,79475,12007,91482
119.147.88.23,570,1177,1747
119.147.88.57,429646,28766,458412
119.147.9.220,1800,1568,3368
119.147.9.244,930,1560,2490
119.147.99.40,4446693,563251,5009944
119.147.99.45,3172086,382484,3554570
119.15.136.52,23460,450,23910
119.15.138.100,17556,8726,26282
119.15.138.35,32264,12385,44649
119.15.138.53,31996,11441,43437
119.15.138.79,352,2666,3018
119.160.242.46,4920,196,5116
119.160.254.202,1139775,55087,1194862
119.160.254.220,392138,18455,410593
119.161.137.216,41400,1125,42525
119.161.209.33,19320,450,19770
119.161.212.92,60948,1889,62837
119.161.212.94,11040,217,11257
119.161.22.38,26904,19376,46280
119.161.22.39,45131,32036,77167
119.161.240.136,9616,464,10080
119.162.151.180,82,286,368
119.162.82.230,41,151,192
119.163.120.16,19320,675,19995
119.163.172.15,107671,33897,141568
119.164.16.77,41,151,192
119.165.195.67,41,151,192
119.166.102.213,129,176,305
119.166.128.196,0,260,260
119.166.16.98,39,180,219
119.166.164.59,41,151,192
119.166.35.113,41,151,192
119.167.134.10,7050,1495,8545
119.167.134.25,77899,4946,82845
119.167.134.34,17855,2965,20820
119.167.134.42,1374,2314,3688
119.167.134.9,314,1581,1895
119.167.141.55,24156,562,24718
119.167.141.56,221854,1551,223405
119.167.145.100,737,2268,3005
119.167.145.24,129,986,1115
119.167.145.25,147287,8322,155609
119.167.145.28,133,709,842
119.167.145.61,403,71,474
119.167.159.39,1881,161,2042
119.167.195.246,960,698,1658
119.167.195.59,49288,2329,51617
119.167.195.60,189549,4830,194379
119.167.201.245,4124,12073,16197
119.167.213.108,31726,688,32414
119.167.213.158,3827870,76533,3904403
119.167.231.25,11400,219,11619
119.167.232.106,39454,365,39819
119.173.81.162,3702,511062,514764
119.176.187.137,41,151,192
119.178.231.63,41,151,192
119.179.202.76,1336,1304,2640
119.179.206.204,0,604,604
119.18.54.12,0,2580,2580
119.182.107.226,41,151,192
119.182.86.233,94362,1183,95545
119.183.54.127,73138,1411,74549
119.184.146.15,41,151,192
119.184.176.201,61011,1154,62165
119.184.176.203,0,0,0
119.184.176.204,321,405,726
119.184.181.230,41,151,192
119.185.203.196,41,151,192
119.185.211.191,41,151,192
119.187.59.111,41,151,192
119.188.10.244,26408,3035,29443
119.188.110.110,108099,6342,114441
119.188.110.111,69890,4416,74306
119.188.110.112,174370,8551,182921
119.188.110.15,1589,1660,3249
119.188.110.17,644,266,910
119.188.110.18,91258,852,92110
119.188.110.19,144698,2330,147028
119.188.110.20,38248,1243,39491
119.188.118.8,453,330,783
119.188.128.244,24617,3441,28058
119.188.131.163,49565,7231,56796
119.188.131.164,23557,1074,24631
119.188.132.122,214686,3974,218660
119.188.138.29,394400,17494,411894
119.188.138.34,848845,29655,878500
119.188.139.205,46088,3250,49338
119.188.143.102,327,209,536
119.188.143.11,45618,426,46044
119.188.143.116,320,1168,1488
119.188.143.13,26906,284,27190
119.188.143.144,1370,3942,5312
119.188.143.145,528,666,1194
119.188.143.146,314,1132,1446
119.188.143.147,477,1586,2063
119.188.143.19,15207,142,15349
119.188.143.23,29507,284,29791
119.188.143.244,1696,3576,5272
119.188.143.7,179764,2824,182588
119.188.144.67,344,556,900
119.188.144.80,1609,665,2274
119.188.144.82,1078,732,1810
119.188.144.84,1610,665,2275
119.188.144.86,322,133,455
119.188.145.12,87981,5780,93761
119.188.145.13,23843,1454,25297
119.188.145.14,283471,7715,291186
119.188.145.15,90083,6552,96635
119.188.145.16,42470,2086,44556
119.188.145.17,75046,4111,79157
119.188.146.132,436,1890,2326
119.188.147.18,340,5248,5588
119.188.147.26,420,566,986
119.188.154.92,2704741,12289,2717030
119.188.157.67,150,698,848
119.188.176.53,189954,27505,217459
119.188.176.54,87114,11075,98189
119.188.35.100,368,357,725
119.188.35.50,328591,24344,352935
119.188.40.86,378,857,1235
119.188.43.106,643,269,912
119.188.43.107,322,133,455
119.188.48.113,207,183,390
119.188.50.105,440511,1530,442041
119.188.50.115,798095,3542,801637
119.188.6.81,499,343,842
119.188.66.46,310840,1209,312049
119.188.93.250,10586,2318,12904
119.188.93.255,2530533,84580,2615113
119.188.94.192,5113,346,5459
119.188.94.195,2048,1092,3140
119.188.94.3,18926086,54912,18980998
119.188.94.71,71617,1118,72735
119.188.96.115,1866,350,2216
119.189.1.14,66333,1758,68091
119.191.152.178,41,143,184
119.191.220.131,1144,2361,3505
119.191.58.27,10484,2544,13028
119.206.93.80,208861,67324,276185
119.233.152.223,0,68,68
119.242.97.187,581,2229,2810
119.247.189.80,0,204,204
119.247.73.81,0,68,68
119.248.190.111,0,204,204
119.249.55.107,258,392,650
119.249.93.192,0,130,130
119.250.138.153,0,130,130
119.250.140.9,0,32,32
119.250.142.195,0,130,130
119.250.178.221,205,400,605
119.250.178.87,23,195,218
119.250.65.77,41,143,184
119.251.17.3,0,130,130
119.253.51.12,81683,2675,84358
119.253.52.128,1128,678,1806
119.253.55.12,93531,3170,96701
119.253.55.35,0,0,0
119.253.58.236,8978,452,9430
119.254.100.114,1964,735,2699
119.254.100.169,130360,32066,162426
119.254.100.180,645233,37196,682429
119.254.101.2,1653678,238133,1891811
119.254.101.77,4796,5283,10079
119.254.102.109,814,1502,2316
119.254.102.183,7493,837,8330
119.254.102.199,641833,5787,647620
119.254.102.32,4963176,98568,5061744
119.254.103.170,1131,1473,2604
119.254.103.20,2318,1356,3674
119.254.103.233,2987,3576,6563
119.254.103.55,691763,58719,750482
119.254.106.56,21358,1763,23121
119.254.106.57,18212,764,18976
119.254.107.52,6684,730,7414
119.254.107.55,35711,455,36166
119.254.108.110,15057,1595,16652
119.254.108.136,9723,14510,24233
119.254.108.160,1576,1875,3451
119.254.108.210,30023,6258,36281
119.254.108.222,46920,922,47842
119.254.108.78,4491,19019,23510
119.254.110.191,178287,89585,267872
119.254.110.39,354396,138250,492646
119.254.111.201,20241,6625,26866
119.254.111.202,32752,16771,49523
119.254.111.251,9448,1189,10637
119.254.116.23,107031,9355,116386
119.254.116.78,12438,1561,13999
119.254.117.146,229,543,772
119.254.117.170,1194,953,2147
119.254.117.177,1541,479,2020
119.254.117.42,4381,1931,6312
119.254.117.50,155255,58839,214094
119.254.117.53,35128,30585,65713
119.254.117.54,82160,3979,86139
119.254.117.59,8179,3483,11662
119.254.117.75,162460,24587,187047
119.254.117.84,1873,1340,3213
119.254.117.85,3911,3657,7568
119.254.124.17,3832565,140482,3973047
119.254.124.18,2190117,127484,2317601
119.254.124.93,344182,911032,1255214
119.254.124.94,409227,993906,1403133
119.254.160.185,87273,1374,88647
119.254.162.81,13974,3793,17767
119.254.162.86,7293,3422,10715
119.254.162.87,7561,3015,10576
119.254.163.245,5082,3597,8679
119.254.163.249,33981,2357,36338
119.254.164.137,4563,13165,17728
119.254.17.102,11762,869,12631
119.254.17.134,1324,3450,4774
119.254.17.148,133651,14849,148500
119.254.17.160,1390,11130,12520
119.254.17.79,3782,1583,5365
119.254.208.8,1444,368,1812
119.254.30.37,15302362,23264761,38567123
119.254.30.38,646946,61713,708659
119.254.30.47,238213,123323,361536
119.254.30.51,244794,64745,309539
119.254.34.165,407291,16993,424284
119.254.48.105,1657286,343494,2000780
119.254.48.123,207725,26889,234614
119.254.48.164,52231,11607,63838
119.254.48.169,70478,31972,102450
119.254.48.202,10056,7222,17278
119.254.48.46,244899,30411,275310
119.254.49.132,104044,19800,123844
119.254.49.160,570939,264147,835086
119.254.49.195,519,3963,4482
119.254.49.199,24646,11869,36515
119.254.49.90,428,2258,2686
119.254.5.190,53698,1466,55164
119.254.5.193,16121,704,16825
119.254.5.194,0,225,225
119.254.50.182,22374,678,23052
119.254.50.64,195742,229529,425271
119.254.51.177,514913,79502,594415
119.254.6.239,2936,374,3310
119.254.60.68,349395,15641,365036
119.254.64.145,37156,1614,38770
119.254.64.156,890,2882,3772
119.254.64.162,24708,3494,28202
119.254.64.180,55074,44903,99977
119.254.64.187,333466,61026,394492
119.254.65.183,2800,546,3346
119.254.65.33,10199,1162,11361
119.254.66.24,12120,5689,17809
119.254.66.51,2604,2527,5131
119.254.66.8,13004,30969,43973
119.254.69.83,1041,602,1643
119.254.70.159,6123720,952675,7076395
119.254.70.196,642797,340540,983337
119.254.70.198,19411428,110202,19521630
119.254.70.199,283442,20323,303765
119.254.70.202,196833,11253,208086
119.254.70.41,2892293,1773578,4665871
119.254.70.42,2504983,643951,3148934
119.254.70.50,5599845,840693,6440538
119.254.72.55,34734,1342,36076
119.254.76.145,772,1455,2227
119.254.76.153,2353615,882676,3236291
119.254.76.31,172571,8253,180824
119.254.76.50,9635,6492,16127
119.254.76.54,300,743,1043
119.254.76.66,7319,3829,11148
119.254.77.166,513066,14498,527564
119.254.77.204,373456,30350,403806
119.254.81.218,12742,17192,29934
119.254.81.222,6821,10499,17320
119.254.81.241,217521,19201,236722
119.254.81.246,1152,4183,5335
119.254.81.88,24106,1516,25622
119.254.84.39,102748,21506,124254
119.254.84.40,662464,49010,711474
119.254.84.43,26436,31358,57794
119.254.85.218,16560,442,17002
119.254.86.143,0,11765,11765
119.254.86.146,2457,649,3106
119.254.86.166,2669,1223,3892
119.254.86.169,29202,4315,33517
119.254.86.173,20829,62142,82971
119.254.88.77,34500,675,35175
119.254.9.103,434620,18077,452697
119.254.90.235,31767,1395,33162
119.254.90.243,23832,454,24286
119.254.91.14,4285,29045,33330
119.254.91.25,699,1908,2607
119.254.91.33,52865,5364,58229
119.254.91.34,9314,1487,10801
119.254.91.38,770,4500,5270
119.254.91.51,1774,1614,3388
119.254.91.55,1550,3225,4775
119.254.93.232,42824,45874,88698
119.254.93.237,119162,4809,123971
119.255.240.146,30068,12906,42974
119.255.240.35,15697,2124,17821
119.255.240.39,31593,2264,33857
119.255.240.43,1220,4395,5615
119.255.240.44,6149,11528,17677
119.255.240.49,583734,57232,640966
119.255.240.58,16328,6567,22895
119.255.240.93,764,1515,2279
119.27.124.112,41,151,192
119.27.34.42,2041,912,2953
119.27.34.50,553,463,1016
119.27.34.51,927,445,1372
119.27.39.116,459,593,1052
119.28.1.194,10596,808,11404
119.28.1.217,100140,13117,113257
119.28.2.74,26854,40442,67296
119.28.48.230,234,228,462
119.28.48.233,1298,1271,2569
119.28.48.234,3678,5023,8701
119.28.48.241,468,456,924
119.29.104.91,4036,424,4460
119.29.119.209,281982,11618,293600
119.29.119.79,6822,444,7266
119.29.19.249,415,856,1271
119.29.27.152,942,1149,2091
119.29.29.34,3600,3942,7542
119.29.35.213,1702660,20667,1723327
119.29.36.139,9712,2563,12275
119.29.38.77,24780,1130,25910
119.29.45.149,3136,7161,10297
119.29.45.157,2058,2190,4248
119.29.45.162,7120,4760,11880
119.29.51.254,39730,9654,49384
119.29.6.103,0,0,0
119.29.65.62,1713,266,1979
119.29.9.168,116,262,378
119.35.178.15,956,5870,6826
119.36.185.218,41,151,192
119.37.192.43,35668,1402,37070
119.37.192.47,17152,460,17612
119.37.193.208,19074,106,19180
119.37.194.148,31740,448,32188
119.37.194.151,19320,454,19774
119.37.194.90,1385481,38064,1423545
119.37.194.91,19352,24948,44300
119.37.195.198,68291,4688,72979
119.37.198.170,53739,1946,55685
119.37.198.171,154009,12149,166158
119.37.199.141,39835,1318,41153
119.37.199.247,1659,267,1926
119.37.199.249,169906,1302,171208
119.39.98.39,4537,1068,5605
119.4.156.23,82,286,368
119.4.161.62,0,816,816
119.4.250.56,3733,474,4207
119.4.50.126,1168,10293,11461
119.4.56.197,1448028,23431,1471459
119.4.7.140,68,1448,1516
119.41.148.173,547,2119,2666
119.41.15.22,10147,11265412,11275559
119.41.42.94,2964,116057,119021
119.41.5.204,7838,5320674,5328512
119.48.135.72,41,151,192
119.49.82.28,41,143,184
119.5.155.185,18627,460,19087
119.5.200.186,0,68,68
119.5.88.94,774,894,1668
119.51.160.138,22,33,55
119.51.7.193,41,151,192
119.51.93.7,1323,185,1508
119.52.114.80,41,143,184
119.53.186.37,238,155,393
119.54.193.96,41,151,192
119.54.72.216,368981,26261,395242
119.55.168.243,41,143,184
119.55.30.77,1072,266,1338
119.57.57.174,331,263,594
119.57.57.43,91398,4783,96181
119.57.91.122,2055,4158,6213
119.6.204.140,130,6863,6993
119.60.111.35,67653,383,68036
119.60.162.224,6319,1791133,1797452
119.60.26.31,19320,454,19774
119.60.9.23,23460,456,23916
119.67.48.174,68803,54671,123474
119.7.222.52,480,4512,4992
119.7.56.194,41,151,192
119.7.58.214,41,143,184
119.7.58.251,41,151,192
119.7.58.41,41,151,192
119.7.69.36,41,151,192
119.7.81.209,0,272,272
119.75.217.61,43416,872,44288
119.75.218.82,54743,1531,56274
119.75.219.107,54617,9076,63693
119.75.219.108,5510,12747,18257
119.75.219.109,15376,4382,19758
119.75.219.110,7391,6286,13677
119.75.222.48,1171,3772,4943
119.80.105.146,20200,456,20656
119.81.141.201,72302,7488,79790
119.81.146.55,1469,522,1991
119.81.164.171,725,120,845
119.81.195.130,687,542,1229
119.81.207.58,375971,6413,382384
119.81.233.41,45540,448,45988
119.81.50.103,143375,32168,175543
119.81.57.87,159,566,725
119.81.99.206,14672,9527,24199
119.84.104.245,157895,8633,166528
119.84.104.255,173464,44404,217868
119.84.106.18,2366,638,3004
119.84.106.38,2372242,2980,2375222
119.84.106.39,3449146,7601,3456747
119.84.106.40,2290009,2802,2292811
119.84.106.42,80715,3243,83958
119.84.106.45,523408,9370,532778
119.84.110.69,4974309,18886,4993195
119.84.111.131,571871,150059,721930
119.84.111.132,577438,139870,717308
119.84.111.133,480938,123271,604209
119.84.111.30,39719,2031,41750
119.84.111.43,611473,184551,796024
119.84.111.44,692441,166593,859034
119.84.111.45,630993,164886,795879
119.84.111.46,697354,171109,868463
119.84.111.47,552380,150814,703194
119.84.111.48,562494,138367,700861
119.84.111.49,405854,120965,526819
119.84.111.50,474362,115419,589781
119.84.111.51,469877,149119,618996
119.84.111.52,658103,173311,831414
119.84.111.53,516913,141251,658164
119.84.111.54,562289,146211,708500
119.84.111.82,1512,1720,3232
119.84.111.84,756,1266,2022
119.84.111.88,576192,147515,723707
119.84.114.102,916962,12051,929013
119.84.114.108,626674,39674,666348
119.84.114.115,3721838,24905,3746743
119.84.114.122,1407365,13664,1421029
119.84.114.15,2112,4742,6854
119.84.114.16,496,134,630
119.84.114.27,8940,19192,28132
119.84.114.48,1108310,6489,1114799
119.84.114.58,730285,2781,733066
119.84.114.98,319730,5562,325292
119.84.116.20,4226940,520,4227460
119.84.116.45,3058443,1150,3059593
119.84.116.53,10390905,483,10391388
119.84.116.54,577227,3063,580290
119.84.119.168,17940,446,18386
119.84.119.224,10478,666,11144
119.84.125.14,288,492,780
119.84.126.230,7986,818,8804
119.84.126.35,88337,1603,89940
119.84.136.44,10540,11107554,11118094
119.84.14.74,60344814,2965713,63310527
119.84.14.75,5471307,46818,5518125
119.84.14.77,448604,130543,579147
119.84.212.95,9537,53,9590
119.84.42.53,135392,6592,141984
119.84.63.13,23460,448,23908
119.84.66.125,1583,482,2065
119.84.69.141,3000335,12670,3013005
119.84.69.170,455400,200,455600
119.84.69.185,25939,644,26583
119.84.72.165,2209,1530,3739
119.84.75.49,173880,203,174083
119.84.79.42,2600058,1518,2601576
119.84.85.15,0,0,0
119.84.86.33,376,637,1013
119.84.87.188,246649,3335,249984
119.84.87.253,2389,4411,6800
119.84.97.155,179343,2179,181522
119.84.97.156,423295,1464,424759
119.85.138.24,82153,75,82228
119.85.176.9,0,53,53
119.85.177.254,33461,222,33683
119.85.180.244,9537,53,9590
119.85.211.246,1617,415,2032
119.85.221.75,922,1076,1998
119.85.41.88,1136,1054,2190
119.86.171.155,196919,79,196998
119.86.179.238,101,199,300
119.86.224.161,9537,53,9590
119.9.68.69,212156,113553,325709
119.9.70.115,196871,173869,370740
119.9.70.56,15256,3744,19000
119.9.73.94,737943,34381,772324
119.9.86.203,68855,38921,107776
119.9.86.204,91666,55471,147137
119.9.86.205,6033,4238,10271
119.9.90.115,366,556,922
119.9.91.60,127592,12455,140047
119.9.94.48,40702,2258,42960
119.90.14.111,8989522,389183,9378705
119.90.14.116,318599,9046,327645
119.90.14.14,291916,4714,296630
119.90.14.16,4673512,73871,4747383
119.90.14.17,2666839,124104,2790943
119.90.14.18,1850946,128999,1979945
119.90.14.19,2214167,35556,2249723
119.90.14.20,1073891,43605,1117496
119.90.14.26,6158283,307038,6465321
119.90.14.27,612082,1049,613131
119.90.14.28,1463243,452874,1916117
119.90.14.29,60140910,1904409,62045319
119.90.14.30,1492418,54613,1547031
119.90.14.31,62643162,1790391,64433553
119.90.14.33,3316353,60640,3376993
119.90.14.34,66864576,1938346,68802922
119.90.14.37,16823781,2530388,19354169
119.90.14.38,18807705,663328,19471033
119.90.14.40,5211937,147991,5359928
119.90.14.44,77585,15261,92846
119.90.14.45,4369519,125140,4494659
119.90.14.48,1322427,18180,1340607
119.90.14.53,21635134,111195,21746329
119.90.14.55,39966,2669,42635
119.90.14.58,7784610,333350,8117960
119.90.14.59,2172609,61489,2234098
119.90.14.63,8588,643,9231
119.90.14.64,828833,43305,872138
119.90.14.67,13149347,440216,13589563
119.90.14.68,19723760,546801,20270561
119.90.14.70,13332,925,14257
119.90.14.73,16182121,72790,16254911
119.90.14.74,15464737,448352,15913089
119.90.14.75,840746,156089,996835
119.90.14.77,17326705,499465,17826170
119.90.14.83,11259386,442680,11702066
119.90.14.85,557954,160770,718724
119.90.14.93,16784758,513887,17298645
119.90.15.185,102120,2082,104202
119.90.15.255,30022,452,30474
119.90.15.45,3008955,13736,3022691
119.90.16.160,4524529,103134,4627663
119.90.16.161,521236,26156,547392
119.90.177.216,1414,932,2346
119.90.251.211,17314,8830,26144
119.90.32.63,441,610,1051
119.90.37.211,647151,3899,651050
119.90.37.212,380910,11000,391910
119.90.37.220,140752,5554,146306
119.90.37.240,2754991,184251,2939242
119.90.37.249,293831,1932,295763
119.90.37.250,653499,10442,663941
119.90.37.252,178,425,603
119.90.39.139,665903,6740,672643
119.90.56.16,2946,1237,4183
119.90.58.146,4057,6599,10656
119.90.58.204,228638,19372,248010
119.90.59.78,207849,44423,252272
119.90.59.96,59888,184573,244461
119.97.137.148,681,1716,2397
119.97.137.57,39867,710,40577
119.97.139.81,37538,2293,39831
119.97.142.30,724,448,1172
119.97.145.20,218,290,508
119.97.145.21,218,393,611
119.97.145.22,814,634,1448
119.97.145.23,4112,2327,6439
119.97.146.17,8207,446,8653
119.97.146.59,438394,21899,460293
119.97.149.175,776,651,1427
119.97.149.176,1564,1221,2785
119.97.149.177,5096,1902,6998
119.97.149.178,3102,3216,6318
119.97.151.36,45812,2350,48162
119.97.153.210,40,1108,1148
119.97.164.16,715798,27278,743076
119.97.164.45,4209,869,5078
119.97.168.10,2952121,9033,2961154
119.97.168.11,2128294,4630,2132924
119.97.168.168,64252,3148,67400
119.97.168.178,237312,5527,242839
119.97.168.179,329771,41159,370930
119.97.168.22,9272434,6721,9279155
119.97.168.23,2184495,6358,2190853
119.97.168.246,0,0,0
119.97.168.40,444158,37043,481201
119.97.168.52,401943,22998,424941
119.97.174.48,6322,2423,8745
119.97.174.53,0,23,23
119.97.200.105,16560,454,17014
119.97.217.8,12202,1132,13334
119.97.225.17,674036,5472,679508
119.97.228.192,500,899,1399
119.97.238.74,9921,5791,15712
119.97.246.83,0,68,68
119.97.248.45,161574,7934,169508
119.97.88.33,115,225,340
119.97.98.193,7187,1758222,1765409
119.98.187.150,16491,111,16602
119.98.19.39,170,124,294
119.98.40.212,27005,1143,28148
119.98.42.225,0,200,200
119.98.85.50,102,200,302
119.99.150.76,512,932,1444
119.99.191.195,76,134,210
119.99.204.78,19078,106,19184
119.99.207.105,41,151,192
119.99.55.172,9537,53,9590
119.99.65.38,9537,53,9590
119.99.72.203,310,600,910
12.111.223.76,471,673,1144
12.129.199.106,3710,2697,6407
12.129.199.107,61600,30722,92322
12.129.199.108,2024,469,2493
12.129.199.110,1928,1293,3221
12.129.199.111,80248,34693,114941
12.129.210.76,7245,5839,13084
12.130.131.131,726,2313,3039
12.130.131.218,363,1216,1579
12.130.132.35,3929177,10149,3939326
12.130.81.223,0,0,0
12.130.81.233,954,1424,2378
12.144.20.55,198429,652,199081
12.87.133.5,0,216,216
120.0.126.50,204,4344,4548
120.0.179.228,0,130,130
120.0.96.32,129,506,635
120.11.131.220,58913,2022,60935
120.11.20.36,0,68,68
120.12.226.243,0,68,68
120.12.32.107,41,151,192
120.12.37.238,41,151,192
120.131.127.55,94801,71883,166684
120.131.127.56,164356,110308,274664
120.131.127.57,31297,65288,96585
120.131.127.58,56916,113287,170203
120.131.127.59,56479,98457,154936
120.131.127.60,91258,97425,188683
120.131.127.61,136262,149451,285713
120.131.128.216,542,255,797
120.131.64.121,1381,681,2062
120.131.64.122,186,674,860
120.131.64.157,7084,862,7946
120.131.66.214,14425,522,14947
120.131.66.31,1339,1337,2676
120.131.70.67,640,826,1466
120.132.136.125,29351,4260,33611
120.132.144.32,402,454,856
120.132.144.52,17007,5992,22999
120.132.144.90,10923,420,11343
120.132.146.115,55200,908,56108
120.132.146.116,46920,1140,48060
120.132.146.117,41400,678,42078
120.132.146.118,41400,687,42087
120.132.154.124,350,387,737
120.132.32.46,1201116,148944,1350060
120.132.32.48,1882,4362,6244
120.132.34.30,514773,844523,1359296
120.132.34.31,468734,491725,960459
120.132.34.32,17600267,4239720,21839987
120.132.34.33,16027557,3118335,19145892
120.132.34.34,2630922,64922,2695844
120.132.34.35,2702769,72707,2775476
120.132.34.36,138306,29204,167510
120.132.34.37,60452,10682,71134
120.132.34.46,715626,254599,970225
120.132.34.47,854519,118311,972830
120.132.36.175,22988,3977,26965
120.132.36.98,10508,2157,12665
120.132.37.48,16770,2630,19400
120.132.37.50,71520,922,72442
120.132.37.51,1636,265,1901
120.132.46.87,829,857,1686
120.132.46.88,871,453,1324
120.132.49.244,61660,40894,102554
120.132.50.0,67369,52137,119506
120.132.51.143,20207,12748,32955
120.132.51.15,67765,53114,120879
120.132.51.16,1713,132721,134434
120.132.51.203,582,1027,1609
120.132.52.46,373993,330489,704482
120.132.53.166,86907,54000,140907
120.132.53.220,20719,12631,33350
120.132.53.49,2740,880,3620
120.132.53.57,1445218,28210,1473428
120.132.53.58,1158027,34320,1192347
120.132.53.59,1634474,11943,1646417
120.132.53.60,1226481,24546,1251027
120.132.53.61,2184555,61435,2245990
120.132.53.62,635347,36130,671477
120.132.53.64,814452,34682,849134
120.132.53.65,3304456,32143,3336599
120.132.53.66,1609815,1051,1610866
120.132.54.146,1704173,2692495,4396668
120.132.54.95,166262,2551,168813
120.132.58.29,52891,92745,145636
120.132.58.30,85492,133253,218745
120.132.59.207,6047,2468,8515
120.132.61.48,114,18,132
120.132.64.167,6329982,3907217,10237199
120.132.64.168,4637135,2670266,7307401
120.132.65.253,182850,5794,188644
120.132.66.8,19541,10238,29779
120.132.68.140,157254,67322,224576
120.132.68.252,3045,1495,4540
120.132.72.74,508,1150,1658
120.132.77.142,0,0,0
120.132.77.236,6060,1936,7996
120.132.87.73,185898,11191,197089
120.134.33.14,5941,2930,8871
120.134.33.15,3656,2002,5658
120.134.33.34,16053,30164,46217
120.134.33.83,357140,63340,420480
120.136.160.19,348431,157368,505799
120.142.194.44,53032,108230,161262
120.15.232.28,68,115,183
120.192.100.12,2560,225,2785
120.192.170.202,6856,450,7306
120.192.27.160,15180,452,15632
120.192.80.244,1034453,128308,1162761
120.193.10.110,105,4796,4901
120.193.146.98,20815,747,21562
120.194.136.60,41,143,184
120.194.152.41,17940,470,18410
120.194.154.89,85,98,183
120.194.57.203,548,716,1264
120.196.169.200,19320,450,19770
120.196.210.106,124,187,311
120.196.210.118,6417,2299,8716
120.196.210.119,8827,3733,12560
120.196.210.87,25,21,46
120.196.212.154,0,0,0
120.196.212.79,8600,7375,15975
120.196.212.92,2994,2783,5777
120.196.212.99,265708,232191,497899
120.197.233.126,6295,11263,17558
120.197.233.131,97,116,213
120.197.233.144,2641,822,3463
120.197.235.46,214103,16864,230967
120.197.235.81,788,1164,1952
120.197.248.229,2023,3897,5920
120.197.249.55,15180,454,15634
120.197.94.72,1406,582,1988
120.198.189.105,0,0,0
120.198.189.122,7247,2902,10149
120.198.189.23,81,81,162
120.198.191.76,251648,251648,503296
120.198.199.177,25,21,46
120.198.201.165,21,3070,3091
120.198.203.153,0,2636,2636
120.198.203.157,40576,17018,57594
120.198.203.172,0,550,550
120.198.203.173,23661,3493,27154
120.198.233.30,0,10648,10648
120.198.244.37,0,1238,1238
120.203.214.212,6505,10789,17294
120.203.214.223,6259,4246,10505
120.203.216.139,756,456,1212
120.203.230.201,451326,5442,456768
120.204.201.210,143,349,492
120.209.136.185,871535,2842,874377
120.216.156.129,376,115,491
120.216.43.254,0,68,68
120.216.8.74,9741,137,9878
120.217.201.235,0,68,68
120.217.235.14,0,68,68
120.218.12.132,0,0,0
120.218.15.51,0,68,68
120.218.169.0,98468,188,98656
120.218.90.155,0,0,0
120.219.241.54,0,68,68
120.219.85.90,0,68,68
120.24.103.149,30044,800,30844
120.24.166.210,1609,2441,4050
120.24.171.151,8973,4296,13269
120.24.216.38,1133714,23833,1157547
120.24.222.18,0,0,0
120.24.58.187,189589,7000,196589
120.24.66.124,225779,20311,246090
120.24.71.23,406953,15353,422306
120.24.73.64,27600,460,28060
120.24.76.150,82080,7457,89537
120.24.82.108,263307,57711,321018
120.24.90.114,128076,3748,131824
120.25.112.13,406580,5875,412455
120.25.135.43,172,332,504
120.25.202.234,4860,5139,9999
120.25.208.195,16560,452,17012
120.25.213.99,95021,255,95276
120.25.239.198,102,549,651
120.26.0.190,2022,1961,3983
120.26.0.218,9312,5109,14421
120.26.1.52,0,0,0
120.26.1.68,137226,1100,138326
120.26.100.42,264,344,608
120.26.114.207,4545,681,5226
120.26.150.157,560078,441301,1001379
120.26.150.166,35357,16660,52017
120.26.150.193,49641,14549,64190
120.26.151.153,982929,742411,1725340
120.26.151.220,1329,143,1472
120.26.152.233,1360132,928408,2288540
120.26.154.204,1288,4058,5346
120.26.154.227,64098,71394,135492
120.26.38.16,21635,3342,24977
120.26.38.167,61290,844,62134
120.26.40.152,4764517,424737,5189254
120.26.40.201,0,459,459
120.26.70.220,726,403,1129
120.26.80.52,446780,32163,478943
120.27.29.62,164335,9376,173711
120.27.30.184,857605,20220,877825
120.27.33.148,855446,16283,871729
120.27.35.36,453798,9574,463372
120.27.38.53,5320,348,5668
120.27.41.157,32406,1210,33616
120.27.42.35,24840,452,25292
120.27.45.205,24323,3690,28013
120.27.45.98,95773,20912,116685
120.27.55.76,432,358,790
120.28.86.159,16100,16000,32100
120.31.128.21,7565,1918,9483
120.31.129.145,13147,684,13831
120.31.130.153,0,0,0
120.31.130.156,0,0,0
120.31.130.157,0,0,0
120.31.132.198,19496,1471,20967
120.31.132.76,82955,4356,87311
120.31.134.127,73092,8293,81385
120.31.134.129,630035,112667,742702
120.31.134.131,41207,22722,63929
120.32.153.152,1427,511,1938
120.32.192.135,196862,387,197249
120.32.210.217,4048,6165,10213
120.32.211.94,213390,735,214125
120.32.213.161,39945,2333,42278
120.32.253.71,475,313,788
120.32.44.204,645,3043,3688
120.33.100.165,9537,53,9590
120.33.126.45,203,401,604
120.33.174.60,206,402,608
120.33.25.61,2297,75279,77576
120.33.50.105,0,0,0
120.33.50.138,0,0,0
120.33.50.151,6612,2128,8740
120.34.121.57,37298,149,37447
120.34.243.95,238,154,392
120.34.251.175,3460,2418,5878
120.34.54.171,82453,1141,83594
120.34.59.230,9537,53,9590
120.34.60.167,1610,225,1835
120.35.0.3,9537,53,9590
120.35.116.216,389753,33610,423363
120.35.188.99,16489,109,16598
120.35.204.111,115,115,230
120.35.4.28,1728,480,2208
120.35.62.134,93,93,186
120.36.250.120,0,68,68
120.36.67.27,716,1308,2024
120.37.107.39,7060,100,7160
120.37.243.206,155983,10459,166442
120.38.247.214,9537,53,9590
120.39.106.227,50358,3275,53633
120.39.211.39,512,930,1442
120.39.216.83,14149,8925,23074
120.39.229.131,420,281,701
120.39.243.171,6100,4663,10763
120.39.245.143,318,302,620
120.39.245.147,0,0,0
120.39.245.203,2981030,25241,3006271
120.39.245.204,104303,606,104909
120.39.245.36,8427,15145,23572
120.39.3.105,41,143,184
120.39.70.249,49693,73,49766
120.39.87.242,235,158,393
120.4.153.213,41,151,192
120.40.146.139,200,82100,82300
120.40.195.118,240,155,395
120.40.4.122,907,553,1460
120.40.88.49,715,464,1179
120.41.0.72,1124,130,1254
120.41.123.241,715,462,1177
120.41.23.124,454,279,733
120.41.48.19,11710,11179,22889
120.41.73.14,408,746,1154
120.42.152.45,0,190,190
120.42.178.20,474,309,783
120.42.216.59,4923,836151,841074
120.42.48.183,238,153,391
120.42.90.188,452,276,728
120.43.225.184,104,202,306
120.43.29.97,0,68,68
120.43.66.208,16560,452,17012
120.5.90.14,0,204,204
120.52.23.199,321991,35198,357189
120.52.32.50,103843,20121,123964
120.52.32.53,9154828,145347,9300175
120.55.99.203,247906,21777,269683
120.68.127.132,237,158,395
120.68.176.133,15092,2889889,2904981
120.68.193.200,118635,1368,120003
120.68.204.97,358,246041,246399
120.68.225.173,102,200,302
120.68.23.17,1465,102,1567
120.68.236.78,1732,454,2186
120.68.236.83,55200,1130,56330
120.69.100.217,9537,53,9590
120.69.175.159,2838,192070,194908
120.69.175.165,5272,970195,975467
120.69.180.14,0,52,52
120.69.196.72,9537,49,9586
120.69.206.25,8542,964,9506
120.70.113.171,9537,53,9590
120.70.3.4,425,246,671
120.70.76.51,41,151,192
120.70.90.206,9541,53,9594
120.71.117.42,5913,3959,9872
120.71.215.166,849,26880,27729
120.71.231.31,22143,132,22275
120.71.231.59,19074,105,19179
120.71.241.76,8280,49,8329
120.71.79.255,292,215,507
120.71.84.128,107,16487,16594
120.8.104.93,12514,247,12761
120.8.153.75,82,302,384
120.8.241.197,41,143,184
120.82.153.212,41,151,192
120.87.143.224,4444,302,4746
120.87.157.170,1111,1494,2605
120.9.95.191,1504,922,2426
120.92.246.179,23528,444,23972
120.92.253.73,0,1191,1191
121.10.117.71,64152,1578,65730
121.10.120.109,9198,4384,13582
121.10.120.122,738,1292,2030
121.10.120.148,346,116,462
121.10.120.198,148935,31793,180728
121.10.120.36,354,8171,8525
121.10.120.38,80328,84169,164497
121.10.120.39,544,40756,41300
121.10.120.40,870,594,1464
121.10.120.46,1164,945,2109
121.10.120.62,1317,10290,11607
121.10.120.66,10458,165700,176158
121.10.139.62,11040,450,11490
121.10.140.100,106006,26410,132416
121.10.140.114,45623,5867,51490
121.10.140.39,139880,11119,150999
121.10.140.49,13842,468,14310
121.10.140.74,33572,5562,39134
121.10.140.76,31902,11282,43184
121.10.141.143,153639,16359,169998
121.10.141.146,41906,7058,48964
121.10.141.184,6087,728,6815
121.10.141.255,20080,1358,21438
121.10.141.48,198123,3894,202017
121.10.141.60,8127,3893,12020
121.10.141.92,62910,7449,70359
121.10.143.126,158876,1568,160444
121.10.143.155,17117,3650,20767
121.10.143.18,90179,8016,98195
121.10.143.188,238634,14510,253144
121.10.143.19,780,335,1115
121.10.143.20,1358277,47608,1405885
121.10.143.22,11505,3316,14821
121.10.143.48,1468,397,1865
121.10.143.52,555791,91957,647748
121.10.143.71,3237097,71365,3308462
121.10.143.97,439063,383642,822705
121.10.172.92,41798,3481,45279
121.10.173.237,7259,1866,9125
121.10.173.239,35827,6188,42015
121.10.173.24,1229857,59964,1289821
121.10.173.240,105489,1401,106890
121.10.173.254,12065,3190,15255
121.10.173.34,232801,137081,369882
121.10.173.44,21850,448,22298
121.10.241.100,7838,378,8216
121.10.241.75,1107480,4144,1111624
121.10.241.78,5540,1624,7164
121.10.241.81,899078,3805,902883
121.10.241.84,189341,9354,198695
121.10.241.86,1862,7526,9388
121.10.241.94,66240,1535,67775
121.10.245.206,1257,1742,2999
121.10.245.218,487,442,929
121.10.247.186,20796,6553,27349
121.10.247.194,31818,8852,40670
121.10.26.106,16290,5384,21674
121.10.26.16,0,0,0
121.10.26.76,43364,155,43519
121.10.26.77,1014,881,1895
121.10.26.78,9978,361,10339
121.10.26.85,2709,2444,5153
121.10.26.86,269730,16967,286697
121.10.78.104,32421,5412,37833
121.10.86.103,1443,3340,4783
121.10.88.41,720,1300,2020
121.101.217.103,13274,26098,39372
121.11.12.52,2216,98,2314
121.11.138.120,512,1004,1516
121.11.144.165,344885,8303,353188
121.11.156.82,16560,462,17022
121.11.254.30,57260,8174,65434
121.11.66.148,2051085,154038,2205123
121.11.66.154,3299640,160767,3460407
121.11.66.155,3070573,110772,3181345
121.11.66.156,48470,12352,60822
121.11.67.100,1956,4623,6579
121.11.69.186,11421,1129,12550
121.11.76.131,191839,2427,194266
121.11.76.132,453081,3325,456406
121.11.76.95,17940,450,18390
121.11.76.99,7744,450,8194
121.11.79.154,10584,7616,18200
121.12.117.71,45148,8181,53329
121.12.118.26,0,0,0
121.12.118.8,4930,655,5585
121.12.120.79,127994,363699,491693
121.12.120.81,677736,315794,993530
121.12.120.84,5336,4334,9670
121.12.120.87,74269,139775,214044
121.12.121.237,273,621,894
121.12.125.222,12508,448,12956
121.12.150.141,31740,672,32412
121.12.170.184,640669,13572,654241
121.12.173.33,1468,263,1731
121.12.184.62,19085,106,19191
121.12.234.103,3021,561861,564882
121.12.243.120,56176,153,56329
121.127.238.217,2908,2283,5191
121.127.250.82,6199,822,7021
121.127.254.29,1398,374,1772
121.13.174.83,16561,36,16597
121.131.137.211,19517,51678,71195
121.14.1.194,15534336,18199,15552535
121.14.1.195,16810468,82841,16893309
121.14.1.235,3376,452,3828
121.14.1.25,1820,5288,7108
121.14.117.207,177782,4098,181880
121.14.123.16,0,0,0
121.14.125.26,4046293,804789,4851082
121.14.125.36,34309,38080,72389
121.14.125.57,16719,3622,20341
121.14.127.103,84527,7550,92077
121.14.127.106,307,504,811
121.14.127.107,22466,3316,25782
121.14.127.120,10484,469,10953
121.14.127.131,94566,5969,100535
121.14.129.246,66317,12406,78723
121.14.133.161,48641,60641,109282
121.14.133.162,13534,21478,35012
121.14.133.163,335,472,807
121.14.133.192,0,0,0
121.14.133.193,6619,24228,30847
121.14.137.116,1240,1246,2486
121.14.137.121,105,3597,3702
121.14.159.200,0,385,385
121.14.161.131,151,814,965
121.14.194.156,23460,454,23914
121.14.195.76,48580,818,49398
121.14.199.220,41127,1216,42343
121.14.199.71,10240,675,10915
121.14.211.222,136284,2250,138534
121.14.220.13,956182,62159,1018341
121.14.220.57,1435,266,1701
121.14.24.246,960,698,1658
121.14.241.71,102982,68025,171007
121.14.241.73,38162,28191,66353
121.14.241.80,106811,7572,114383
121.14.241.81,115185,9008,124193
121.14.241.87,6500,19287,25787
121.14.241.88,5067,16627,21694
121.14.241.92,33449,30658,64107
121.14.247.126,2266318,412117,2678435
121.14.247.129,851593070,22322906,873915976
121.14.25.170,5541,10862,16403
121.14.32.216,758690,88043,846733
121.14.32.223,26781,27642,54423
121.14.32.224,19246,18641,37887
121.14.32.245,78440,28096,106536
121.14.32.247,17570,7457,25027
121.14.33.3,398777,118284,517061
121.14.36.74,174183,10705,184888
121.14.36.75,36220,1540,37760
121.14.36.77,78807,1530,80337
121.14.36.80,2972,3723,6695
121.14.39.18,22588,7434,30022
121.14.39.24,44464,719517,763981
121.14.39.32,3792,3007,6799
121.14.39.42,16788,84280,101068
121.14.43.237,71823,1656,73479
121.14.46.126,44227,90499,134726
121.14.46.172,23460,448,23908
121.14.46.211,176930,156734,333664
121.14.47.181,1343478,23142,1366620
121.14.5.111,862778,463887,1326665
121.14.53.134,5244,3226,8470
121.14.53.142,7850,4496,12346
121.14.53.153,6290,4484,10774
121.14.53.190,682131,18470,700601
121.14.59.225,14921,401,15322
121.14.59.80,19320,454,19774
121.14.65.218,1024,460,1484
121.14.68.219,1166,7371,8537
121.14.74.162,0,672,672
121.14.74.197,2064,3240,5304
121.14.78.46,174,648,822
121.14.79.100,4128,1704,5832
121.14.79.116,4644,1917,6561
121.14.79.117,4128,1704,5832
121.14.80.100,4472,1846,6318
121.14.80.147,4128,1704,5832
121.14.80.172,4644,1917,6561
121.14.80.175,4644,1917,6561
121.14.80.177,4816,1988,6804
121.14.80.40,4472,1846,6318
121.14.82.140,196,134,330
121.14.82.149,1312,2860,4172
121.14.82.164,2296,6028,8324
121.14.82.22,2706578,54026,2760604
121.14.82.30,2964,17784,20748
121.14.82.31,1482,8892,10374
121.14.82.32,3192,19152,22344
121.143.87.252,737,651,1388
121.145.122.151,105,767,872
121.145.123.47,6647,11936,18583
121.15.114.158,45358,16580,61938
121.15.125.202,307,603,910
121.15.167.144,16560,466,17026
121.15.173.112,45129,22952,68081
121.15.210.10,1789,447,2236
121.15.210.14,24473,2687,27160
121.15.220.158,206442,6846,213288
121.15.253.37,152676,12619,165295
121.15.253.38,557091,41002,598093
121.15.253.42,14224,69841,84065
121.15.253.53,1936074,65724,2001798
121.15.253.54,278693,21646,300339
121.15.48.196,16482,165,16647
121.15.9.234,43411,20794,64205
121.152.88.182,9893,201866,211759
121.158.188.89,92107,31852,123959
121.167.46.213,981,393,1374
121.17.30.26,19320,462,19782
121.17.47.10,31740,916,32656
121.18.139.207,2700713,14438,2715151
121.18.211.56,213,460,673
121.18.211.85,485628,5055,490683
121.18.231.94,18564,914,19478
121.18.231.97,979,843,1822
121.18.239.145,422784,386,423170
121.18.239.245,448097,598,448695
121.19.220.38,258,956,1214
121.191.186.145,15188,22313,37501
121.193.130.45,16630,454,17084
121.193.130.66,42780,922,43702
121.194.12.100,28114,16618,44732
121.194.12.116,77673,3193,80866
121.194.12.117,8280,234,8514
121.194.12.128,42001,16702,58703
121.194.160.6,417821,493064,910885
121.194.7.245,2218,741,2959
121.195.178.62,2802,4014,6816
121.195.187.110,765,1808,2573
121.195.187.111,153,411,564
121.195.187.112,306,472,778
121.195.187.113,460,1149,1609
121.195.187.114,459,940,1399
121.195.187.13,306,738,1044
121.195.187.14,1075,2797,3872
121.195.187.15,459,843,1302
121.195.187.16,306,654,960
121.195.187.17,461,780,1241
121.196.128.159,396,177,573
121.196.36.53,55200,1130,56330
121.196.37.122,19320,452,19772
121.196.37.135,60720,1145,61865
121.196.37.37,38194,942,39136
121.196.39.59,39678,828,40506
121.196.40.174,56580,1130,57710
121.196.40.19,42780,1125,43905
121.196.40.74,16560,468,17028
121.196.41.25,29025,1110,30135
121.197.0.200,7331,1847,9178
121.197.1.198,9954,464,10418
121.197.10.174,19224,1308,20532
121.197.13.223,16080,444,16524
121.197.14.107,2646,370,3016
121.197.14.242,24872,462,25334
121.197.2.66,1860,1128,2988
121.197.3.136,659550,8507,668057
121.197.60.131,48300,900,49200
121.197.63.41,32360,1160,33520
121.197.9.122,17152,450,17602
121.198.10.89,16560,446,17006
121.198.137.141,15310,458,15768
121.198.142.218,286338,192898,479236
121.198.151.171,49680,1350,51030
121.198.152.175,765731,24570,790301
121.198.156.140,27600,773,28373
121.198.156.86,54089,853,54942
121.198.163.204,23460,460,23920
121.198.171.216,29522,458,29980
121.198.38.36,5307,274,5581
121.198.5.147,49401,4800,54201
121.198.86.154,95766,1125,96891
121.199.0.175,19028,4071,23099
121.199.0.212,23460,454,23914
121.199.10.238,32532,1766,34298
121.199.10.67,1260065,55547,1315612
121.199.11.145,9901,1378,11279
121.199.12.127,5974,3196,9170
121.199.12.31,205983,6316,212299
121.199.14.254,11040,458,11498
121.199.15.239,86023,836,86859
121.199.16.225,26933,702,27635
121.199.19.12,30627,418,31045
121.199.19.20,41816,1125,42941
121.199.2.194,52011,6967,58978
121.199.20.37,2453,4023,6476
121.199.20.65,2271,774,3045
121.199.22.135,33120,920,34040
121.199.24.148,303368,41159,344527
121.199.24.56,1464,1549,3013
121.199.25.48,147060,5114,152174
121.199.251.132,0,0,0
121.199.251.137,1499865,1229803,2729668
121.199.251.249,784868,787828,1572696
121.199.26.133,11040,450,11490
121.199.26.188,0,0,0
121.199.26.70,13880,2740,16620
121.199.27.28,322400,9949,332349
121.199.27.64,27600,468,28068
121.199.28.29,8959,3702,12661
121.199.30.155,311589,2290,313879
121.199.32.226,24840,454,25294
121.199.33.166,17940,454,18394
121.199.33.54,1514,853,2367
121.199.34.7,23460,450,23910
121.199.35.107,95120,372,95492
121.199.35.209,41186,888,42074
121.199.35.61,1319027,51320,1370347
121.199.37.131,9875,182,10057
121.199.41.151,109347,1791,111138
121.199.41.234,67620,1130,68750
121.199.45.246,13163,301,13464
121.199.46.184,7939,1201,9140
121.199.48.56,299478,2475,301953
121.199.48.83,522,262,784
121.199.49.187,28848,82727,111575
121.199.5.45,42889,747,43636
121.199.51.226,16560,448,17008
121.199.53.120,1300,344,1644
121.199.55.128,15187,2233,17420
121.199.56.233,355188,11446,366634
121.199.59.154,451830,5331,457161
121.199.63.195,4024,1941,5965
121.199.64.166,71195,45652,116847
121.199.66.133,41400,684,42084
121.199.7.79,209808,6890,216698
121.199.7.84,23256,791,24047
121.199.8.226,17940,450,18390
121.199.9.169,26220,452,26672
121.199.9.189,3928,1530,5458
121.20.10.242,41,151,192
121.20.19.117,41,143,184
121.20.227.31,41,151,192
121.201.0.79,1506056,83356,1589412
121.201.0.80,1679457,288709,1968166
121.201.104.196,81323,5786,87109
121.201.105.139,95852,18094,113946
121.201.105.144,41538,147346,188884
121.201.12.102,688,1024,1712
121.201.13.107,1923,2555,4478
121.201.14.155,2514,2802,5316
121.201.14.229,19992,14162,34154
121.201.14.42,2428,3047,5475
121.201.14.69,2543534,139413,2682947
121.201.15.243,2070,2494,4564
121.201.16.191,922,654,1576
121.201.17.138,8990039,625419,9615458
121.201.19.205,325250,7244,332494
121.201.3.197,0,5357,5357
121.201.36.9,198451,13826,212277
121.201.48.16,218272,53385,271657
121.201.48.17,62975,17232,80207
121.201.5.14,6529,269,6798
121.201.5.74,186118,23262,209380
121.201.52.229,676492,56249,732741
121.201.8.128,1239,1622,2861
121.201.8.134,52262,25060,77322
121.201.8.35,16419,1500,17919
121.201.9.96,1380,1268,2648
121.204.179.125,1528,1350889,1352417
121.204.207.225,204,601,805
121.204.28.141,306,802,1108
121.205.163.202,9915,2122,12037
121.205.163.245,287491,772,288263
121.205.163.254,1402,1375,2777
121.205.230.110,16558,33,16591
121.205.247.5,119456,285,119741
121.205.75.148,467,303,770
121.205.88.253,16560,460,17020
121.206.176.194,204,400,604
121.206.33.255,241,153,394
121.207.130.62,548,1746,2294
121.207.15.117,41,143,184
121.207.164.247,202,124,326
121.207.169.108,415,930,1345
121.207.226.140,19320,681,20001
121.207.226.208,26220,681,26901
121.207.228.123,89273,11542,100815
121.207.230.205,24840,678,25518
121.207.232.146,8280,226,8506
121.207.232.17,13212,678,13890
121.207.232.179,8280,226,8506
121.207.246.74,132730,569,133299
121.207.252.138,13800,977,14777
121.207.252.188,9911,31109,41020
121.207.252.189,8384,26857,35241
121.207.252.240,13036,12158,25194
121.207.254.137,385,182,567
121.207.254.46,9052,1277,10329
121.207.254.80,47398,6674,54072
121.207.64.114,104,200,304
121.21.108.235,82,302,384
121.21.63.162,308,5412,5720
121.22.6.7,19320,452,19772
121.222.148.134,397,1533,1930
121.224.103.170,5727,19689,25416
121.224.121.3,757,1446,2203
121.224.151.13,3058,5430,8488
121.224.20.225,9537,53,9590
121.224.248.252,0,68,68
121.224.97.212,0,190,190
121.225.182.170,17036,223,17259
121.225.234.44,41,143,184
121.225.243.192,474,307,781
121.225.249.12,250135,9288,259423
121.225.252.128,0,68,68
121.225.254.106,102,200,302
121.225.83.122,103,199,302
121.226.229.202,2167,1332,3499
121.226.43.42,9545,53,9598
121.226.52.222,960,124300,125260
121.226.68.91,238,158,396
121.227.107.174,12297,102,12399
121.227.149.220,0,0,0
121.227.226.75,49286,137,49423
121.227.246.22,0,68,68
121.227.29.72,9537,53,9590
121.227.45.253,9537,49,9586
121.228.113.3,407,804,1211
121.228.209.52,237,158,395
121.228.215.232,115399,1904,117303
121.228.222.190,9537,49,9586
121.228.225.86,5745462,142014,5887476
121.228.64.220,3095,2013,5108
121.228.76.55,204,400,604
121.229.103.12,236,747,983
121.229.11.230,947,415,1362
121.229.18.130,513,999,1512
121.229.188.218,1019932,1975,1021907
121.229.188.42,1771941,28414,1800355
121.229.190.52,104,199,303
121.229.198.237,239,157,396
121.229.203.43,214598,873,215471
121.229.215.198,131,546,677
121.229.54.8,41,143,184
121.229.66.89,9537,53,9590
121.23.230.27,9881,1078,10959
121.23.235.254,41,151,192
121.230.149.108,1447,2325,3772
121.230.209.194,236,153,389
121.230.224.192,307,599,906
121.230.232.234,9537,53,9590
121.230.246.245,8366,120,8486
121.230.54.191,903,557,1460
121.231.116.133,19074,105,19179
121.231.119.140,0,202,202
121.231.20.138,23462,107,23569
121.231.33.136,9537,53,9590
121.231.50.79,627,131339,131966
121.231.77.25,2226,115,2341
121.231.9.44,91,91,182
121.232.15.63,205,371,576
121.232.188.29,9537,53,9590
121.232.205.93,2760,53,2813
121.232.229.165,2153,826,2979
121.232.242.48,9537,53,9590
121.232.254.206,206,373,579
121.233.105.13,41,151,192
121.233.11.9,0,179,179
121.233.170.75,11124,96,11220
121.233.173.20,9537,53,9590
121.233.175.36,475,312,787
121.233.176.10,694,434,1128
121.233.18.59,9537,53,9590
121.233.199.32,201,123,324
121.233.212.38,10091,11009621,11019712
121.233.220.187,2374,1604,3978
121.233.86.112,0,604,604
121.234.103.104,2724,1663,4387
121.234.17.164,204,398,602
121.234.253.90,11040,106,11146
121.234.58.101,248,181,429
121.234.98.204,86,120,206
121.235.206.195,306798,2738,309536
121.235.213.197,308,602,910
121.235.218.12,102,594,696
121.235.233.105,9537,53,9590
121.236.11.50,484,312,796
121.236.167.122,716,1303,2019
121.236.176.151,308,599,907
121.236.197.4,8426438,132236,8558674
121.236.252.183,9537,53,9590
121.236.36.95,205,374,579
121.236.83.88,104,200,304
121.236.97.211,1309,1018,2327
121.237.104.217,113235,2685,115920
121.237.140.133,4995,2838540,2843535
121.237.175.167,943,3379,4322
121.237.224.117,719,1394,2113
121.237.231.106,479,311,790
121.237.25.31,920,1370,2290
121.237.62.15,527,1054,1581
121.237.83.43,161002,722079,883081
121.238.105.122,216,123,339
121.238.119.164,213,125,338
121.238.12.99,9541,53,9594
121.238.143.39,2816,1696,4512
121.238.170.171,0,190,190
121.238.172.87,213,125,338
121.238.227.186,16955,169,17124
121.238.32.120,2646,89253538,89256184
121.239.116.205,101,200,301
121.239.121.244,0,53,53
121.239.165.20,561,430,991
121.239.18.239,1142,934,2076
121.239.182.183,8438,41,8479
121.239.191.80,204,123,327
121.239.253.69,103,201,304
121.239.39.66,482,880733,881215
121.239.64.219,41,143,184
121.239.75.106,9537,52,9589
121.239.83.143,501,338,839
121.248.63.96,444,259,703
121.25.111.159,41,151,192
121.25.126.2,41,143,184
121.254.166.85,46166,6374,52540
121.254.246.16,19320,454,19774
121.26.200.155,24840,678,25518
121.28.10.121,16560,452,17012
121.28.150.56,16560,498,17058
121.28.179.16,6900,229,7129
121.28.37.103,12420,452,12872
121.30.152.32,291,474,765
121.30.196.40,39002,6844,45846
121.31.19.76,13179,1155,14334
121.31.25.113,519,68,587
121.31.25.212,0,136,136
121.31.255.136,47565,8081,55646
121.31.55.218,41,151,192
121.32.26.104,3369,264,3633
121.32.59.62,206,172,378
121.32.98.108,134932,46168,181100
121.33.119.92,103,185,288
121.33.121.95,1486,4427,5913
121.33.172.99,104,201,305
121.33.193.123,15139,23556,38695
121.33.200.103,32420,687,33107
121.33.234.185,2851,557,3408
121.33.238.117,26784,672,27456
121.34.102.105,41,143,184
121.34.116.13,1413,925,2338
121.34.124.75,513,1117,1630
121.34.179.210,307,599,906
121.34.18.164,156,23,179
121.34.248.217,730,454,1184
121.34.253.145,32212,2966,35178
121.34.253.170,930272,59954,990226
121.35.149.2,4352,418335,422687
121.35.18.119,614,1202,1816
121.35.213.85,139,139,278
121.35.219.14,12958,907278,920236
121.35.225.24,252,547446,547698
121.35.24.78,407,795,1202
121.35.35.182,9537,53,9590
121.35.56.174,306,602,908
121.35.68.246,104,199,303
121.35.87.45,83034,217,83251
121.40.101.74,3197,420,3617
121.40.106.220,77824,856,78680
121.40.109.57,637744,17360,655104
121.40.113.131,24840,446,25286
121.40.113.35,10512,372,10884
121.40.121.218,340,1601,1941
121.40.125.191,61057,413,61470
121.40.125.28,21918,1818,23736
121.40.130.6,69720,1130,70850
121.40.130.85,63011,2890,65901
121.40.132.195,31909,431,32340
121.40.136.217,11572,1086,12658
121.40.137.39,38605,2350,40955
121.40.139.216,8894,892,9786
121.40.140.58,105973,16852,122825
121.40.142.130,306644,2720,309364
121.40.148.21,196002194,41245244,237247438
121.40.149.124,1380,1709,3089
121.40.149.253,7904,9634,17538
121.40.150.108,7044,1239,8283
121.40.151.98,251951,28100,280051
121.40.152.202,0,10584,10584
121.40.152.78,4156,2470,6626
121.40.154.76,1393,265,1658
121.40.156.48,581666,19684,601350
121.40.158.130,4080,1245,5325
121.40.158.175,2423,1548,3971
121.40.159.67,132459,7284,139743
121.40.168.187,178409,18186,196595
121.40.173.110,642,829,1471
121.40.174.242,164360,29512,193872
121.40.175.2,262480,16190,278670
121.40.176.101,139919,3834,143753
121.40.179.104,8815,3412,12227
121.40.180.195,12275,2803,15078
121.40.188.82,39,180,219
121.40.189.159,84414,9048,93462
121.40.189.2,276839,15443,292282
121.40.189.46,11012,3625,14637
121.40.19.1,93842,2182,96024
121.40.190.177,16560,448,17008
121.40.190.193,100401,89509,189910
121.40.194.140,41011,3980,44991
121.40.196.32,149,364,513
121.40.204.134,12376,448,12824
121.40.207.125,1581000,125312,1706312
121.40.207.229,18393,3809,22202
121.40.209.227,22080,458,22538
121.40.210.227,368,528,896
121.40.211.86,0,0,0
121.40.212.144,10687,1211,11898
121.40.212.241,73535,2048,75583
121.40.216.121,5293,1988,7281
121.40.218.109,3933,1323,5256
121.40.222.190,176682,7097,183779
121.40.236.32,6373,5606,11979
121.40.3.41,339684,4611,344295
121.40.3.70,2625,3547,6172
121.40.30.212,16560,450,17010
121.40.32.110,0,29950,29950
121.40.34.62,1500,792,2292
121.40.53.212,2118,2398,4516
121.40.54.211,10089,941,11030
121.40.54.229,6076,3756,9832
121.40.59.142,1639315,5682,1644997
121.40.61.61,19413,944,20357
121.40.70.35,23460,448,23908
121.40.71.14,85062,8612,93674
121.40.73.56,256924297,35404202,292328499
121.40.74.175,402,173,575
121.40.74.176,164622,10280,174902
121.40.74.205,1487139,45276,1532415
121.40.75.214,75825,6341,82166
121.40.75.89,71740,2480,74220
121.40.76.112,109020,1828,110848
121.40.77.168,52440,866,53306
121.40.81.12,44920,849,45769
121.40.82.105,69256,4006,73262
121.40.82.12,46671,968,47639
121.40.85.193,485008,26729,511737
121.40.87.156,1802914,35447,1838361
121.40.89.185,27600,458,28058
121.40.89.74,116191,4388,120579
121.40.98.107,205888,24982,230870
121.40.98.161,69536,1359,70895
121.41.101.75,24937,3420,28357
121.41.103.185,718,1066,1784
121.41.107.133,38054922,15620220,53675142
121.41.113.63,511510,38100,549610
121.41.114.34,34644,1851,36495
121.41.116.17,9912,4796,14708
121.41.118.171,9642,2132,11774
121.41.121.179,7227,330,7557
121.41.121.42,381,434,815
121.41.123.158,38067,672,38739
121.41.128.162,2036,1734,3770
121.41.160.209,2133415,9037,2142452
121.41.23.177,106,16486,16592
121.41.24.129,52210,1368,53578
121.41.26.125,1380,53,1433
121.41.26.213,18328,44770,63098
121.41.26.37,1239194,64819,1304013
121.41.28.27,10996,454,11450
121.41.29.129,23460,450,23910
121.41.30.33,2353857,290488,2644345
121.41.32.144,33631,8528,42159
121.41.33.225,174051,1816,175867
121.41.38.229,169557,7363,176920
121.41.49.210,1129568,53966,1183534
121.41.51.158,279759,33822,313581
121.41.54.176,1020,23467,24487
121.41.58.199,1966,1190,3156
121.41.59.148,27600,452,28052
121.41.73.196,1424,2017,3441
121.41.73.254,3222,14149,17371
121.41.74.165,426014,6066,432080
121.41.79.26,23457,1101,24558
121.41.88.89,279993,15799,295792
121.41.90.175,206060,3552,209612
121.41.96.147,41400,678,42078
121.42.101.93,11040,460,11500
121.42.102.75,16560,464,17024
121.42.109.184,281347,324260,605607
121.42.13.135,79074,734,79808
121.42.133.175,44048,1512,45560
121.42.134.157,16560,494,17054
121.42.14.72,9698,454,10152
121.42.144.189,19426,456,19882
121.42.157.112,3882,2792,6674
121.42.168.201,46786,9634,56420
121.42.199.151,861758,17101,878859
121.42.199.175,1798843,36339,1835182
121.42.21.150,35987,446,36433
121.42.21.191,1001606,16134,1017740
121.42.27.179,15403,1024,16427
121.42.36.176,1702966,57351,1760317
121.42.36.187,270094,37364,307458
121.42.36.193,1989989,66496,2056485
121.42.36.201,181695,14049,195744
121.42.44.197,439545,9227,448772
121.42.6.172,16560,464,17024
121.42.65.221,2136098,22655,2158753
121.42.66.29,16560,476,17036
121.42.66.75,24840,675,25515
121.42.67.7,1314550,9263,1323813
121.42.68.57,274818,10455,285273
121.42.7.219,17338,940,18278
121.42.7.246,1582,458,2040
121.42.74.199,106619,6139,112758
121.42.77.122,39620,4734,44354
121.42.91.26,185293,28128,213421
121.42.94.139,1883467,24985,1908452
121.42.97.222,16560,460,17020
121.43.154.254,120466,4978,125444
121.43.196.104,36734,897,37631
121.43.196.56,540,706,1246
121.43.229.236,75900,1344,77244
121.43.233.12,138695,8699,147394
121.43.66.113,611787,8727,620514
121.43.66.127,44622,54635,99257
121.43.66.39,206906,3466,210372
121.43.67.207,868319,136053,1004372
121.43.67.30,2295,880,3175
121.43.68.113,0,0,0
121.43.69.108,43389,2785,46174
121.43.69.65,0,0,0
121.43.71.199,9138,340,9478
121.43.73.27,3138638,357742,3496380
121.43.74.105,3484903,280293,3765196
121.43.74.205,2600,380,2980
121.43.75.126,50436,17228,67664
121.43.75.254,681624,108447,790071
121.43.76.201,164933,16766,181699
121.43.77.165,8658,7293,15951
121.43.77.96,98924,8093,107017
121.43.78.138,549165,13229,562394
121.43.78.198,0,0,0
121.43.79.108,17548,2461,20009
121.43.79.199,36891,2307,39198
121.43.79.210,528,900,1428
121.48.185.251,129,218,347
121.49.121.55,264,415,679
121.52.211.197,5195,4090,9285
121.52.211.200,13834,71234,85068
121.52.211.205,4604,22741,27345
121.52.211.8,9113,17247,26360
121.52.211.9,13552,21264,34816
121.52.215.215,17940,452,18392
121.52.215.247,69269,1633,70902
121.52.216.204,489,362,851
121.52.220.115,1938,1828,3766
121.52.220.94,130474,365092,495566
121.52.221.103,16560,458,17018
121.52.223.36,4038,1183,5221
121.52.223.56,93147,9498,102645
121.52.223.61,598611,3239,601850
121.52.223.62,489703,44554,534257
121.52.223.64,2189113,52739,2241852
121.52.227.194,6900,229,7129
121.52.231.244,2117,1203,3320
121.52.234.117,1550,1734,3284
121.52.236.10,765,1102,1867
121.52.236.11,2149,6844,8993
121.52.236.12,3188,4389,7577
121.52.236.15,117,151,268
121.52.236.16,902,1161,2063
121.52.236.17,302,475,777
121.52.236.18,503,625,1128
121.52.236.19,133,99,232
121.52.236.20,119,221,340
121.52.236.23,2493,8287,10780
121.52.236.27,37,71,108
121.52.236.28,111,284,395
121.52.236.29,1677,2021,3698
121.52.236.30,814,1543,2357
121.52.236.31,16764,9780,26544
121.52.236.32,563,757,1320
121.52.236.33,2482,3339,5821
121.52.236.34,1602,1206,2808
121.52.240.52,2760,383,3143
121.52.243.139,1064,559,1623
121.52.250.110,1340,1685,3025
121.52.250.111,78385,3160,81545
121.52.255.72,1276,2138,3414
121.52.255.73,704,1293,1997
121.52.255.74,625,1067,1692
121.52.255.75,2174,2829,5003
121.52.255.76,1786,2627,4413
121.52.255.77,37,40,77
121.52.255.78,765,2353,3118
121.52.255.79,53,87,140
121.52.255.81,2565,4227,6792
121.52.255.82,1470,1696,3166
121.52.255.84,844,1590,2434
121.52.255.86,5748,10295,16043
121.52.255.87,2847,3526,6373
121.52.255.88,1102,1646,2748
121.52.255.89,167,242,409
121.52.255.90,671,781,1452
121.52.255.91,2066,3087,5153
121.52.255.92,1800,2523,4323
121.52.255.93,2478,4316,6794
121.54.175.122,6856,464,7320
121.54.175.87,6856,450,7306
121.54.44.95,0,2647,2647
121.54.54.137,0,6145,6145
121.56.10.81,82610,1866,84476
121.56.119.247,19074,105,19179
121.56.21.240,273547,219,273766
121.56.85.60,171,123,294
121.57.162.28,130,13566,13696
121.57.216.94,85,85,170
121.57.235.10,368,548,916
121.57.24.116,716,1300,2016
121.57.249.175,9537,53,9590
121.57.29.214,489,300,789
121.57.43.92,48,64,112
121.57.59.242,205,402,607
121.58.10.195,88,122,210
121.61.161.182,9537,53,9590
121.61.17.142,14061,115,14176
121.61.178.238,16563,38,16601
121.61.247.13,8280,53,8333
121.61.249.143,16564,39,16603
121.61.70.181,32954,37,32991
121.62.203.128,1440,2808,4248
121.62.227.69,713,1401,2114
121.62.240.111,513,1007,1520
121.62.45.90,9537,53,9590
121.62.66.154,9537,53,9590
121.63.207.96,41,151,192
121.63.247.147,34351439,108821,34460260
121.63.66.234,192,266,458
121.66.72.226,1798,2159,3957
121.8.170.235,14595,675,15270
121.8.184.159,27600,678,28278
121.8.45.252,1228,2423,3651
121.8.57.98,192,155,347
121.8.58.237,0,68,68
121.8.91.65,24840,687,25527
121.80.1.81,333912,71475,405387
121.83.223.167,0,215,215
121.85.164.53,404943,122282,527225
121.9.185.155,102,203,305
121.9.201.135,45520,3896,49416
121.9.201.147,337927,8261,346188
121.9.201.148,60594,2155,62749
121.9.207.50,8268727,229736,8498463
121.9.207.51,5122636,208361,5330997
121.9.207.52,5234673,204342,5439015
121.9.207.53,7752227,238948,7991175
121.9.207.54,5132837,205250,5338087
121.9.207.55,9114110,311844,9425954
121.9.209.13,10792,31611,42403
121.9.209.136,124240,95504,219744
121.9.209.137,34477,41648,76125
121.9.209.139,122854,31390,154244
121.9.209.140,511821,133899,645720
121.9.209.141,154521,82397,236918
121.9.209.142,243471,39833,283304
121.9.209.150,4228,11508,15736
121.9.209.16,1424223,7295,1431518
121.9.209.165,22302,31988,54290
121.9.209.167,700,1292,1992
121.9.209.168,616,1160,1776
121.9.209.170,11942,16698,28640
121.9.209.171,672,1376,2048
121.9.209.176,8094,11151,19245
121.9.209.18,924876,824476,1749352
121.9.209.185,6272,9109,15381
121.9.209.186,475,1172,1647
121.9.209.193,141231,239826,381057
121.9.209.195,19706,41513,61219
121.9.209.196,121359,85936,207295
121.9.209.201,382439,260629,643068
121.9.209.202,475806,379915,855721
121.9.209.203,175337,141322,316659
121.9.209.204,164122,29347,193469
121.9.209.9,174267,1032884,1207151
121.9.210.195,30360,675,31035
121.9.212.60,0,1631,1631
121.9.212.84,34501,669,35170
121.9.213.129,1777574,254595,2032169
121.9.213.33,342,589,931
121.9.213.41,1886,1795,3681
121.9.223.166,32931,1299,34230
121.9.235.12,1059,3325,4384
121.9.240.90,4921,4058,8979
121.9.242.31,34076,1376,35452
121.9.243.109,418080,17129,435209
121.9.243.207,58849,652,59501
121.9.243.210,857815,12040,869855
121.9.243.241,22080,454,22534
121.9.244.140,984085,159718,1143803
121.9.244.2,273,867,1140
121.9.244.211,485041,7733,492774
121.9.244.214,0,0,0
121.9.245.240,8922,1314,10236
121.9.245.248,2496,1374,3870
121.99.176.78,902,24256,25158
122.0.64.175,5475,1150,6625
122.0.65.8,16560,454,17014
122.0.66.184,672,900,1572
122.0.66.22,272378,2354,274732
122.0.67.146,289652,45177,334829
122.0.67.90,16457,4230,20687
122.0.71.43,3996431,233754,4230185
122.0.76.204,4445765,11469,4457234
122.0.80.202,13800,450,14250
122.10.10.152,0,714,714
122.10.115.84,17940,450,18390
122.10.117.184,706998,38886,745884
122.10.118.174,2150,3541,5691
122.10.7.115,34500,904,35404
122.10.73.232,26220,675,26895
122.10.84.237,36410,4352,40762
122.10.91.59,8560,1016,9576
122.10.92.142,13278,34485,47763
122.10.97.217,6968,452,7420
122.102.11.19,5182,456,5638
122.102.9.59,59383,665,60048
122.11.32.126,465,1053,1518
122.11.32.58,135,631,766
122.11.32.59,8460,53110,61570
122.11.32.60,4476,13307,17783
122.11.32.62,1080,5075,6155
122.11.32.63,900,3170,4070
122.11.32.76,1543,1034,2577
122.11.33.137,354857,18466,373323
122.11.33.37,4589,7037,11626
122.11.33.74,29473,4293,33766
122.11.33.94,158288,12676,170964
122.11.35.55,19320,452,19772
122.11.36.156,22080,474,22554
122.11.37.154,149473,1163865,1313338
122.11.38.138,367268,459849,827117
122.11.38.141,62242,21189,83431
122.11.38.143,5909,9919,15828
122.11.38.146,4427,3475,7902
122.11.38.149,116954,1658,118612
122.11.38.159,379475,94330,473805
122.11.38.160,279404,34540,313944
122.11.38.216,680607,30741,711348
122.11.38.219,6205,3535,9740
122.11.38.252,95608,22058,117666
122.11.38.37,9,9,18
122.11.38.45,4520,1007,5527
122.11.38.54,65600,15229,80829
122.11.38.56,83116,22567,105683
122.11.38.57,165326,3158,168484
122.11.38.86,5759,3987,9746
122.11.38.89,963856,204268,1168124
122.11.39.107,2772,22343,25115
122.11.39.108,5544,34126,39670
122.11.39.109,1512,10138,11650
122.11.39.112,1008,6710,7718
122.11.39.113,0,0,0
122.11.39.114,1764,11063,12827
122.11.39.115,756,5787,6543
122.11.39.146,31685,1137,32822
122.11.39.39,2549,2506,5055
122.11.39.46,7679,11404,19083
122.11.39.81,44030,10890,54920
122.11.41.34,575268,16556,591824
122.11.45.106,5940,44761,50701
122.11.45.161,772,1457,2229
122.11.45.247,73842,49597,123439
122.11.45.248,57230,44604,101834
122.11.48.202,217711,12422,230133
122.11.49.7,33120,642,33762
122.11.51.16,521080,4662,525742
122.11.52.217,1946,1462,3408
122.11.60.89,45540,1012,46552
122.112.13.16,518,860,1378
122.112.13.58,353950,20232,374182
122.112.13.59,296,558,854
122.112.13.61,17940,454,18394
122.112.13.62,508538,10596,519134
122.112.13.64,35880,678,36558
122.112.13.74,7711,3402,11113
122.112.15.137,1938,260,2198
122.112.16.10,2884,3120,6004
122.112.16.7,14124,2610,16734
122.112.17.49,2448069,69233,2517302
122.112.79.55,278420,10334,288754
122.112.88.184,188193,8221,196414
122.112.93.15,14816,792,15608
122.114.121.16,410,267,677
122.114.122.206,1829,837,2666
122.114.123.192,17940,452,18392
122.114.124.179,168,705,873
122.114.126.90,147232,6433,153665
122.114.18.191,13330,977,14307
122.114.18.202,16218,454,16672
122.114.36.24,115470,2752,118222
122.114.37.190,0,804,804
122.114.37.71,423179,11399,434578
122.114.40.42,652914,31380,684294
122.114.41.78,41636,4477,46113
122.114.52.56,33120,926,34046
122.114.57.133,87235,9348,96583
122.114.60.28,574384,13304,587688
122.114.64.18,35880,973,36853
122.114.68.145,32282,5372,37654
122.114.68.165,55746,2082,57828
122.114.68.181,73543,12326,85869
122.114.68.187,26220,448,26668
122.115.32.56,584,334,918
122.115.32.65,50391,964,51355
122.115.35.174,11664,678,12342
122.115.36.189,16560,448,17008
122.115.41.100,5911,193364,199275
122.115.41.101,4957,56945,61902
122.115.41.13,210343,89229,299572
122.115.59.12,20288,127389,147677
122.115.59.36,20592,23922,44514
122.115.62.150,16560,442,17002
122.116.204.116,128,322,450
122.117.161.153,719,598,1317
122.118.35.169,0,130,130
122.119.120.25,30785,21190,51975
122.119.122.56,432654,46235,478889
122.119.125.30,810407,27986,838393
122.119.74.144,28871,1391,30262
122.121.54.137,0,130,130
122.128.106.171,282250,6734,288984
122.13.129.21,27273,9863,37136
122.13.134.71,2183,6453,8636
122.13.148.108,6930,1944,8874
122.13.148.118,1421,1286,2707
122.13.150.104,19210,4997,24207
122.13.156.165,37437,33703,71140
122.13.158.167,1445,425,1870
122.13.158.168,2120,7098,9218
122.13.158.172,1381,2009,3390
122.13.158.173,0,554,554
122.13.176.38,252,347,599
122.13.212.253,681,114,795
122.13.217.99,56578,49096,105674
122.13.218.66,1311,921,2232
122.13.73.15,640964,946,641910
122.13.76.135,402,463,865
122.13.76.88,284937,13317,298254
122.13.85.16,18574,2400,20974
122.13.85.22,0,0,0
122.13.85.26,0,0,0
122.13.85.31,954,1193,2147
122.136.46.111,554207,153677,707884
122.136.46.116,541151,137846,678997
122.136.46.117,0,859,859
122.136.46.119,553516,151732,705248
122.136.46.120,625020,148145,773165
122.136.46.122,545839,146451,692290
122.136.46.123,519605,144185,663790
122.136.46.92,628642,139725,768367
122.136.46.93,480829,134229,615058
122.136.46.94,597217,157955,755172
122.136.46.95,656058,174934,830992
122.138.212.38,41,151,192
122.138.245.52,41,151,192
122.139.183.34,41,151,192
122.139.221.22,41,151,192
122.139.72.221,68,558,626
122.141.120.245,82,302,384
122.141.230.149,1289,888,2177
122.141.235.159,31823,47408,79231
122.141.235.168,341,1014,1355
122.141.81.71,3907,264,4171
122.142.173.113,41,143,184
122.142.4.130,41,143,184
122.143.1.29,1586518,9770,1596288
122.143.1.43,990217,10021,1000238
122.143.1.63,230,975,1205
122.143.125.248,41,143,184
122.143.13.51,8108667,4646,8113313
122.143.13.53,164976,8240,173216
122.143.5.10,1036,7378,8414
122.143.5.42,0,424,424
122.143.5.83,399,356,755
122.143.6.203,2938,21250,24188
122.143.6.209,3339824,20136,3359960
122.143.6.211,1993292,13536,2006828
122.144.128.22,2623,755,3378
122.144.133.16,282760,213824,496584
122.144.133.167,623700,16430,640130
122.144.133.168,38299,2390,40689
122.144.133.183,95516,1110,96626
122.144.134.71,14336,435,14771
122.144.135.237,2884,265,3149
122.144.139.157,44668,2598,47266
122.144.160.16,11554,454,12008
122.144.172.38,287962,33354,321316
122.144.172.39,40575,8305,48880
122.146.112.193,1129,1119,2248
122.146.222.22,22080,448,22528
122.152.139.18,1680040,364,1680404
122.152.139.7,855486,19149,874635
122.156.89.235,41,151,192
122.157.143.84,41,143,184
122.157.227.51,0,604,604
122.158.7.122,41,143,184
122.189.57.196,12007,1911,13918
122.189.96.53,41,151,192
122.192.111.216,106260,314,106574
122.192.197.248,41,143,184
122.192.30.6,764495,50984,815479
122.192.67.76,336,999,1335
122.193.207.28,1708,362,2070
122.193.207.36,1708,224,1932
122.193.207.39,1708,345,2053
122.193.207.57,12090,1749,13839
122.193.207.58,11658,1802,13460
122.193.93.139,16560,458,17018
122.194.61.201,41,151,192
122.198.65.146,10701,1692,12393
122.218.101.195,0,414,414
122.224.103.74,4584,942,5526
122.224.104.239,499190,4879,504069
122.224.124.112,1612,1027,2639
122.224.124.40,0,312,312
122.224.129.21,7992,478,8470
122.224.140.95,38590,1140,39730
122.224.145.72,28980,684,29664
122.224.151.173,18170,796,18966
122.224.151.177,135240,1144,136384
122.224.155.105,214984,1021,216005
122.224.172.71,4733,716,5449
122.224.172.72,105162,391,105553
122.224.172.73,1391,375,1766
122.224.172.76,5346,875,6221
122.224.172.80,11931,1735,13666
122.224.173.33,542866,10246,553112
122.224.178.49,17940,2924,20864
122.224.186.100,15240,464,15704
122.224.195.113,22080,448,22528
122.224.205.8,3272,454,3726
122.224.206.237,1693,1875,3568
122.224.206.244,14623,1864,16487
122.224.213.10,13374,1288,14662
122.224.215.169,8400,914,9314
122.224.223.188,1005,418,1423
122.224.223.222,13917,1140,15057
122.224.30.27,22080,456,22536
122.224.32.245,35528,805,36333
122.224.32.75,55530,4214,59744
122.224.34.54,1468,265,1733
122.224.46.113,27831,6558,34389
122.224.46.168,68536,772,69308
122.224.46.221,35370,358,35728
122.224.46.224,284762,22837,307599
122.224.5.211,16560,462,17022
122.224.5.66,1746,1863,3609
122.224.5.80,97785,1368,99153
122.224.51.100,22767,451,23218
122.224.51.149,2630116,19985,2650101
122.224.6.111,119900,3255,123155
122.224.6.24,303836,14914,318750
122.224.6.64,91339,3327,94666
122.224.6.89,443775,10977,454752
122.224.60.203,23460,452,23912
122.224.72.176,55200,1125,56325
122.224.72.85,43976,3236,47212
122.224.80.215,11275,264,11539
122.224.81.238,18942,946,19888
122.224.81.39,1369,266,1635
122.224.9.206,2438,2724,5162
122.224.9.243,41400,908,42308
122.224.95.181,10089,7258,17347
122.224.95.213,70734,4733,75467
122.224.97.137,21634,10352,31986
122.224.97.234,19186,452,19638
122.225.100.205,9660,222,9882
122.225.101.1,1092853,24228,1117081
122.225.101.151,67584,36712,104296
122.225.102.248,69000,1135,70135
122.225.103.101,318693,12961,331654
122.225.104.129,16560,450,17010
122.225.104.216,8159,301,8460
122.225.104.217,418,640,1058
122.225.104.244,12236,1367,13603
122.225.104.84,431940,12972,444912
122.225.105.121,72476,2185,74661
122.225.105.15,116889,5715,122604
122.225.105.186,4124,27141,31265
122.225.105.189,34433,16070,50503
122.225.105.191,333612,166099,499711
122.225.105.193,1576,911,2487
122.225.105.32,187361,42282,229643
122.225.106.105,5520,903,6423
122.225.106.106,94118,750,94868
122.225.106.114,329,381,710
122.225.107.103,2475737,329909,2805646
122.225.107.118,492757,8562,501319
122.225.107.121,139891,4508,144399
122.225.107.36,0,28472,28472
122.225.107.41,206133,7536,213669
122.225.107.55,4165,9021,13186
122.225.107.71,4899733,540,4900273
122.225.107.90,17113,5327,22440
122.225.107.93,1542,460,2002
122.225.108.103,0,799,799
122.225.109.73,23748,892,24640
122.225.11.209,29729,2567,32296
122.225.115.129,437,442,879
122.225.115.130,22192,26538,48730
122.225.115.131,8657,9187,17844
122.225.115.155,5382,369,5751
122.225.115.201,654196,13400,667596
122.225.115.202,37654,1569,39223
122.225.115.205,315994,18921,334915
122.225.115.208,74201,17872,92073
122.225.115.211,272763,4782,277545
122.225.115.214,342587,3831,346418
122.225.115.217,556105,11858,567963
122.225.115.73,31156,814,31970
122.225.115.76,5258,438,5696
122.225.115.77,5343,815,6158
122.225.115.80,0,0,0
122.225.115.81,6496,848,7344
122.225.115.84,26419,2072,28491
122.225.115.87,11871,1324,13195
122.225.115.90,1473,3188,4661
122.225.115.91,1472,2767,4239
122.225.115.95,212,457,669
122.225.115.98,12500,1538,14038
122.225.117.186,258149,42956,301105
122.225.117.188,2582176,324100,2906276
122.225.192.163,34000,452,34452
122.225.196.140,16560,454,17014
122.225.200.145,9315,2885,12200
122.225.201.234,21325,916,22241
122.225.203.99,209703,29306,239009
122.225.204.173,7274,448,7722
122.225.212.24,48584,5644,54228
122.225.212.25,95838,4305,100143
122.225.212.27,24735,1212,25947
122.225.212.36,68448,2597,71045
122.225.219.95,140974,456730,597704
122.225.229.24,324012,312280,636292
122.225.253.59,19320,454,19774
122.225.31.107,3053840,22065,3075905
122.225.31.87,4571092,2950,4574042
122.225.31.88,341262,803,342065
122.225.40.123,21610,870,22480
122.225.48.24,5279,452,5731
122.225.67.72,16560,806,17366
122.225.68.87,44160,1105,45265
122.225.68.89,15469,25792,41261
122.225.71.40,46101,924,47025
122.225.8.221,206797,14173,220970
122.225.81.109,417865,227382,645247
122.225.81.43,50331,34583,84914
122.225.81.45,2442,5444,7886
122.225.81.46,292251,87823,380074
122.225.81.59,22587,26949,49536
122.225.81.60,27651,32819,60470
122.225.81.61,34350,33071,67421
122.225.81.62,39827,40419,80246
122.225.81.68,14489,25409,39898
122.225.81.81,99131,57431,156562
122.225.81.82,126642,65844,192486
122.225.81.83,630,1447,2077
122.225.81.84,37269,74805,112074
122.225.84.58,26220,741,26961
122.225.96.137,83957,676,84633
122.225.96.19,11280,3928,15208
122.225.96.26,13053,34892,47945
122.225.96.53,1406,186,1592
122.225.96.57,11430,707,12137
122.225.98.135,106719,2440,109159
122.225.98.173,749112,19458,768570
122.225.98.175,2907,10717,13624
122.225.98.177,1528370,877764,2406134
122.225.98.201,2189978,1434,2191412
122.225.99.233,197240,587,197827
122.226.100.242,39798,122339,162137
122.226.100.243,1072,1701,2773
122.226.100.74,660021,49568,709589
122.226.102.158,67608,8675,76283
122.226.102.209,10240,779,11019
122.226.102.248,0,0,0
122.226.102.41,0,0,0
122.226.102.67,574,1054,1628
122.226.102.81,7011,659,7670
122.226.102.87,6559,2728,9287
122.226.104.16,555550,2682,558232
122.226.104.83,488195,6597,494792
122.226.104.85,26470,58614,85084
122.226.109.206,2053,904,2957
122.226.111.249,70537,11459,81996
122.226.122.11,674299,4222,678521
122.226.122.13,18045,2415,20460
122.226.122.201,2479,266,2745
122.226.122.222,20719,20487,41206
122.226.122.232,101774,159986,261760
122.226.122.238,98238,152999,251237
122.226.122.25,2760,243,3003
122.226.122.28,6900,243,7143
122.226.150.106,53318,1356,54674
122.226.158.153,44992,944,45936
122.226.166.18,70232,1584,71816
122.226.181.120,177101,3250,180351
122.226.183.147,8997,667,9664
122.226.183.160,142771,13394,156165
122.226.183.193,413566,17264,430830
122.226.183.194,86539,3142,89681
122.226.183.225,14722,3232,17954
122.226.183.48,108073,1152,109225
122.226.183.49,54347,368,54715
122.226.183.96,197283,7605,204888
122.226.183.97,553446,3627,557073
122.226.184.39,3059711,116488,3176199
122.226.184.40,166741,22192,188933
122.226.199.220,18032,18014,36046
122.226.199.27,804040,40293,844333
122.226.206.232,5980,261,6241
122.226.206.241,288,580,868
122.226.206.246,17641,857,18498
122.226.211.115,2446,5657,8103
122.226.213.122,6546888,538440,7085328
122.226.213.36,3652,454,4106
122.226.213.47,12502,450,12952
122.226.213.59,5782,448,6230
122.226.213.73,19888,456,20344
122.226.213.79,454,1410,1864
122.226.223.108,1708,151,1859
122.226.223.201,1380,0,1380
122.226.223.220,27360,1046,28406
122.226.240.191,1146153,228559,1374712
122.226.250.60,20352,886,21238
122.226.44.142,76945,122182,199127
122.226.44.157,75592,10604,86196
122.226.53.114,15104,7522,22626
122.226.53.129,844,798,1642
122.226.53.20,97980,2024,100004
122.226.53.41,14178,2378,16556
122.226.53.53,112402,9696,122098
122.226.73.21,14983,465,15448
122.226.73.57,75771,23056,98827
122.226.73.58,193292,6857,200149
122.226.74.97,9213,1610,10823
122.226.74.98,9210,1503,10713
122.226.76.12,5588,450,6038
122.226.76.13,57960,910,58870
122.226.76.74,1941816,10547,1952363
122.226.76.99,700,2133,2833
122.226.86.116,0,821,821
122.226.86.94,1231,367,1598
122.226.95.138,2618,3685,6303
122.226.95.46,16560,456,17016
122.227.101.189,14182634,303541,14486175
122.227.101.211,609515,113826,723341
122.227.101.246,466160,19921,486081
122.227.101.87,49751,517,50268
122.227.101.94,38699,517,39216
122.227.135.24,377,328,705
122.227.160.103,42780,912,43692
122.227.164.94,22080,456,22536
122.227.201.91,136965,265,137230
122.227.224.78,730,458,1188
122.227.226.11,20700,448,21148
122.227.228.10,5520,911,6431
122.227.228.126,6615,1930,8545
122.227.23.165,23460,326,23786
122.227.254.167,2303,6210,8513
122.227.254.168,423,915,1338
122.227.254.170,422,914,1336
122.227.254.172,2917,5346,8263
122.227.254.173,12970,5794,18764
122.227.254.174,1259,2735,3994
122.227.254.175,1263,2709,3972
122.227.254.177,1050,2280,3330
122.227.42.210,559523,92354,651877
122.227.42.232,1168,415,1583
122.227.42.238,2314,6277,8591
122.227.42.7,5936,452,6388
122.227.43.49,79237,268,79505
122.227.43.55,4031128,14660,4045788
122.227.43.78,281220,2196,283416
122.227.58.130,12395,140661,153056
122.227.58.169,917569,532942,1450511
122.227.58.172,529165,66097,595262
122.227.58.188,370,2088,2458
122.227.7.57,9460,2453,11913
122.228.0.18,55724999,869646,56594645
122.228.0.20,155438,16400,171838
122.228.1.31,6995632,11016,7006648
122.228.1.32,6518301,10741,6529042
122.228.115.136,562,65,627
122.228.115.14,3760070,46638,3806708
122.228.115.151,87356,4016,91372
122.228.115.202,0,0,0
122.228.115.203,1406163,639,1406802
122.228.115.90,130591,30178,160769
122.228.116.10,20073539,3010,20076549
122.228.116.11,5277997,4007,5282004
122.228.116.12,481782,954,482736
122.228.116.13,10868493,1418,10869911
122.228.116.15,1245273,455,1245728
122.228.116.22,1136115,5059,1141174
122.228.116.23,1891862,4305,1896167
122.228.116.7,24836321,3632,24839953
122.228.116.71,4458656,67086,4525742
122.228.116.72,12179137,2546,12181683
122.228.116.73,8478445,2323,8480768
122.228.116.74,8467632,1560,8469192
122.228.116.75,6624634,2715,6627349
122.228.116.76,23113860,2541,23116401
122.228.116.77,28748875,2731,28751606
122.228.116.78,11773907,2835,11776742
122.228.116.79,19878004,4494,19882498
122.228.116.8,22521769,4420,22526189
122.228.116.88,972,458,1430
122.228.116.89,964235,550,964785
122.228.116.9,10439498,2352,10441850
122.228.129.15,49680,900,50580
122.228.129.238,17637,2071,19708
122.228.147.11,20700,448,21148
122.228.147.185,11040,454,11494
122.228.153.225,8386,1014,9400
122.228.154.44,17458,922,18380
122.228.154.45,18670,1238,19908
122.228.171.17,364278,962,365240
122.228.171.46,13970,456,14426
122.228.186.15,19320,446,19766
122.228.189.14,27600,450,28050
122.228.199.146,1630648,1185,1631833
122.228.199.148,4849545,11496,4861041
122.228.199.160,64860,567,65427
122.228.199.99,790577,21941,812518
122.228.200.49,1027816,29553,1057369
122.228.202.162,412929,72388,485317
122.228.202.186,1362956,13742,1376698
122.228.202.204,449414,43211,492625
122.228.202.224,97909,8870,106779
122.228.204.138,63694,6765,70459
122.228.204.207,77128,5247,82375
122.228.204.217,5015,1903,6918
122.228.208.34,16560,452,17012
122.228.212.32,85232,2142,87374
122.228.214.135,10070,446,10516
122.228.216.40,6508,9531,16039
122.228.216.43,2042,2730,4772
122.228.217.27,22080,230,22310
122.228.220.175,316223,40032,356255
122.228.220.44,0,0,0
122.228.221.83,143421,8132,151553
122.228.222.113,175273,37775,213048
122.228.222.157,313105,241,313346
122.228.222.176,65084,21150,86234
122.228.222.206,156220,12875,169095
122.228.222.242,27937,2003,29940
122.228.226.101,607722,12807,620529
122.228.226.50,58476,4087,62563
122.228.226.99,168651,2949,171600
122.228.234.39,1881,161,2042
122.228.236.120,11207,856,12063
122.228.236.170,9227,5078,14305
122.228.246.151,3054,2133,5187
122.228.248.118,1942711,6051,1948762
122.228.248.56,27540,962,28502
122.228.249.19,17940,452,18392
122.228.70.145,0,0,0
122.228.70.17,631363,30134,661497
122.228.70.23,41356,4259,45615
122.228.73.145,16237,1215,17452
122.228.73.165,234333,47111,281444
122.228.73.166,101248,16313,117561
122.228.73.167,176028,18757,194785
122.228.73.168,131643,6448,138091
122.228.73.169,102510,11547,114057
122.228.73.171,99616,20721,120337
122.228.73.172,104773,9729,114502
122.228.73.176,286638,62376,349014
122.228.73.177,492259,53177,545436
122.228.73.178,329824,30219,360043
122.228.73.199,926471,190935,1117406
122.228.73.204,1257146,35555,1292701
122.228.73.206,1394478,133787,1528265
122.228.73.219,5880,25171,31051
122.228.73.224,26708,13240,39948
122.228.73.229,15426,2156,17582
122.228.73.241,1208297,159904,1368201
122.228.73.242,3157804,91920,3249724
122.228.73.243,1435373,79555,1514928
122.228.73.244,1423916,165852,1589768
122.228.73.250,49950,20619,70569
122.228.81.141,3400,3641,7041
122.228.84.171,124179,1969,126148
122.228.85.13,6276802,1665,6278467
122.228.94.36,2393927,1759,2395686
122.228.94.41,436056,441,436497
122.228.94.44,1217160,706,1217866
122.228.94.45,827955,718,828673
122.228.94.46,11137,616,11753
122.228.94.47,1935255,1390,1936645
122.228.94.48,1293795,1436,1295231
122.228.94.50,11556,1338,12894
122.228.94.51,509,401,910
122.228.94.52,1012137,619,1012756
122.228.94.53,576795,676,577471
122.228.94.69,513210,8323,521533
122.228.94.70,1293328,6930,1300258
122.228.95.245,55557,2209,57766
122.228.95.255,47893,11723,59616
122.230.30.69,148,245,393
122.230.46.218,1380,53,1433
122.231.138.108,0,68,68
122.231.162.221,4305,103,4408
122.231.89.82,84,84,168
122.232.44.245,41,143,184
122.232.85.152,9537,53,9590
122.233.0.63,1918,1271,3189
122.233.122.211,9537,53,9590
122.233.220.223,1643,3412,5055
122.233.234.115,236,154,390
122.233.73.22,810886,1423,812309
122.233.74.88,460,685,1145
122.233.78.225,31793,1750,33543
122.234.115.203,149378,894,150272
122.234.152.53,10172,899159,909331
122.234.180.69,823,1612,2435
122.234.218.215,104,201,305
122.234.221.126,0,68,68
122.234.245.46,23,32,55
122.234.58.58,385,312,697
122.234.65.93,5874,188373,194247
122.235.158.219,205,599,804
122.235.158.90,102,200,302
122.235.163.125,111878,1880,113758
122.235.180.146,720,1303,2023
122.235.19.218,41,143,184
122.235.206.86,9537,52,9589
122.235.246.38,555,434,989
122.235.35.67,86,86,172
122.235.41.56,588869,901,589770
122.235.42.54,206,398,604
122.235.43.225,199612,930,200542
122.235.43.62,275,174,449
122.235.45.19,237,152,389
122.235.55.108,1104614,40621,1145235
122.235.63.215,9541,53,9594
122.235.93.137,9537,53,9590
122.235.98.161,618,1122,1740
122.236.126.24,171756,45514395,45686151
122.236.134.25,129,1745,1874
122.236.246.112,9540,53,9593
122.236.56.251,9537,53,9590
122.237.146.144,19074,106,19180
122.237.147.50,9537,53,9590
122.237.90.24,19074,106,19180
122.239.51.227,238,152,390
122.239.9.100,329071,1891,330962
122.240.107.119,307,748,1055
122.241.53.65,9537,53,9590
122.242.59.241,139,111,250
122.243.247.53,13285,201,13486
122.243.28.62,9537,53,9590
122.243.96.62,49287,155,49442
122.244.0.189,206,400,606
122.244.10.116,9545,53,9598
122.244.10.28,207,400,607
122.244.122.107,9537,52,9589
122.244.135.72,49878,166,50044
122.244.160.23,32916,188,33104
122.244.165.84,482,262477,262959
122.244.170.243,1259,98,1357
122.244.171.233,6862,4864,11726
122.244.176.100,205,399,604
122.244.178.129,2472,1705,4177
122.244.179.55,16774,151,16925
122.244.179.8,239,157,396
122.244.180.174,9537,49,9586
122.244.180.251,307,597,904
122.244.181.117,9537,53,9590
122.244.206.168,102,187,289
122.244.23.197,41,151,192
122.244.25.161,307,602,909
122.244.26.90,9540,53,9593
122.244.3.14,84,84,168
122.244.31.8,22351,181053436,181075787
122.244.33.104,46754,45,46799
122.244.4.49,39382,503,39885
122.244.8.25,625,401,1026
122.244.98.140,23,31,54
122.244.99.37,203,402,605
122.245.98.178,718,1398,2116
122.246.132.221,9537,52,9589
122.246.149.33,2328,1520,3848
122.246.208.187,101,199,300
122.246.223.175,41075,6717,47792
122.246.239.58,752,787,1539
122.246.249.86,297591,4231,301822
122.246.86.215,63296,87,63383
122.247.189.130,449,277,726
122.247.89.190,41,151,192
122.247.89.241,9537,52,9589
122.248.228.249,360,1242,1602
122.248.234.204,12662,13307,25969
122.248.235.39,311,633,944
122.248.244.30,5819,1783,7602
122.248.250.186,46817,17260,64077
122.248.255.197,10922,696,11618
122.4.131.114,49918,1005,50923
122.4.34.120,7012,1217490,1224502
122.4.66.190,1671,1089,2760
122.4.76.201,9214,776,9990
122.4.84.71,7141,225,7366
122.49.12.253,1363,183,1546
122.5.139.87,104,200,304
122.5.202.55,23480,379,23859
122.5.64.117,734738,1655,736393
122.57.172.26,0,130,130
122.61.192.235,418,1633,2051
122.7.192.99,41,143,184
122.7.214.113,22407,33517,55924
122.7.48.67,190,98470,98660
122.7.61.73,24,32,56
122.70.136.53,126893,6180,133073
122.70.138.216,23582,950,24532
122.70.138.230,18224,450,18674
122.70.138.41,686290,14595,700885
122.70.142.146,615064,211074,826138
122.70.142.147,530575,175901,706476
122.70.142.148,588927,216383,805310
122.70.142.149,478302,173862,652164
122.70.142.150,498198,173616,671814
122.70.142.165,535605,188887,724492
122.70.142.177,281107,200318,481425
122.72.13.162,33324,449,33773
122.9.68.99,695836,26828,722664
122.96.101.98,351816,925,352741
122.96.150.146,116418,49158,165576
122.96.150.147,200909,51812,252721
122.96.150.148,3215,5856,9071
122.96.150.206,204876,50618,255494
122.96.28.95,42735,24659,67394
122.97.253.217,448,3076,3524
123.1.148.73,13804,456,14260
123.1.151.71,5185,887,6072
123.1.151.74,26220,448,26668
123.1.157.18,31740,664,32404
123.1.175.133,20700,450,21150
123.10.160.254,41,151,192
123.10.65.58,41,143,184
123.101.140.249,9537,53,9590
123.101.173.44,50873,936721,987594
123.101.189.246,15340,34,15374
123.101.90.221,236,156,392
123.103.0.113,443042,102298,545340
123.103.0.160,39016,650,39666
123.103.0.161,22080,241,22321
123.103.0.168,1344073,2917,1346990
123.103.0.176,384690,81520,466210
123.103.0.22,471780,22400,494180
123.103.0.221,25874,1794,27668
123.103.0.222,1411,256,1667
123.103.0.224,367721,24280,392001
123.103.0.247,1992,767,2759
123.103.12.119,983,1381,2364
123.103.13.189,30022,1130,31152
123.103.13.230,0,0,0
123.103.15.203,49065,876,49941
123.103.15.225,662196,560542,1222738
123.103.16.120,424,1001,1425
123.103.16.193,27600,450,28050
123.103.17.49,155870,2725,158595
123.103.18.13,10134,498,10632
123.103.19.101,4923,6197,11120
123.103.19.102,128535,151323,279858
123.103.19.107,95256,141733,236989
123.103.19.108,137875,185364,323239
123.103.19.111,81630,126066,207696
123.103.19.117,97499,128498,225997
123.103.19.201,38640,916,39556
123.103.21.108,948,1483,2431
123.103.21.183,1512,7543,9055
123.103.21.184,4160,31324,35484
123.103.21.185,11745,34599,46344
123.103.21.28,4722,4279,9001
123.103.21.95,3597,3133,6730
123.103.22.90,2430,7363,9793
123.103.247.11,55845,2330,58175
123.103.32.113,540478,122917,663395
123.103.32.221,21794,1985,23779
123.103.35.125,74802,172883,247685
123.103.35.129,134142,95844,229986
123.103.35.130,42609,874,43483
123.103.35.146,162697,45348,208045
123.103.35.149,404544,138922,543466
123.103.35.174,1697,363,2060
123.103.35.207,34978,4979,39957
123.103.35.243,9732,41602,51334
123.103.35.56,47353,16638,63991
123.103.36.167,18640,5385,24025
123.103.36.220,6840,22356,29196
123.103.37.7,175153,51550,226703
123.103.37.8,11040,225,11265
123.103.4.18,1606293,12680,1618973
123.103.4.19,9222,5584,14806
123.103.56.155,31890,4073,35963
123.103.56.167,285732,370403,656135
123.103.56.47,4412708,46064,4458772
123.103.58.192,25963,1277,27240
123.103.58.210,40861,50339,91200
123.103.58.211,103764,61903,165667
123.103.58.216,22508,2947,25455
123.103.58.217,81808,11150,92958
123.103.58.226,23566,678,24244
123.103.58.243,5914,6592,12506
123.103.58.244,352562,162376,514938
123.103.58.81,510,1342,1852
123.103.59.216,15414,18261,33675
123.103.6.17,0,0,0
123.103.6.18,1011,432,1443
123.103.64.1,657778,19689,677467
123.103.8.252,1215,912,2127
123.103.9.2,570,1434,2004
123.103.9.22,20700,452,21152
123.103.97.118,2670,372,3042
123.108.109.20,19320,460,19780
123.108.216.101,233935,12815,246750
123.11.129.38,41,151,192
123.11.44.182,82,286,368
123.116.104.197,41,151,192
123.116.53.49,348168,30770,378938
123.118.7.96,430,585,1015
123.119.9.109,813,3511,4324
123.12.184.10,82,302,384
123.12.7.221,47,63,110
123.120.130.208,0,447,447
123.120.160.115,0,154,154
123.120.224.48,129,200,329
123.121.22.121,0,589,589
123.122.0.182,224,185,409
123.123.127.7,82,302,384
123.124.249.72,35880,680,36560
123.124.54.134,933273,187489,1120762
123.125.101.71,644357,10238,654595
123.125.101.72,620567,14025,634592
123.125.101.73,382966,10280,393246
123.125.101.74,577081,13272,590353
123.125.102.12,12621,1251,13872
123.125.104.148,81,452,533
123.125.104.188,31,114,145
123.125.104.202,21045,611,21656
123.125.104.250,4980,7750,12730
123.125.105.1,24714,5577,30291
123.125.105.251,4384,2307,6691
123.125.106.182,8276,3535,11811
123.125.106.2,8807,5011,13818
123.125.106.24,42964,28110,71074
123.125.110.156,383457,492,383949
123.125.110.157,133900,492,134392
123.125.110.16,302010,5959,307969
123.125.110.22,819593,27673,847266
123.125.110.23,814019,70225,884244
123.125.110.24,199913,18770,218683
123.125.110.25,1322041,54599,1376640
123.125.112.115,1056847,97887,1154734
123.125.112.120,325,1377,1702
123.125.112.22,7497,8939,16436
123.125.112.33,5009,8049,13058
123.125.112.47,64872,522262,587134
123.125.112.50,230924,12778,243702
123.125.112.54,1921,5644,7565
123.125.112.67,1442,15904,17346
123.125.112.81,749,3607,4356
123.125.114.106,4856,7263,12119
123.125.114.149,11527,25425,36952
123.125.114.181,31056,3874,34930
123.125.114.202,21837,15810,37647
123.125.114.219,1090,9644,10734
123.125.114.22,4046,12340,16386
123.125.114.225,10854,218,11072
123.125.114.231,1531,10491,12022
123.125.114.234,2713,1417,4130
123.125.114.235,8380,3214,11594
123.125.114.241,6637,17240,23877
123.125.114.37,48140,1211,49351
123.125.114.69,452,5656,6108
123.125.114.81,12216,4458,16674
123.125.114.85,2181,6435,8616
123.125.115.100,1364,6952,8316
123.125.115.104,431352,303952,735304
123.125.115.114,166949,579935,746884
123.125.115.125,16724,37030,53754
123.125.115.128,11060,1016,12076
123.125.115.146,13500,40200,53700
123.125.115.15,0,231,231
123.125.115.156,146,198,344
123.125.115.169,36143,177144,213287
123.125.115.178,217,1307,1524
123.125.115.183,1044,410,1454
123.125.115.225,972108,19719,991827
123.125.115.230,222212,2706381,2928593
123.125.115.65,179552,2560,182112
123.125.115.80,222889,19277,242166
123.125.115.90,2007190,6042525,8049715
123.125.115.95,191469,42173,233642
123.125.116.17,30162,4696,34858
123.125.116.180,734,4214,4948
123.125.116.21,774,4258,5032
123.125.116.22,1198,4584,5782
123.125.116.223,298,285,583
123.125.116.224,298,274,572
123.125.116.24,1014,2991,4005
123.125.116.98,213360,12645,226005
123.125.117.13,965,399,1364
123.125.117.170,14583,7190,21773
123.125.117.185,644,266,910
123.125.117.186,644,266,910
123.125.117.226,277,902,1179
123.125.117.24,322,133,455
123.125.117.255,758,1234,1992
123.125.117.36,508,1656,2164
123.125.117.55,725,4764,5489
123.125.117.56,3045,20254,23299
123.125.117.61,254,828,1082
123.125.118.108,283,718,1001
123.125.118.141,0,0,0
123.125.120.73,17680,21988,39668
123.125.123.110,828,4081,4909
123.125.125.105,83563,27031,110594
123.125.125.106,29581,26272,55853
123.125.125.107,19987,21375,41362
123.125.125.108,52931,24008,76939
123.125.125.109,2338,2593,4931
123.125.125.119,256285,4680,260965
123.125.125.120,91341,6796,98137
123.125.125.90,3810,1728,5538
123.125.125.91,4023,3648,7671
123.125.125.95,139,791,930
123.125.125.96,204,15187,15391
123.125.160.176,11253,30060,41313
123.125.161.220,733362,1125017,1858379
123.125.161.221,3262,252,3514
123.125.161.230,38039,141354,179393
123.125.161.239,22156,50810,72966
123.125.161.245,44712,8909,53621
123.125.161.252,1266367,785821,2052188
123.125.161.255,742058,116630,858688
123.125.19.24,258,634,892
123.125.192.76,156,236,392
123.125.192.77,194265,9608,203873
123.125.192.80,954,1189,2143
123.125.192.83,114337,31519,145856
123.125.199.201,524612,14605,539217
123.125.207.136,2994,1338,4332
123.125.211.46,1274,5921,7195
123.125.212.142,17875,12061,29936
123.125.212.250,40279,3651,43930
123.125.212.251,21035,7926,28961
123.125.212.43,550,729,1279
123.125.212.62,729,3931,4660
123.125.22.191,1821904,75230,1897134
123.125.22.228,184254,134591,318845
123.125.22.238,41879,134155,176034
123.125.22.255,748,1867,2615
123.125.23.176,1478551,696627,2175178
123.125.23.177,6722061,1739831,8461892
123.125.29.150,1563071,2217215,3780286
123.125.29.154,801481,526650,1328131
123.125.29.193,254,0,254
123.125.29.212,740584,1005683,1746267
123.125.29.224,31634,10320,41954
123.125.29.225,433718,495866,929584
123.125.29.229,4641,6642,11283
123.125.29.233,764,1123,1887
123.125.29.235,6869,11571,18440
123.125.29.248,1227631,455827,1683458
123.125.29.249,7477,33513,40990
123.125.29.253,664186,1740138,2404324
123.125.30.0,20554,28401,48955
123.125.30.1,1309,5171,6480
123.125.31.246,619762,27135,646897
123.125.42.86,944,373,1317
123.125.50.102,67805,87866,155671
123.125.50.104,23485,3438,26923
123.125.50.12,5404,1604,7008
123.125.50.25,811350,367368,1178718
123.125.50.26,88431,27062,115493
123.125.50.27,26270,633,26903
123.125.50.30,3735,7096,10831
123.125.50.33,2335,3249,5584
123.125.50.35,186292,50338,236630
123.125.50.66,771,1804,2575
123.125.51.136,4313,6708,11021
123.125.54.106,4701,4245,8946
123.125.54.108,2213433,82430,2295863
123.125.54.74,11760,43645,55405
123.125.54.76,1771,5245,7016
123.125.54.89,526805,2467,529272
123.125.64.84,538,547,1085
123.125.65.117,40988,11822,52810
123.125.65.122,8376,6976,15352
123.125.65.127,374057,25928,399985
123.125.65.134,69830,22520,92350
123.125.65.215,610,6069,6679
123.125.65.32,4049,3758,7807
123.125.65.56,8627,5059,13686
123.125.65.96,261766,46792,308558
123.125.69.214,1896,609,2505
123.125.70.107,11000,8040,19040
123.125.70.111,6338,1568,7906
123.125.70.113,172779,9242,182021
123.125.70.46,4190,1578,5768
123.125.72.221,58635,2778,61413
123.125.73.175,1081,1898,2979
123.125.73.248,498385,13584,511969
123.125.73.250,206,6,212
123.125.73.253,0,0,0
123.125.74.114,315,2668,2983
123.125.74.157,14695,4901,19596
123.125.74.158,42101,8587,50688
123.125.74.207,21397,11704,33101
123.125.74.66,0,0,0
123.125.74.73,1010,1916,2926
123.125.74.76,2142,1265,3407
123.125.74.97,390,1235,1625
123.125.81.198,549,1918,2467
123.125.81.199,36332,24492,60824
123.125.81.202,8512130,2536368,11048498
123.125.82.126,1925667,41431,1967098
123.125.82.129,1385,4994,6379
123.125.82.138,4374,36252,40626
123.125.82.147,101193,227099,328292
123.125.82.154,605,746,1351
123.125.82.156,257,606,863
123.125.82.161,33752,2787,36539
123.125.82.164,64564,17543,82107
123.125.82.168,2297918,446441,2744359
123.125.82.170,11319,4175,15494
123.125.82.175,4809595,134604,4944199
123.125.82.176,6649,3037,9686
123.125.82.189,5073,6226,11299
123.125.82.190,13928,20410,34338
123.125.82.203,10037,17024,27061
123.125.82.204,5228,20779,26007
123.125.82.206,172942,36008,208950
123.125.82.211,3452812,1004754,4457566
123.125.82.212,8999,27395,36394
123.125.82.213,187,75,262
123.125.82.214,1354509,314723,1669232
123.125.82.235,1236,2960,4196
123.125.82.237,1456,1491,2947
123.125.82.238,951,1485,2436
123.125.82.246,262738,13044,275782
123.125.82.251,1757,664,2421
123.125.83.0,27222,88828,116050
123.125.83.109,316445,111730,428175
123.125.83.116,3093,11311,14404
123.125.83.121,18207,6750,24957
123.125.83.122,10957,10960,21917
123.125.83.125,852,557,1409
123.125.83.126,1445,6947,8392
123.125.83.128,935,1875,2810
123.125.83.157,238,949,1187
123.125.83.2,260893,18190,279083
123.125.83.210,1491,5232,6723
123.125.83.211,6663,20681,27344
123.125.87.105,452295,9578,461873
123.125.87.255,308239,43251,351490
123.125.87.85,277411,34532,311943
123.125.87.87,41603,9679,51282
123.125.87.88,4677,1985,6662
123.125.87.89,59249,3117,62366
123.125.87.93,4486,128,4614
123.125.87.94,69547,2982,72529
123.125.89.137,1356,586,1942
123.125.89.239,8385,220,8605
123.125.96.139,5921,921,6842
123.125.96.153,928516,247734,1176250
123.125.96.172,5780,39140,44920
123.125.96.185,109684,134752,244436
123.125.96.219,48555,111887,160442
123.125.96.225,42288,9286,51574
123.125.96.46,141445,1364,142809
123.125.96.47,856,2356,3212
123.125.96.48,16065,31329,47394
123.125.98.217,14861,1332,16193
123.126.102.55,3049124,32262,3081386
123.126.104.10,475302,14277,489579
123.126.104.106,1960,1178,3138
123.126.104.108,1832,1178,3010
123.126.104.109,865,347,1212
123.126.104.11,385122,22416,407538
123.126.104.153,2360,13906,16266
123.126.104.155,924,4016,4940
123.126.104.157,1758,10976,12734
123.126.104.166,12477,5288,17765
123.126.104.216,520,6988,7508
123.126.104.217,624,7598,8222
123.126.104.68,33710,74704,108414
123.126.121.164,108241,7620,115861
123.126.121.165,16575666,80925,16656591
123.126.121.172,402,2659,3061
123.126.121.173,1029,9610,10639
123.126.121.180,111839,5910,117749
123.126.122.31,299,4767,5066
123.126.124.64,2113,372,2485
123.126.157.227,6213,183,6396
123.126.159.151,1941580,14005,1955585
123.126.42.253,273,756,1029
123.126.42.47,102,350,452
123.126.42.48,25,87,112
123.126.43.0,180618,28573,209191
123.126.48.53,9112,634,9746
123.126.48.99,354,302,656
123.126.50.123,0,0,0
123.126.57.129,467340,664425,1131765
123.126.61.170,228,22173,22401
123.126.62.215,9222,5018,14240
123.126.62.217,11289,5623,16912
123.126.65.16,10515,43465,53980
123.126.68.167,5515,8782,14297
123.126.68.168,110136,27108,137244
123.126.68.169,15660,18312,33972
123.126.68.170,1770,3641,5411
123.126.68.171,2363,5555,7918
123.126.68.178,276,1882,2158
123.126.68.179,650,14062,14712
123.126.68.181,552,4329,4881
123.126.70.152,11868,59550,71418
123.126.76.113,1454,398,1852
123.126.76.65,12301,13067,25368
123.126.93.159,1466,456,1922
123.126.93.160,22080,452,22532
123.126.93.172,111637,58191,169828
123.126.93.176,924746,63891,988637
123.126.98.10,142947,5735,148682
123.126.98.11,37907,4446,42353
123.126.98.12,66977,2073,69050
123.126.98.13,17034,1572,18606
123.126.98.14,98860,9834,108694
123.126.98.15,239640,8465,248105
123.126.98.151,4944,587,5531
123.126.98.152,6774,454,7228
123.126.98.154,3387,227,3614
123.126.98.155,41307,7895,49202
123.126.98.163,882,11153,12035
123.126.98.164,127,991,1118
123.126.98.189,6684,696,7380
123.126.98.195,771,3417,4188
123.126.98.202,55801,3561,59362
123.126.98.205,108092,1480,109572
123.126.98.207,1059,685,1744
123.126.99.140,280967,3596,284563
123.126.99.141,155515,3124,158639
123.126.99.152,212243,2090,214333
123.126.99.158,662,692,1354
123.126.99.192,287,532,819
123.126.99.200,1543,2626,4169
123.126.99.94,882,6785,7667
123.127.160.33,12556,1135,13691
123.127.217.113,95042,39908,134950
123.127.220.88,42780,1150,43930
123.127.248.7,1326977,441858,1768835
123.129.202.156,25826,8627,34453
123.129.203.146,69014,3073,72087
123.129.203.147,188838,3730,192568
123.129.203.148,237,1579,1816
123.129.203.149,271062,2798,273860
123.129.203.150,56032,2117,58149
123.129.203.163,3431,370,3801
123.129.212.14,4738,379,5117
123.129.212.194,59934,1603,61537
123.129.212.8,632576,14971,647547
123.129.216.36,19317,756,20073
123.129.242.144,45516,6451,51967
123.129.242.145,53146,7393,60539
123.129.245.8,649,274,923
123.129.66.41,74,356,430
123.13.58.26,41,151,192
123.13.9.78,258,178,436
123.130.123.11,432047,28215,460262
123.131.157.214,41,151,192
123.131.165.91,11176,2892,14068
123.131.165.92,13910,2670,16580
123.131.174.23,41,151,192
123.131.45.72,32951,553,33504
123.132.203.106,41,151,192
123.133.4.246,41,151,192
123.134.16.202,1628,1644,3272
123.134.186.229,79702,17079,96781
123.134.189.62,15180,456,15636
123.134.245.142,41,151,192
123.134.32.39,20700,672,21372
123.134.32.47,22080,987,23067
123.134.67.169,11212,462,11674
123.134.67.171,513836,58823,572659
123.134.67.192,2274,782,3056
123.135.111.199,32706,1370,34076
123.135.126.202,8356,450,8806
123.135.217.32,1908,240,2148
123.135.30.186,41,143,184
123.138.148.155,50115671,314793,50430464
123.138.148.156,53870371,334446,54204817
123.138.162.114,101935,22916,124851
123.138.162.117,28196089,162838,28358927
123.138.162.119,2642,1147,3789
123.138.162.80,25075,5597,30672
123.138.37.141,12690,952,13642
123.138.46.53,156547,7508,164055
123.138.60.147,785525,192778,978303
123.138.60.149,594911,138521,733432
123.138.60.150,411441,113054,524495
123.138.60.151,674875,177975,852850
123.138.60.182,591133,167651,758784
123.138.60.183,682513,161059,843572
123.138.60.187,566442,142700,709142
123.138.60.188,599587,169757,769344
123.138.60.192,535181,147620,682801
123.138.60.223,588406,145709,734115
123.139.126.205,41,151,192
123.14.41.118,41,151,192
123.14.82.237,129,200,329
123.14.87.227,1266,415,1681
123.145.34.50,82,302,384
123.146.23.144,4808,227,5035
123.148.185.183,82,302,384
123.149.114.84,101,200,301
123.149.177.184,9537,49,9586
123.149.220.73,515,934,1449
123.149.229.36,1860,1178,3038
123.149.234.129,0,79,79
123.149.54.22,4666737,370632,5037369
123.149.54.64,83763,1402,85165
123.149.54.65,4816274,511,4816785
123.149.6.74,2760,52,2812
123.149.69.235,238,156,394
123.149.85.6,34623,5160829,5195452
123.15.135.157,41,143,184
123.15.161.136,68,399,467
123.15.190.63,41,151,192
123.15.234.88,41,151,192
123.15.81.185,645,742,1387
123.150.105.51,25039,1110,26149
123.150.107.107,25718,421,26139
123.150.115.21,1527,279582,281109
123.150.121.136,236,154,390
123.150.156.124,236,220,456
123.150.172.221,34374,1785,36159
123.150.172.222,57612,55108,112720
123.150.172.223,104136,14167,118303
123.150.173.103,61134,13239,74373
123.150.173.136,2608,6689,9297
123.150.173.150,0,3604,3604
123.150.173.157,25395,1350,26745
123.150.173.171,17505,54534,72039
123.150.173.172,3762,1938,5700
123.150.173.18,756,2420,3176
123.150.173.203,3293,787,4080
123.150.173.206,3695,3347,7042
123.150.173.208,102080,8224,110304
123.150.173.210,27653,31309,58962
123.150.173.234,2500,2492,4992
123.150.173.235,800,3061,3861
123.150.173.244,45697,37424,83121
123.150.173.247,12193,16073,28266
123.150.173.248,140950,65836,206786
123.150.173.251,166992,64968,231960
123.150.173.65,9163,3995,13158
123.150.173.68,10489,7466,17955
123.150.173.75,12908,38755,51663
123.150.173.91,304,126,430
123.150.173.97,2622,1223,3845
123.150.175.185,513381,12784,526165
123.150.175.186,211087,5221,216308
123.150.175.187,74074,696288,770362
123.150.175.192,73938,640655,714593
123.150.178.134,602218,185585,787803
123.150.178.140,14499,6420,20919
123.150.178.141,28245,8036,36281
123.150.178.142,61181,1399,62580
123.150.178.145,912,1060,1972
123.150.178.156,1467569,723582,2191151
123.150.178.157,38107,4251,42358
123.150.178.158,45055,46043,91098
123.150.178.159,112244671,48294770,160539441
123.150.178.167,103661,589998,693659
123.150.180.13,0,0,0
123.150.180.14,652,1122,1774
123.150.180.43,565558,72227,637785
123.150.182.215,2314,60268,62582
123.150.182.222,135372,39359,174731
123.150.185.201,19272,1913,21185
123.150.185.205,5304,4896,10200
123.150.185.206,1982,812,2794
123.150.185.212,3448,852,4300
123.150.185.221,1012,1310,2322
123.150.185.224,7656,1800,9456
123.150.185.225,8030,1875,9905
123.150.188.24,1122,1093,2215
123.150.188.27,851838,8666,860504
123.150.188.39,3820,4741,8561
123.150.188.40,794820,27940,822760
123.150.188.43,580951,85161,666112
123.150.189.44,854220,742,854962
123.150.189.45,109018,5610,114628
123.150.189.59,979635,164813,1144448
123.150.189.60,625756,24598,650354
123.150.191.144,148,393,541
123.150.198.185,772,604,1376
123.150.2.250,223,153,376
123.150.204.135,6012118,76904,6089022
123.150.204.136,7100979,80136,7181115
123.150.204.21,11911,14227,26138
123.150.206.135,72194,12436,84630
123.150.216.107,11332,735,12067
123.150.216.12,260318,6306,266624
123.150.216.124,43827,12846,56673
123.150.216.144,186615,6381,192996
123.150.216.146,130787,357,131144
123.150.216.158,490,3286,3776
123.150.216.162,11295,1365,12660
123.150.216.176,77722,48004,125726
123.150.216.18,1081,1192,2273
123.150.216.182,1568,2616,4184
123.150.216.183,1948,1406,3354
123.150.216.189,1722,1464,3186
123.150.216.197,7960,15083,23043
123.150.216.199,25144,5475,30619
123.150.216.200,1575,5143,6718
123.150.216.226,11162,13903,25065
123.150.216.228,412,296,708
123.150.216.25,2898,17728,20626
123.150.216.27,3720,15515,19235
123.150.216.55,328,188,516
123.150.216.6,154065,84886,238951
123.150.216.67,7256,3214,10470
123.150.216.68,11536,6217,17753
123.150.216.73,8531,6693,15224
123.150.216.96,17324,23645,40969
123.150.216.97,9300,5012,14312
123.150.225.13,2197,98,2295
123.150.235.183,17246,541,17787
123.150.251.204,17297,800202,817499
123.150.4.174,4452,1470,5922
123.150.49.109,18261229,255592,18516821
123.150.49.111,1635092,289,1635381
123.150.49.117,47617,2628,50245
123.150.49.12,25892,940,26832
123.150.49.120,542168,4554,546722
123.150.49.122,22808,1214,24022
123.150.49.123,2674301,1868,2676169
123.150.49.124,5341523,248971,5590494
123.150.49.13,178403,2233,180636
123.150.49.16,9152088,2476,9154564
123.150.49.17,1306307,3553,1309860
123.150.49.19,915886,46965,962851
123.150.49.20,10521594,133256,10654850
123.150.49.21,2875151,243614,3118765
123.150.49.22,1967190,269080,2236270
123.150.49.23,4235704,50949,4286653
123.150.50.10,110545,4873,115418
123.150.50.13,107355,8323,115678
123.150.50.14,1318960,62926,1381886
123.150.50.22,5639899,115,5640014
123.150.50.23,99711,862,100573
123.150.50.24,2120343,3165,2123508
123.150.50.28,143520,236,143756
123.150.50.29,984812,19702,1004514
123.150.52.104,1014539,5081,1019620
123.150.52.106,564873,7184,572057
123.150.52.107,9357530,66365,9423895
123.150.52.110,91309,832,92141
123.150.52.137,2502,668,3170
123.150.52.143,1824189,32170,1856359
123.150.52.144,940212,1742,941954
123.150.52.167,112800250,43149,112843399
123.150.52.168,310499520,113635,310613155
123.150.52.169,4138218,1647,4139865
123.150.52.171,9952877,2362,9955239
123.150.52.176,80471,427,80898
123.150.52.201,6286511,5692,6292203
123.150.52.204,11643,523,12166
123.150.52.207,225471,399,225870
123.150.52.232,207319,522,207841
123.150.52.233,2092543,1561,2094104
123.150.52.238,249,1251,1500
123.150.52.239,27024612,3013,27027625
123.150.52.241,545,575,1120
123.150.52.31,181996396,8960591,190956987
123.150.52.42,34169,469,34638
123.150.52.71,14445,1742,16187
123.150.52.75,712895,36225,749120
123.150.52.77,965995,3305,969300
123.150.52.78,1591235,2709,1593944
123.150.52.79,99786,367,100153
123.150.53.103,245728,73214,318942
123.150.53.108,3728,1831,5559
123.150.53.110,33960366,1890620,35850986
123.150.53.111,3721395,60659,3782054
123.150.53.114,1553633,18845,1572478
123.150.53.12,1145665,15942,1161607
123.150.53.121,8396,870,9266
123.150.53.13,20651374,6741,20658115
123.150.53.14,6907285,5151,6912436
123.150.53.15,1994977,559,1995536
123.150.53.150,543329,8477,551806
123.150.53.161,5978011,51438,6029449
123.150.53.164,16337638,674281,17011919
123.150.53.170,53058440,2353383,55411823
123.150.53.171,140821,6451,147272
123.150.53.172,1738942,125735,1864677
123.150.53.175,3939724,187724,4127448
123.150.53.176,668334,126805,795139
123.150.53.181,404562,86338,490900
123.150.53.182,54874,13830,68704
123.150.53.184,939147,6457,945604
123.150.53.201,566,562,1128
123.150.53.202,590358,555,590913
123.150.53.41,951007,11826,962833
123.150.53.43,4266355,47647,4314002
123.150.53.44,5706382,1817595,7523977
123.150.53.45,629028,4137,633165
123.150.53.47,79846840,2732916,82579756
123.150.53.48,686959,7763,694722
123.150.53.49,4421129,1281295,5702424
123.150.53.50,3059835,76381,3136216
123.150.53.51,4154,2516,6670
123.150.53.53,27557737,1111074,28668811
123.150.53.55,75807,2742,78549
123.150.53.56,2921123,62187,2983310
123.150.53.7,10816451,3612,10820063
123.150.53.82,696832,27506,724338
123.150.53.84,110927,7722,118649
123.150.53.94,3774632,122989,3897621
123.150.53.96,15631159,497810,16128969
123.150.54.11,249404,2764,252168
123.150.54.12,3441093,534517,3975610
123.150.54.141,585705,16599,602304
123.150.54.143,12849333,1620875,14470208
123.150.54.144,3843581,945387,4788968
123.150.54.146,227544,14014,241558
123.150.54.15,770895,5060,775955
123.150.54.150,2632468,86512,2718980
123.150.54.151,115190,9667,124857
123.150.54.155,1500110,118615,1618725
123.150.54.156,420107,14781,434888
123.150.54.158,215097,20311,235408
123.150.54.160,81174,9326,90500
123.150.54.161,88453,9625,98078
123.150.54.163,113156,8595,121751
123.150.54.164,100196,7893,108089
123.150.54.20,16595551,885098,17480649
123.150.54.208,67957,9099,77056
123.150.54.209,432981,54586,487567
123.150.54.21,5609213,95093,5704306
123.150.54.24,567317,15197,582514
123.150.54.25,3105390,26393,3131783
123.150.54.26,2035516,26463,2061979
123.150.54.48,32422077,4721,32426798
123.150.55.141,16144,1066,17210
123.150.55.145,80388,5351,85739
123.150.55.19,1528045,107467,1635512
123.150.55.79,44523,950,45473
123.150.92.29,42496,35731,78227
123.150.92.30,38166,38314,76480
123.150.92.38,32701,34434,67135
123.150.92.42,78772,78124,156896
123.150.92.52,7082,3320,10402
123.150.92.53,51946,6866,58812
123.151.10.153,240990,100861,341851
123.151.10.163,184040,76368,260408
123.151.10.169,151571,61335,212906
123.151.10.172,2924339,1824631,4748970
123.151.10.177,13272364,2376091,15648455
123.151.10.178,1137487,6807,1144294
123.151.10.180,246929,91991,338920
123.151.10.181,1468209,993472,2461681
123.151.10.182,11516,3415,14931
123.151.10.189,74973,32320,107293
123.151.10.192,121647,40603,162250
123.151.10.194,233208,61120,294328
123.151.10.195,134514,102935,237449
123.151.10.196,0,0,0
123.151.12.156,57171,79803,136974
123.151.12.166,452094,108540,560634
123.151.12.171,1255986,249560,1505546
123.151.138.106,899118,374240,1273358
123.151.138.107,3604078,703359,4307437
123.151.138.108,836055,310724,1146779
123.151.138.111,15363,6952,22315
123.151.138.146,0,0,0
123.151.138.149,2660954,8040,2668994
123.151.138.150,94532,1716,96248
123.151.138.151,881911,1172,883083
123.151.138.182,151937,885,152822
123.151.139.116,86812,214197,301009
123.151.139.121,283892281,1507375,285399656
123.151.139.122,196924024,1199327,198123351
123.151.139.17,19210882,3394989,22605871
123.151.139.35,300830038,19281973,320112011
123.151.139.37,5589557,794120,6383677
123.151.139.41,5934366,634418,6568784
123.151.139.64,160,741,901
123.151.139.66,4880039,482847,5362886
123.151.139.68,1843,744,2587
123.151.139.73,2905881,2226093,5131974
123.151.14.107,1504630,205313,1709943
123.151.14.108,743792,131819,875611
123.151.14.109,4770131,187652,4957783
123.151.14.112,694110,29562,723672
123.151.14.113,1076338,417516,1493854
123.151.14.118,8139441,117852,8257293
123.151.14.119,1575792,89678,1665470
123.151.148.155,5780,5508,11288
123.151.148.64,917801,685050,1602851
123.151.148.65,963326,370491,1333817
123.151.148.66,716809,397801,1114610
123.151.148.69,358680,97159,455839
123.151.148.71,2559789,6218309,8778098
123.151.148.72,5271911,5916543,11188454
123.151.148.73,1768214,146312,1914526
123.151.148.74,29126,56581,85707
123.151.148.75,916,5988,6904
123.151.148.76,1536,32963,34499
123.151.148.78,80726639,11340827,92067466
123.151.148.80,601,23,624
123.151.148.82,3335757,927069,4262826
123.151.149.122,7812,7452,15264
123.151.149.123,7626,7290,14916
123.151.149.124,13908,13446,27354
123.151.149.125,21072,20250,41322
123.151.149.126,66580,63666,130246
123.151.149.127,5270,5022,10292
123.151.149.128,17340,16678,34018
123.151.149.129,2040,2106,4146
123.151.149.130,7950,7614,15564
123.151.149.131,4922,5022,9944
123.151.149.144,4420,4212,8632
123.151.149.145,22926,21870,44796
123.151.149.146,2720,3240,5960
123.151.149.147,15292,14580,29872
123.151.149.148,74366,72738,147104
123.151.149.149,21080,20088,41168
123.151.149.185,2210,2268,4478
123.151.149.186,10702,10206,20908
123.151.149.189,83143,66837,149980
123.151.149.190,4590,4374,8964
123.151.149.191,0,648,648
123.151.149.199,1163,947646,948809
123.151.149.203,315248,1897,317145
123.151.149.204,3308096,2648,3310744
123.151.149.205,284612,912,285524
123.151.149.220,2938,2244,5182
123.151.149.223,237267,220067,457334
123.151.149.24,8840,4183945,4192785
123.151.149.25,36788,33619028,33655816
123.151.149.251,1063708,2268,1065976
123.151.149.27,11119,8189476,8200595
123.151.149.28,96841,667,97508
123.151.149.29,2801545,15320,2816865
123.151.149.30,632009,1022,633031
123.151.149.31,2263,712,2975
123.151.149.78,8715569,5311798,14027367
123.151.149.95,1360,1296,2656
123.151.15.160,3589,2292,5881
123.151.15.162,4180,11302,15482
123.151.15.164,28045,3685,31730
123.151.15.169,2058,14929,16987
123.151.15.170,3949,10193,14142
123.151.15.172,4370,11448,15818
123.151.15.174,12891,19309,32200
123.151.15.175,1690,8646,10336
123.151.15.182,5029,6591,11620
123.151.15.186,182029,54031,236060
123.151.15.187,1262262,141455,1403717
123.151.15.202,186055470,1148788,187204258
123.151.152.110,8590716,977365,9568081
123.151.152.111,733354,40724,774078
123.151.152.115,731959,12106,744065
123.151.152.120,167732,6833,174565
123.151.152.122,1920,1379,3299
123.151.152.125,110011,275224,385235
123.151.152.126,22089,60956,83045
123.151.152.129,263211,64227,327438
123.151.152.158,49421,75363,124784
123.151.152.53,2754542,1730357,4484899
123.151.152.55,2947,19104,22051
123.151.152.56,223078965,1210457,224289422
123.151.152.57,5148635,341681,5490316
123.151.153.108,850231,5937,856168
123.151.153.26,125315,126251,251566
123.151.153.29,1680595,936650,2617245
123.151.153.30,1750070,894662,2644732
123.151.153.31,236740,527726,764466
123.151.153.32,4322029,1150412,5472441
123.151.153.33,694661,147999,842660
123.151.153.34,349354,1439,350793
123.151.153.35,1380557,2249,1382806
123.151.153.37,78962,52398869,52477831
123.151.155.149,459862,2464,462326
123.151.155.153,224532,896,225428
123.151.176.105,213101,1179,214280
123.151.176.107,231221,7996,239217
123.151.176.108,2838309,4611,2842920
123.151.176.115,2464512,191467,2655979
123.151.176.116,3088667,139999,3228666
123.151.176.117,1515980,105150,1621130
123.151.176.118,1465720,156171,1621891
123.151.176.119,8399,16330,24729
123.151.176.120,49515,48599,98114
123.151.176.121,26785,43539,70324
123.151.176.122,180058,540,180598
123.151.176.123,50350,9146,59496
123.151.176.127,422342,585,422927
123.151.176.128,216915,562,217477
123.151.176.130,6964429,384127,7348556
123.151.176.149,1164276,610,1164886
123.151.176.150,386350,1118,387468
123.151.176.164,789,132301,133090
123.151.176.166,957618,54439,1012057
123.151.176.167,756034,55422,811456
123.151.176.168,658050,56873,714923
123.151.176.172,1767,347,2114
123.151.176.184,1748,347,2095
123.151.176.190,7353535,5917,7359452
123.151.176.191,8261616,4449,8266065
123.151.176.201,814,15616,16430
123.151.176.202,6469591,4107,6473698
123.151.176.204,299759,1081,300840
123.151.176.206,814,16279,17093
123.151.176.211,32150,29660352,29692502
123.151.176.213,814,52483,53297
123.151.176.217,26285,1065,27350
123.151.176.224,51001,533,51534
123.151.176.228,192427,1437,193864
123.151.176.233,136,347,483
123.151.176.240,1123496,5008,1128504
123.151.176.248,2536,4176485,4179021
123.151.176.252,52952,562,53514
123.151.176.253,18280,123905027,123923307
123.151.177.109,80053,532,80585
123.151.177.117,4945552,6695,4952247
123.151.177.118,136,347,483
123.151.177.119,2170936,8873,2179809
123.151.177.120,113166,534,113700
123.151.177.125,157061,534,157595
123.151.177.126,1518,347,1865
123.151.177.18,135,346,481
123.151.177.26,75246,593,75839
123.151.177.27,929525,1120,930645
123.151.177.28,2981429,1454,2982883
123.151.177.29,370881,593,371474
123.151.178.106,535510,2036781,2572291
123.151.178.107,1840371,5872,1846243
123.151.178.108,913211,75282,988493
123.151.178.109,1565884,240940,1806824
123.151.178.110,1226032,21972,1248004
123.151.178.113,3011,347,3358
123.151.178.114,2661,347,3008
123.151.178.116,2726,347,3073
123.151.179.161,5566,2229,7795
123.151.182.79,932781,250142,1182923
123.151.185.106,3018,2833,5851
123.151.185.107,322628,2220,324848
123.151.185.108,325306,1746,327052
123.151.185.109,6772969,2274,6775243
123.151.185.111,222692,1612,224304
123.151.185.112,61996,716,62712
123.151.185.113,59596,746,60342
123.151.30.138,0,0,0
123.151.31.108,214,226,440
123.151.31.109,945,504,1449
123.151.31.110,67641,115223,182864
123.151.31.115,19320,1016,20336
123.151.31.119,53190,25344,78534
123.151.31.124,3561,5932,9493
123.151.31.148,34311,2260,36571
123.151.31.149,1023,237,1260
123.151.31.150,1580,1963,3543
123.151.31.154,668,272,940
123.151.31.191,1188,1353,2541
123.151.31.202,5980,4589,10569
123.151.31.233,3410,544,3954
123.151.31.250,332,427,759
123.151.31.252,7252,844,8096
123.151.31.254,218338,9250,227588
123.151.31.255,115976,147025,263001
123.151.31.80,75698,19662,95360
123.151.31.98,240168,141958,382126
123.151.32.0,12265,6744,19009
123.151.37.19,7127631,8459855,15587486
123.151.37.94,371560,1008,372568
123.151.38.143,2317,405,2722
123.151.38.32,938216,224820,1163036
123.151.38.33,790843,115879,906722
123.151.38.34,5425111,142565,5567676
123.151.38.35,724450,167692,892142
123.151.38.36,99587,5259,104846
123.151.38.37,341965,138837,480802
123.151.38.38,218315,92097,310412
123.151.38.39,640824,191388,832212
123.151.38.40,560836,155001,715837
123.151.38.41,18728,31047,49775
123.151.40.110,193059,64509,257568
123.151.40.166,121,149,270
123.151.40.167,137256,119517,256773
123.151.40.168,172,149,321
123.151.40.17,46466,73957,120423
123.151.40.170,1442,1204,2646
123.151.40.180,344,298,642
123.151.40.182,284581,119518,404099
123.151.40.184,178360,461105,639465
123.151.40.185,190288,34782,225070
123.151.40.188,637,580,1217
123.151.40.190,465,596,1061
123.151.40.192,22641,6258,28899
123.151.40.193,3328798,1852175,5180973
123.151.40.194,1032,894,1926
123.151.40.195,14817,14033,28850
123.151.40.196,40877,38305,79182
123.151.40.198,8356083,5678132,14034215
123.151.40.29,5621,4162,9783
123.151.40.30,126439,109343,235782
123.151.40.49,7229019,5165800,12394819
123.151.40.52,3714,288,4002
123.151.40.53,454805,1548,456353
123.151.40.62,11097244,6585926,17683170
123.151.40.65,8696367,6057738,14754105
123.151.40.66,1004445,1445,1005890
123.151.40.79,749378,1647,751025
123.151.40.80,780114,1055,781169
123.151.40.81,868126,1950,870076
123.151.41.224,10632444,7619708,18252152
123.151.41.225,2800,16206,19006
123.151.41.23,3462497,9056,3471553
123.151.41.24,767,581,1348
123.151.41.85,2278,724,3002
123.151.42.58,115576,95926,211502
123.151.42.72,43767,69496,113263
123.151.42.76,3000,15220,18220
123.151.42.85,259512,259512,519024
123.151.43.119,1596480,272622,1869102
123.151.43.145,7580548,5379597,12960145
123.151.43.56,11524,4828,16352
123.151.44.144,193,580,773
123.151.44.97,2278,676,2954
123.151.45.29,44775,5186,49961
123.151.45.50,9721,6615,16336
123.151.45.89,61488,7659,69147
123.151.47.114,9426507,6294263,15720770
123.151.47.115,5884283,4690518,10574801
123.151.47.54,2218,1401,3619
123.151.47.86,465,415,880
123.151.47.96,30577,10180,40757
123.151.64.100,471620,1113246,1584866
123.151.64.101,1958651,134926,2093577
123.151.64.102,499985,116274,616259
123.151.64.103,743536,135961,879497
123.151.64.131,993902,5006,998908
123.151.64.199,1700139,889758,2589897
123.151.64.200,1582633,126075,1708708
123.151.64.202,289667,74658,364325
123.151.64.26,740730,1640,742370
123.151.64.28,134,345,479
123.151.64.31,134,345,479
123.151.64.46,629334,41974,671308
123.151.64.47,755882,52574,808456
123.151.64.48,628360,46844,675204
123.151.64.50,526029,12760,538789
123.151.64.51,2681285,852568,3533853
123.151.64.52,1881729,98779,1980508
123.151.64.53,605088,40513154,41118242
123.151.64.54,7951891,891156,8843047
123.151.64.55,1609021,1147815,2756836
123.151.64.56,4466309,76595,4542904
123.151.64.57,828014,954243,1782257
123.151.64.58,844779,53909,898688
123.151.64.59,676002,49525,725527
123.151.64.60,977963,56618,1034581
123.151.64.61,1894318,548763,2443081
123.151.64.62,909699,18469560,19379259
123.151.64.63,214397,81576,295973
123.151.64.64,2001436,136245,2137681
123.151.64.65,2128262,27409763,29538025
123.151.64.66,1140913,242292,1383205
123.151.64.67,269327,14969,284296
123.151.64.68,3262438,93010,3355448
123.151.64.69,3629166,1413939,5043105
123.151.64.70,551724,57260,608984
123.151.64.71,4268435,353312,4621747
123.151.64.72,1528984,214088,1743072
123.151.64.73,1803175,231792,2034967
123.151.64.74,2653116,400808,3053924
123.151.64.75,1105655,357487,1463142
123.151.64.76,1699010,136578,1835588
123.151.64.77,16245419,190724,16436143
123.151.64.80,8965209,705584,9670793
123.151.64.81,15554212,1052045,16606257
123.151.64.82,1326615,1535070,2861685
123.151.71.112,2161162,215561,2376723
123.151.71.114,2832627,296292,3128919
123.151.71.123,3607935,273818,3881753
123.151.71.124,35066182,660482,35726664
123.151.71.125,30189056,610746,30799802
123.151.71.126,15703,6440,22143
123.151.71.16,38913517,711864,39625381
123.151.71.19,287211,562,287773
123.151.71.20,3577130,211282,3788412
123.151.71.21,27872415,655502,28527917
123.153.35.219,41,151,192
123.155.64.214,41,151,192
123.156.136.52,486,672,1158
123.156.28.252,748,218,966
123.157.149.234,0,2773,2773
123.157.214.35,534,2011,2545
123.158.212.203,0,68,68
123.159.202.14,1020820,334,1021154
123.159.202.141,370895,30835,401730
123.159.202.49,553,263,816
123.159.205.174,436402,20956,457358
123.159.206.203,6746356,1078031,7824387
123.160.103.54,0,181,181
123.160.125.26,9537,52,9589
123.160.125.63,214,155,369
123.160.82.241,616,1310,1926
123.160.84.201,2434,509,2943
123.161.1.149,9537,53,9590
123.161.135.170,31673,5983101,6014774
123.161.182.220,84,225,309
123.161.20.3,86,103,189
123.161.4.232,0,68,68
123.161.47.254,9537,53,9590
123.162.189.109,10704,2262,12966
123.162.189.110,2529,5299,7828
123.162.189.130,5393,1518,6911
123.162.189.131,3373,1039,4412
123.162.189.135,2108,3900,6008
123.162.189.137,561010,23172,584182
123.162.189.138,662664,30516,693180
123.162.189.72,2150237,271737,2421974
123.162.189.74,624104,13033,637137
123.162.190.182,2047,3422,5469
123.162.191.149,44320,1027,45347
123.162.191.150,0,1214,1214
123.162.191.17,1582,962,2544
123.162.191.30,15076,42751,57827
123.162.191.34,11924,42242,54166
123.162.191.36,108498,312085,420583
123.162.191.48,12526,1610,14136
123.162.191.49,41092,3682,44774
123.162.191.53,70108,24079,94187
123.162.249.252,41,151,192
123.162.7.214,8435,41,8476
123.162.7.219,192,153,345
123.163.137.135,180532,93,180625
123.164.134.190,516,932,1448
123.164.163.170,8338,512804,521142
123.164.32.185,1380,892,2272
123.164.50.165,614,1121,1735
123.164.90.68,1143,5665,6808
123.164.91.23,614,1117,1731
123.164.93.131,3342,444342,447684
123.165.0.252,473,931,1404
123.165.155.44,22,125,147
123.165.16.223,1230,2407,3637
123.165.166.51,614,1400,2014
123.165.175.162,775,615,1390
123.165.185.55,205,401,606
123.165.196.80,410,801,1211
123.165.204.30,7920,1048102,1056022
123.165.241.136,89,106,195
123.165.252.23,84166,56605019,56689185
123.165.26.239,102,200,302
123.165.34.251,321,16726,17047
123.165.36.217,240,157,397
123.165.56.164,41,143,184
123.165.81.174,235,155,390
123.166.112.62,821,1611,2432
123.166.123.222,547269,5169,552438
123.166.125.116,18441,997800,1016241
123.166.195.178,237,157,394
123.166.206.212,206,399,605
123.166.208.243,474,310,784
123.166.226.91,133,547,680
123.166.234.87,517,1003,1520
123.166.252.124,18125,11073440,11091565
123.166.255.128,101,201,302
123.166.26.4,1633,2296,3929
123.166.32.72,238,157,395
123.166.41.230,196918,75,196993
123.166.83.143,188,400,588
123.166.96.188,103,201,304
123.168.103.252,14059,300949,315008
123.168.86.190,243,123,366
123.169.2.134,102,201,303
123.169.209.153,65751,51,65802
123.169.59.255,41,151,192
123.170.109.96,46795,330011,376806
123.170.192.103,292477,484141,776618
123.170.206.112,307,560,867
123.171.163.172,38627,396,39023
123.171.170.96,824,164810,165634
123.171.175.109,9829,847735,857564
123.171.27.237,541,50825,51366
123.172.113.113,3459,50629,54088
123.172.123.135,2311,441,2752
123.172.155.13,9537,53,9590
123.172.162.163,102,187,289
123.172.165.68,12766,8164,20930
123.172.194.117,9537,53,9590
123.172.77.3,0,53,53
123.172.91.170,217,123,340
123.173.101.156,303,598,901
123.173.101.185,41,151,192
123.173.188.44,675,468,1143
123.173.38.169,26705,75148,101853
123.173.65.124,9537,49,9586
123.173.70.15,2856,2294,5150
123.174.109.80,103,200,303
123.174.2.215,105,15268,15373
123.174.20.164,114939,62,115001
123.174.49.13,9537,53,9590
123.174.9.41,4219,424,4643
123.175.23.174,0,1337,1337
123.179.14.126,9537,53,9590
123.179.67.8,131337,71,131408
123.180.147.240,984,509,1493
123.181.198.159,9537,53,9590
123.182.138.95,8088,5649,13737
123.182.25.78,19074,105,19179
123.182.49.232,454,308,762
123.182.83.15,262493,55,262548
123.182.88.207,9540,53,9593
123.182.97.164,9537,53,9590
123.183.124.62,453,278,731
123.183.208.236,654233,11053,665286
123.184.205.185,311,147783,148094
123.184.218.190,0,190,190
123.184.254.73,2532137,212608,2744745
123.184.42.106,670,399,1069
123.184.45.56,2746,591688,594434
123.184.77.175,304,601,905
123.185.156.20,696,466,1162
123.185.169.161,514,1000,1514
123.185.179.62,410,803,1213
123.185.226.184,622,1119,1741
123.185.234.78,229,131,360
123.185.47.19,1162,676,1838
123.185.61.138,644,1096,1740
123.185.66.64,1238,2607,3845
123.185.74.245,65760,203,65963
123.186.135.61,8280,53,8333
123.186.153.143,0,61189,61189
123.186.188.129,103,230,333
123.186.204.16,2917,36041,38958
123.186.205.210,216,122,338
123.186.237.87,2753,193334,196087
123.186.39.93,483370,4665,488035
123.186.63.202,16555,30,16585
123.186.85.92,960,600,1560
123.186.86.10,305,561,866
123.186.94.185,2416,436047,438463
123.187.103.99,9537,53,9590
123.187.150.155,23054,781,23835
123.187.239.220,238,157,395
123.187.242.188,41,151,192
123.187.28.199,929,585,1514
123.187.41.79,0,68,68
123.187.80.237,304,600,904
123.189.103.29,41,151,192
123.189.38.197,41,151,192
123.190.143.205,41,151,192
123.190.181.29,41,151,192
123.190.198.47,41,151,192
123.190.57.63,946,9418,10364
123.191.236.23,22,30,52
123.192.213.201,1048,3315,4363
123.193.66.29,906,396,1302
123.194.96.239,737,2949,3686
123.196.112.187,62568,2138,64706
123.196.117.227,44819,18762,63581
123.196.117.30,1450,446,1896
123.196.118.44,1086,1076,2162
123.196.118.55,19176,4805,23981
123.196.118.75,223090,33238,256328
123.196.118.88,2249,1449,3698
123.196.118.91,175847,7351,183198
123.196.121.11,674645,39061,713706
123.196.121.16,205381,19631,225012
123.196.122.34,1429,269,1698
123.196.122.52,701793,80612,782405
123.196.125.95,16560,452,17012
123.196.125.99,4552,450,5002
123.196.127.18,9367,406,9773
123.196.127.9,19320,450,19770
123.2.93.37,1425411,2912903,4338314
123.202.4.70,0,7929,7929
123.202.50.251,0,695,695
123.203.154.178,0,68,68
123.203.88.159,0,8545,8545
123.205.127.53,1040,640,1680
123.233.119.75,76299,3303,79602
123.233.119.93,764106,11310,775416
123.234.149.124,41,151,192
123.234.41.65,16002,1425,17427
123.234.82.13,41936,1808,43744
123.235.1.157,11040,227,11267
123.235.22.71,63649,1136,64785
123.240.189.2,0,272,272
123.240.2.33,521,352,873
123.240.98.243,1033,670,1703
123.243.25.40,654,856,1510
123.244.108.108,101,188,289
123.244.181.157,596,112028,112624
123.244.183.199,2367,469003,471370
123.244.192.13,854986,16041,871027
123.244.34.38,177,82077,82254
123.245.111.30,471,309,780
123.245.138.213,1749,121360,123109
123.245.138.227,3222,2039,5261
123.245.210.47,41,143,184
123.245.232.46,114939,62,115001
123.245.237.15,180519,62,180581
123.245.27.48,213,123,336
123.245.37.75,49287,124,49411
123.245.38.203,102,201,303
123.245.85.61,0,68,68
123.245.91.190,822,557,1379
123.246.10.49,16072,2396,18468
123.246.112.166,668,402,1070
123.246.132.57,250,184,434
123.246.87.98,84,84,168
123.246.88.140,0,1337,1337
123.247.72.42,73,79,152
123.249.24.174,404148,999,405147
123.249.24.198,1708,604,2312
123.249.24.226,0,541,541
123.249.25.20,24840,681,25521
123.249.26.170,1273,1003,2276
123.249.29.166,3570,21488,25058
123.249.34.17,0,255,255
123.254.104.212,29015,6746,35761
123.254.104.81,84086,7538,91624
123.254.107.56,2460,1287,3747
123.254.107.99,174288,11171,185459
123.254.111.184,51060,1849,52909
123.254.111.191,40527,2531,43058
123.254.111.207,147487,5146,152633
123.30.129.152,21141,655,21796
123.30.175.34,16579,1755,18334
123.4.170.127,535,330,865
123.52.111.83,266,185,451
123.52.113.52,104,202,306
123.52.12.52,190,156,346
123.52.154.218,409,800,1209
123.52.167.37,208,406,614
123.52.173.8,5168,4118155,4123323
123.52.219.223,413,799,1212
123.52.235.63,191,155,346
123.53.234.51,6314,65632,71946
123.53.252.118,6900,49,6949
123.53.29.255,9380,73221,82601
123.54.188.109,9537,53,9590
123.54.228.192,9537,53,9590
123.54.30.43,7207,122,7329
123.54.55.22,306,498,804
123.55.134.231,309,600,909
123.55.192.31,969,776,1745
123.55.218.227,455,277,732
123.55.43.138,709,91984,92693
123.56.103.28,1453173,25015,1478188
123.56.104.113,22080,452,22532
123.56.106.141,19320,452,19772
123.56.107.216,75900,1135,77035
123.56.113.243,1105498,81132,1186630
123.56.116.227,303476,36334,339810
123.56.123.151,183610,4894,188504
123.56.130.228,1152300,12430,1164730
123.56.131.237,4608,452,5060
123.56.132.199,408494,29717,438211
123.56.144.70,7756066,1709447,9465513
123.56.84.214,1978,324,2302
123.56.84.22,46962,1150,48112
123.56.87.115,110169,5631,115800
123.56.87.33,544821,14908,559729
123.56.89.193,20211,10778,30989
123.56.89.243,134457,4149,138606
123.57.0.111,33120,896,34016
123.57.10.164,400,301,701
123.57.11.21,49143,1826,50969
123.57.12.196,16726,4740,21466
123.57.12.243,222663,6056,228719
123.57.12.49,243400,926,244326
123.57.133.42,8280,1022,9302
123.57.133.56,786256,54325,840581
123.57.145.207,4455,4759,9214
123.57.159.53,18416,448,18864
123.57.17.165,17075,462,17537
123.57.188.122,8200,1595,9795
123.57.188.243,7603,2373,9976
123.57.188.29,35512,3696,39208
123.57.19.175,71799,6165,77964
123.57.224.52,101131,8690,109821
123.57.250.60,5322107,313355,5635462
123.57.253.100,2148,8624,10772
123.57.254.116,3145,10176,13321
123.57.254.137,1620,7870,9490
123.57.254.18,3947,12068,16015
123.57.3.93,1010,6754,7764
123.57.35.111,98889,2651,101540
123.57.37.155,1625,122627,124252
123.57.38.227,541622,9471,551093
123.57.39.244,12067,3427,15494
123.57.46.109,1751348,85051,1836399
123.57.46.6,95763,10671,106434
123.57.52.94,1579,675,2254
123.57.60.52,3040,3120,6160
123.57.65.26,299844,3276,303120
123.57.67.155,2150794,34334,2185128
123.57.68.43,480,1284,1764
123.57.7.100,27600,462,28062
123.57.7.154,212766,14480,227246
123.57.73.32,67159,7916,75075
123.57.73.69,0,72,72
123.57.74.74,13993,991,14984
123.57.75.78,233,1642,1875
123.57.8.234,23610,11494,35104
123.57.8.81,1461608,101868,1563476
123.58.128.70,940,444,1384
123.58.167.233,590,566,1156
123.58.167.82,31552,1328,32880
123.58.170.146,138,379,517
123.58.171.238,52144,940,53084
123.58.173.111,9901913,1982,9903895
123.58.175.149,1429842,24760,1454602
123.58.175.163,67860,3011,70871
123.58.175.164,84502,3514,88016
123.58.175.202,37700,1135,38835
123.58.175.203,45208,1135,46343
123.58.175.204,52495,2459,54954
123.58.176.116,264461,1125,265586
123.58.176.118,315304,1083,316387
123.58.176.127,2293,1315,3608
123.58.176.25,51259,253958,305217
123.58.176.67,86571,403367,489938
123.58.176.68,90680,446445,537125
123.58.176.69,78779,423530,502309
123.58.176.86,79528,391349,470877
123.58.177.108,12299,2503,14802
123.58.177.109,1400461,1443222,2843683
123.58.177.141,41559,649,42208
123.58.177.18,23019,51727,74746
123.58.179.178,11269,12572,23841
123.58.180.10,2274607,115243,2389850
123.58.180.100,321215,135834,457049
123.58.180.11,693940,34778,728718
123.58.180.110,14814307,6354949,21169256
123.58.180.111,12644776,5969339,18614115
123.58.180.12,108994,5401,114395
123.58.180.122,2211,17151,19362
123.58.180.123,76359,51348,127707
123.58.180.124,31312,15174,46486
123.58.180.125,103132,13304,116436
123.58.180.126,10245127,5665893,15911020
123.58.180.127,12898612,3186945,16085557
123.58.180.129,86180,30518,116698
123.58.180.13,246887,15790,262677
123.58.180.130,7613,223,7836
123.58.180.131,9061,223,9284
123.58.180.82,7894,17206,25100
123.58.180.83,65792,252399,318191
123.58.180.99,553462,134369,687831
123.58.181.144,432448,5755573,6188021
123.58.181.145,188782,1983829,2172611
123.58.181.36,280,444,724
123.58.181.37,398,22172,22570
123.58.182.106,1575,1730,3305
123.58.182.109,315,346,661
123.58.182.110,0,0,0
123.58.182.15,4316,4722,9038
123.58.182.213,466166,869631,1335797
123.58.182.214,822099,2853199,3675298
123.58.182.215,768975,2168673,2937648
123.58.182.96,4550,5775,10325
123.58.183.0,8158616,2777931,10936547
123.58.183.1,6756611,1168445,7925056
123.58.183.2,4538389,2197770,6736159
123.58.185.12,54064,6272,60336
123.58.185.13,70400,4000,74400
123.58.185.15,945,1417,2362
123.58.188.243,2182,3298,5480
123.58.188.29,0,491,491
123.58.188.32,0,726,726
123.58.189.22,617941,118075,736016
123.58.189.23,150450,48004,198454
123.58.189.30,373138,113152,486290
123.58.189.31,284676,72190,356866
123.58.189.62,165405,48290,213695
123.58.189.63,1246,8919,10165
123.58.189.64,341452,688715,1030167
123.58.189.65,453029,987184,1440213
123.59.52.152,378809,26116,404925
123.59.54.210,2348233,41952,2390185
123.59.55.137,1912410,4505,1916915
123.59.57.41,712,1685,2397
123.59.57.73,1288,564,1852
123.59.58.176,40020,603,40623
123.59.58.187,5209540,180154,5389694
123.59.62.112,12089,2753,14842
123.59.62.113,4140,721,4861
123.59.62.114,27124,8531,35655
123.59.62.115,30560,14215,44775
123.59.62.123,8251,1442,9693
123.59.62.196,1232,632,1864
123.6.216.97,0,222,222
123.6.65.98,744,5214,5958
123.60.134.130,1481,373,1854
123.66.223.59,249,694,943
123.9.216.241,41,143,184
123.96.120.99,25951,779,26730
123.96.141.173,33878,186,34064
123.96.163.109,19074,106,19180
123.96.205.210,509,1003,1512
123.96.253.112,238,155,393
123.96.71.11,10445,1151,11596
123.96.99.34,41,151,192
123.97.116.253,426,279,705
123.97.13.250,5061,151,5212
123.97.226.44,9537,49,9586
123.97.227.52,9541,53,9594
123.97.79.61,9537,53,9590
123.97.85.88,305,559,864
124.105.53.198,2433446,40847,2474293
124.108.101.15,0,0,0
124.11.129.158,309,349,658
124.11.187.103,0,68,68
124.112.165.164,9537,52,9589
124.112.17.31,205,398,603
124.112.189.122,236,156,392
124.112.212.99,8449,43,8492
124.112.225.241,9537,53,9590
124.112.227.204,409,746,1155
124.112.79.47,12297,102,12399
124.113.154.154,0,190,190
124.113.180.193,434,1786902,1787336
124.113.184.115,84,84,168
124.113.184.146,19078,106,19184
124.113.185.62,41,143,184
124.113.201.68,171255,691,171946
124.113.204.132,101,16481,16582
124.113.218.166,412,221,633
124.113.219.234,9537,53,9590
124.113.237.2,1118,746,1864
124.113.6.220,512,1011,1523
124.114.11.197,9537,53,9590
124.114.114.80,32997,138,33135
124.114.130.155,15831,460,16291
124.114.157.209,86,86,172
124.114.190.51,446,179,625
124.114.200.103,16820,452,17272
124.114.211.210,9537,53,9590
124.114.232.63,9537,53,9590
124.114.67.4,140184,732,140916
124.114.79.69,159,23,182
124.114.8.225,41489,1192,42681
124.114.83.86,45,142,187
124.115.16.211,20700,456,21156
124.115.164.45,154,65674,65828
124.115.18.58,841345,19666,861011
124.115.18.63,51645,977,52622
124.115.197.192,9537,53,9590
124.115.20.105,0,0,0
124.115.20.163,750,1302,2052
124.115.20.165,373,721,1094
124.115.20.71,311100647,9582789,320683436
124.115.21.101,10310,1531,11841
124.115.21.54,10246,1671,11917
124.115.227.180,240,157,397
124.115.49.118,9537,53,9590
124.115.9.10,33130538,31941,33162479
124.115.9.12,29182132,40056,29222188
124.115.9.14,18782006,40062,18822068
124.115.9.8,11881706,120377,12002083
124.116.108.24,9537,49,9586
124.116.115.130,45,126,171
124.116.176.128,9616,464,10080
124.116.176.179,16560,452,17012
124.116.197.61,11820,414,12234
124.116.241.130,286916,1792,288708
124.116.244.11,717155,15405,732560
124.117.12.144,85,85,170
124.117.125.73,471,310,781
124.117.209.199,20486,462,20948
124.117.222.41,1488,456,1944
124.117.225.165,561840,2270,564110
124.117.244.248,1475,120,1595
124.117.244.249,160,70,230
124.117.47.85,17319,403,17722
124.117.90.87,364,115,479
124.118.194.36,9537,53,9590
124.118.50.62,9537,53,9590
124.118.60.154,9541,53,9594
124.118.65.15,0,572,572
124.118.93.187,9537,53,9590
124.119.106.209,1460,892,2352
124.119.115.167,41,151,192
124.119.133.39,6019,1413739,1419758
124.119.216.233,307,599,906
124.119.224.111,4944,770298,775242
124.119.244.179,103,16483,16586
124.119.85.243,639,132,771
124.126.126.138,1649665,29792,1679457
124.126.126.140,6764195,39435,6803630
124.126.126.142,7993187,58786,8051973
124.126.126.144,986857,42128,1028985
124.126.126.146,443399,10344,453743
124.126.126.148,6319541,55344,6374885
124.126.126.150,1424537,7398,1431935
124.126.131.168,102,202,304
124.126.135.105,92,155,247
124.126.143.87,152,544,696
124.126.152.208,206,402,608
124.126.153.192,1414,2325,3739
124.126.155.46,251,447,698
124.126.157.128,102,198,300
124.126.160.190,617,1118,1735
124.126.179.63,101,201,302
124.126.188.158,236,155,391
124.126.190.160,190,154,344
124.126.205.118,2548,272152,274700
124.126.209.234,452,280,732
124.126.21.244,608,1119,1727
124.126.214.70,113,234,347
124.126.223.160,954,447,1401
124.126.225.150,103,199,302
124.126.225.165,864,9313,10177
124.126.25.13,410,742,1152
124.126.250.10,3767765,124811,3892576
124.126.250.130,13521298,325317,13846615
124.126.250.131,20274464,594970,20869434
124.126.250.146,124836608,5079564,129916172
124.126.250.148,138620020,5988004,144608024
124.126.250.250,490762249,30513233,521275482
124.126.250.251,25467189,44022,25511211
124.126.250.76,1719010,3812,1722822
124.126.250.82,1272320,947,1273267
124.126.250.86,144900,909,145809
124.126.251.252,52388,2478,54866
124.126.255.14,119016,514,119530
124.126.255.74,632582,8836,641418
124.126.255.76,1264683,945,1265628
124.126.29.254,7810,447,8257
124.126.90.43,249,447,696
124.126.91.81,102,201,303
124.127.100.250,1705092,194663,1899755
124.127.108.111,24284,918,25202
124.127.113.35,85247,21164,106411
124.127.117.145,614,1115,1729
124.127.147.36,2292,447,2739
124.127.166.88,260,905,1165
124.127.181.19,817153,32241,849394
124.127.181.70,827535,148126,975661
124.127.185.111,16972,695,17667
124.127.207.71,11087962,143843,11231805
124.127.215.26,23089,5592044,5615133
124.127.217.42,46954,149,47103
124.127.219.62,787,447,1234
124.127.221.165,235,157,392
124.127.247.239,1316600,153033,1469633
124.127.254.63,2689,456,3145
124.127.49.235,38953,1094,40047
124.127.52.196,4315,7098,11413
124.127.52.79,144463,856,145319
124.127.55.171,2760,928,3688
124.127.66.43,112548,1170,113718
124.127.73.243,16483,137,16620
124.127.75.118,368,685,1053
124.127.79.54,24,30,54
124.128.235.236,376172,23288,399460
124.128.235.237,1208,458,1666
124.128.235.243,47069,3774,50843
124.128.246.31,50306,1474,51780
124.128.37.72,18040,1356,19396
124.128.56.27,4580,276,4856
124.128.62.151,16560,462,17022
124.128.77.144,1040564,29124,1069688
124.129.32.63,2104,952,3056
124.13.189.239,921,2684,3605
124.131.212.11,41,143,184
124.131.39.57,41,302,343
124.133.228.118,7585,371,7956
124.133.228.17,983,425,1408
124.133.228.170,16895,8143,25038
124.133.228.171,13361,898,14259
124.133.228.230,0,0,0
124.133.228.82,5293,7135,12428
124.133.228.99,1208,484,1692
124.133.254.56,11550,2108,13658
124.133.78.0,1374,721,2095
124.135.101.165,1431,415,1846
124.135.104.1,462,711,1173
124.135.239.117,41,151,192
124.14.17.192,381,560,941
124.150.130.203,13476,458,13934
124.150.142.101,0,441,441
124.16.136.235,18306,930,19236
124.16.151.191,51060,9973,61033
124.16.31.152,29837,5587,35424
124.16.31.156,38528,7226,45754
124.16.31.172,3006,886,3892
124.16.31.173,37218,4158,41376
124.160.123.92,9764,1932,11696
124.160.136.145,5856,2214,8070
124.160.136.245,28106,3987,32093
124.160.136.255,73894,19344,93238
124.160.148.167,1369,3193,4562
124.160.148.168,696,1043,1739
124.160.148.169,2475,4106,6581
124.160.148.170,29340,1811,31151
124.160.148.171,243669,7541,251210
124.160.148.172,14040,2576,16616
124.160.148.173,125573,3709,129282
124.160.148.174,25112,3781,28893
124.160.148.175,2299,3198,5497
124.160.148.177,3895,2451,6346
124.160.148.189,209,219,428
124.160.171.222,2341,429,2770
124.160.175.170,54760,20557,75317
124.160.184.156,50,113,163
124.160.184.158,23,109,132
124.160.184.162,1462,1813,3275
124.160.184.163,1607,1606,3213
124.160.184.187,0,60,60
124.160.184.211,237688,1508,239196
124.160.184.212,3304101,7560,3311661
124.161.217.86,41,151,192
124.161.23.166,774,315,1089
124.161.24.176,38399,15515,53914
124.163.244.78,479154,17437,496591
124.164.14.12,0,179,179
124.164.154.194,41,151,192
124.164.240.163,16462,1140,17602
124.164.32.135,3743,3926,7669
124.164.69.211,41,151,192
124.164.8.71,442649,30264,472913
124.165.216.44,16560,454,17014
124.165.217.2,50222,3542,53764
124.166.110.4,41,151,192
124.166.151.152,41,143,184
124.166.24.146,797,543,1340
124.167.148.158,39,182,221
124.167.232.99,94905,2132,97037
124.167.236.90,235,629,864
124.169.191.135,5012,5067,10079
124.17.1.24,697546,17895,715441
124.17.1.25,276789,14453,291242
124.17.1.31,707628,179752,887380
124.17.2.2,772160,569710,1341870
124.172.169.80,18776,450,19226
124.172.172.104,16560,456,17016
124.172.184.247,141517,12090,153607
124.172.192.66,115362,406769,522131
124.172.192.99,186891,20312,207203
124.172.220.43,21598,1986,23584
124.172.221.161,140087,870,140957
124.172.221.185,3557,541,4098
124.172.226.149,177556,1356,178912
124.172.232.94,6132,448,6580
124.172.233.152,317723,1541,319264
124.172.236.241,62505,2222,64727
124.172.243.46,8236,404,8640
124.172.244.30,10650,1810,12460
124.172.245.65,299184,4950,304134
124.172.250.54,1323,265,1588
124.172.250.74,16560,705,17265
124.173.122.90,19534,946,20480
124.173.133.84,64347,752,65099
124.173.159.13,13800,456,14256
124.193.208.111,1464,268,1732
124.193.226.245,34371,1162,35533
124.193.227.39,5643,483,6126
124.193.227.53,43783,3388,47171
124.193.231.181,436,1890,2326
124.193.33.172,41,143,184
124.193.58.69,82,302,384
124.202.129.11,0,0,0
124.202.132.8,17521,4567,22088
124.202.140.31,3561,1037,4598
124.202.141.151,3551147,180774,3731921
124.202.141.158,2704254,158912,2863166
124.202.141.225,69861,78192,148053
124.202.141.80,96655,16558,113213
124.202.141.81,90666,103126,193792
124.202.144.14,14743,2079,16822
124.202.144.15,14031,2124,16155
124.202.144.191,390,1372,1762
124.202.144.33,894,3629,4523
124.202.144.34,1788,8441,10229
124.202.145.243,922,526,1448
124.202.145.248,27600,452,28052
124.202.145.253,756705,26403,783108
124.202.145.255,36216,2814,39030
124.202.152.224,36012,17859,53871
124.202.152.230,37744,13273,51017
124.202.153.86,0,0,0
124.202.154.75,506,268,774
124.202.157.31,0,151,151
124.205.109.52,16616,450,17066
124.205.33.109,4928,960,5888
124.205.33.40,16634,452,17086
124.205.79.206,2936,382,3318
124.207.154.87,109064,1568,110632
124.207.176.123,22080,460,22540
124.207.179.230,19450,1037,20487
124.207.182.15,27600,476,28076
124.207.2.25,10855,14717,25572
124.207.23.159,21108,1044,22152
124.214.147.82,1354,4008,5362
124.219.30.172,0,0,0
124.224.145.156,240268,1194,241462
124.224.164.55,385,309,694
124.224.65.168,41,151,192
124.224.65.227,9537,49,9586
124.224.88.255,1267,9853,11120
124.225.100.209,9537,53,9590
124.225.106.141,16126,9329,25455
124.225.114.7,496,1113,1609
124.225.125.106,223,155,378
124.225.131.153,398635,30693,429328
124.225.131.154,599,587,1186
124.225.131.156,50118,3609,53727
124.225.131.157,8041,1376,9417
124.225.135.229,287309,32087,319396
124.225.135.235,3454,9207,12661
124.225.150.125,9537,53,9590
124.225.174.225,213,310,523
124.225.213.141,453301,4360,457661
124.225.213.196,926231,4094,930325
124.225.213.213,715691,112309,828000
124.225.213.216,99718,10949,110667
124.225.213.25,212748,2544,215292
124.225.213.26,908305,6728,915033
124.225.214.210,1060236,25748,1085984
124.225.214.211,80031,45413,125444
124.225.214.233,32832,1362,34194
124.225.247.229,0,145,145
124.225.45.218,206,401,607
124.225.60.55,1811,1078,2889
124.225.65.159,47160,2396,49556
124.225.65.174,97945,18998,116943
124.225.65.175,1976334,90194,2066528
124.225.65.188,78329,7346,85675
124.225.65.191,20600,25192,45792
124.225.65.200,26319,1809,28128
124.225.65.217,6937,13697,20634
124.225.65.218,17117,15118,32235
124.226.101.53,30646,1794,32440
124.226.102.1,20713,73,20786
124.226.158.69,712,462,1174
124.226.189.166,397747,309,398056
124.226.193.238,10001,1432347,1442348
124.226.64.16,0,0,0
124.226.65.195,126,344,470
124.226.65.197,126,172,298
124.227.22.249,5211,3500,8711
124.228.134.70,31648,8706694,8738342
124.228.151.139,65752,53,65805
124.228.21.235,16560,452,17012
124.228.254.42,767567,16470,784037
124.228.254.50,632263,35438,667701
124.228.42.105,0,0,0
124.228.42.254,8700,5657,14357
124.229.192.241,9537,49,9586
124.229.211.1,9537,53,9590
124.229.213.79,207,406,613
124.229.222.93,9537,53,9590
124.229.239.223,9537,53,9590
124.229.35.112,239,157,396
124.229.36.56,236,154,390
124.229.43.81,8365,102,8467
124.229.81.144,1380,53,1433
124.230.139.160,28611,159,28770
124.230.181.161,9537,53,9590
124.230.33.227,1187,772,1959
124.230.78.123,21578,793,22371
124.231.1.202,614,1197,1811
124.231.131.82,19074,101,19175
124.231.136.105,93215,7408,100623
124.231.20.88,416,799,1215
124.231.27.49,239,154,393
124.231.41.199,65761,292,66053
124.231.5.222,9537,53,9590
124.232.137.164,1323791,10670,1334461
124.232.138.79,2776,1484,4260
124.232.143.75,3048,6529,9577
124.232.145.41,1648,1444,3092
124.232.145.44,16560,456,17016
124.232.146.151,14326,14815,29141
124.232.146.72,23460,458,23918
124.232.147.200,261,393,654
124.232.147.201,12627962,30476,12658438
124.232.147.30,16560,450,17010
124.232.147.79,133328,1684,135012
124.232.147.99,101153,1811,102964
124.232.150.115,95064,56352,151416
124.232.150.118,238488,387244,625732
124.232.150.128,310478,2673895,2984373
124.232.150.150,124810,338748,463558
124.232.150.168,22006,456,22462
124.232.150.231,25580,796781,822361
124.232.150.244,464050,18558009,19022059
124.232.151.1,259580,25447374,25706954
124.232.154.52,49152,911,50063
124.232.156.27,9537,53,9590
124.232.158.193,70845,39962,110807
124.232.158.210,34696,1600,36296
124.232.160.29,22080,486,22566
124.232.160.81,286658,28954,315612
124.232.160.83,1053,861,1914
124.232.160.84,66055,448,66503
124.232.162.39,13167,1127,14294
124.232.162.53,152316,7416,159732
124.232.163.109,121662,240978,362640
124.232.163.125,318088,52495724,52813812
124.232.163.13,590183,15486051,16076234
124.232.163.15,64436,3116512,3180948
124.232.163.38,24840,440,25280
124.232.163.86,343889,10021459,10365348
124.232.163.89,21859,3683262,3705121
124.232.163.9,483906,81992505,82476411
124.232.163.92,1271410,149988728,151260138
124.232.164.45,20700,452,21152
124.232.165.60,548,736,1284
124.234.131.138,234,144,378
124.234.214.138,215,124,339
124.234.28.115,21662,223704,245366
124.234.48.185,129,235,364
124.234.58.167,9537,53,9590
124.234.66.179,125,73,198
124.234.75.132,9537,53,9590
124.234.77.31,2424,1673,4097
124.234.87.147,308,558,866
124.235.109.210,4838,98,4936
124.235.146.167,57999,11276,69275
124.235.151.94,205,371,576
124.235.244.196,262,183,445
124.235.59.248,711,1308,2019
124.235.77.201,9541,53,9594
124.236.101.43,106,73,179
124.236.121.120,460,822,1282
124.236.129.142,101,1206,1307
124.236.153.13,239,155,394
124.236.156.78,207,401,608
124.236.233.246,388,311,699
124.237.121.79,27357,430,27787
124.237.122.145,19074,106,19180
124.237.122.241,238,157,395
124.237.47.133,16618,888,17506
124.237.77.236,24840,678,25518
124.237.78.141,23460,462,23922
124.237.78.30,44221,947,45168
124.237.78.52,166356,21489,187845
124.237.78.54,26151,8734,34885
124.238.116.9,514,932,1446
124.238.194.72,4706,899303,904009
124.238.218.16,962592,124199,1086791
124.238.232.50,104282,9019,113301
124.238.232.51,23933,1553,25486
124.238.232.52,323216,24461,347677
124.238.232.53,339643,27686,367329
124.238.235.232,10179,906,11085
124.238.238.40,8834,1724,10558
124.238.238.53,156515,7622,164137
124.238.243.35,207082,4793,211875
124.238.253.105,2704,3353,6057
124.238.253.106,3180,4447,7627
124.238.253.123,7999,1033,9032
124.238.253.26,72093,36302,108395
124.238.253.36,3128,5935,9063
124.238.253.61,363,5325,5688
124.238.255.105,11431,8500,19931
124.238.29.52,9537,53,9590
124.239.121.182,9537,53,9590
124.239.133.100,16716,1265867,1282583
124.239.170.51,191,158,349
124.239.192.71,11289,456,11745
124.239.194.6,5120,456,5576
124.239.194.9,1624,456,2080
124.239.197.130,47202,127064,174266
124.239.197.131,159749,1173527,1333276
124.239.198.137,5107652,69532,5177184
124.239.198.138,1031193,17927,1049120
124.239.198.141,787,185,972
124.239.198.143,4982275,20274,5002549
124.239.198.149,2456,651,3107
124.239.198.15,2275562,40836,2316398
124.239.198.151,932770,44426,977196
124.239.198.152,106953,17263,124216
124.239.198.156,374,0,374
124.239.198.157,126353,5081,131434
124.239.198.199,14965915,5516,14971431
124.239.198.214,847882,794,848676
124.239.198.216,507338,1225,508563
124.239.198.217,3279790,3030,3282820
124.239.198.22,99977,9758,109735
124.239.198.228,3739,4154,7893
124.239.198.24,21573289,854841,22428130
124.239.198.26,19050498,744976,19795474
124.239.198.29,780665,33991,814656
124.239.198.33,959134,5744,964878
124.239.198.36,1920532,199843,2120375
124.239.199.11,179583564,10663614,190247178
124.239.208.49,19320,450,19770
124.239.216.162,153038,1205,154243
124.239.216.163,330043,1198,331241
124.239.216.18,135857,8559,144416
124.239.216.19,33174,2334,35508
124.239.216.20,8509536,6675,8516211
124.239.216.30,4336608,3212,4339820
124.239.216.32,1108857,4676,1113533
124.243.192.10,15794,1278,17072
124.248.202.223,4797,396,5193
124.248.221.81,36483,4449,40932
124.248.222.12,61652,8067,69719
124.248.225.151,28758,2854,31612
124.248.225.175,1769,261,2030
124.248.237.179,254589,10719,265308
124.248.240.209,854529,9415,863944
124.248.240.57,2936,1564,4500
124.248.245.111,192561,31269,223830
124.248.245.75,16560,458,17018
124.248.252.94,20700,406,21106
124.248.254.179,1323,185,1508
124.248.32.120,42395,20255,62650
124.248.32.129,140659,6846,147505
124.248.34.105,207847,18605,226452
124.248.34.108,59046,1335,60381
124.248.34.120,1486,379,1865
124.248.34.248,3164,820,3984
124.248.35.144,1490,360,1850
124.248.37.173,53820,1938,55758
124.248.38.173,71341,11674,83015
124.248.38.182,80197,6497,86694
124.248.40.33,44160,1145,45305
124.248.41.98,62928,771,63699
124.250.3.105,4105479,1974236,6079715
124.250.3.106,1635891,355630,1991521
124.250.3.83,118369,62388,180757
124.250.3.84,999396,347960,1347356
124.250.6.156,33642,6425,40067
124.250.6.163,579,1655,2234
124.250.6.166,19679,210820,230499
124.250.60.122,91296,63220,154516
124.250.60.16,784205,321607,1105812
124.251.11.10,313,7128,7441
124.251.11.16,68919,17278,86197
124.251.11.17,16847,8082,24929
124.251.11.21,24658,20470,45128
124.251.11.7,59146,39496,98642
124.251.11.8,112948,47277,160225
124.251.11.9,503,12522,13025
124.251.13.14,592509,642140,1234649
124.251.13.9,715846,703237,1419083
124.251.14.232,29653,56631,86284
124.251.14.244,413,561,974
124.251.14.245,191167,35679,226846
124.251.14.246,273022,97424,370446
124.251.14.253,72208,163036,235244
124.251.15.0,114404,71069,185473
124.251.15.202,28268,1318,29586
124.251.4.15,31921,3840,35761
124.251.4.241,4572,2256,6828
124.251.4.242,2101,13790,15891
124.251.4.26,1123560,77779,1201339
124.251.44.104,70182,20470,90652
124.251.44.16,8346,14035,22381
124.251.44.33,28039,10173,38212
124.251.46.105,53930,183609,237539
124.251.46.143,373265,140662,513927
124.251.46.149,114656,13217,127873
124.251.46.15,5141,4702,9843
124.251.46.199,113344,42681,156025
124.251.46.40,416282,593339,1009621
124.251.46.60,111328,24200,135528
124.251.46.72,26550,5690,32240
124.251.6.105,1472,566,2038
124.251.6.116,8019,36734,44753
124.251.6.123,142396,76513,218909
124.251.6.125,29963,7458,37421
124.251.6.136,247494,52437,299931
124.251.6.238,940230,1697055,2637285
124.251.6.25,1375,1800,3175
124.251.6.27,1846230,245123,2091353
124.251.60.233,60484,2904,63388
124.251.60.236,22509,1933,24442
124.251.61.18,14828,1911,16739
124.251.61.19,128378,13192,141570
124.251.61.44,221999,6184,228183
124.31.19.3,452,312,764
124.31.7.251,24,30,54
124.31.71.22,188,144,332
124.34.9.135,2347,2202,4549
124.40.53.13,8386437,574039,8960476
124.40.53.14,5384599,511770,5896369
124.40.53.15,5019927,1127145,6147072
124.40.53.16,7401171,474110,7875281
124.40.53.21,4165517,212461,4377978
124.40.53.22,2327236,161643,2488879
124.40.53.23,3751297,193576,3944873
124.40.53.24,17716813,602320,18319133
124.40.53.29,7297531,302512,7600043
124.40.53.30,1261395,551188,1812583
124.40.53.31,3029397,252592,3281989
124.40.53.32,716740,110007,826747
124.40.53.37,1831777,99857,1931634
124.40.53.38,2342475,207263,2549738
124.40.53.39,805950,140689,946639
124.40.53.40,1476681,97002,1573683
124.40.53.45,58640669,457356,59098025
124.40.53.46,1367515,154030,1521545
124.40.53.47,3939153,90573,4029726
124.40.53.48,2982613,612544,3595157
124.40.53.53,7150601,197673,7348274
124.40.53.54,2328339,524723,2853062
124.40.53.55,721348,264926,986274
124.40.53.56,2403926,369746,2773672
124.40.53.61,6789170,646314,7435484
124.40.53.62,872214,68264,940478
124.40.53.64,9974593,746547,10721140
124.40.53.69,772948,120062,893010
124.40.53.70,6629688,154603,6784291
124.42.10.249,56307,1974,58281
124.42.113.176,221700,1101,222801
124.42.15.209,662,269,931
124.42.9.44,1468,378,1846
124.45.17.244,6457,4918836,4925293
124.45.189.78,114,1890,2004
124.47.7.43,94283,255,94538
124.57.242.16,115706,318521,434227
124.65.159.123,382,399,781
124.67.159.206,0,130,130
124.72.217.238,33186,136,33322
124.72.220.57,657,401,1058
124.72.249.119,32896,127,33023
124.72.33.223,9537,53,9590
124.72.66.231,193,153,346
124.72.69.208,611,1268,1879
124.72.77.11,2067827,2021,2069848
124.73.112.93,332228,783,333011
124.73.127.51,6542,3832,10374
124.73.178.130,19074,106,19180
124.73.38.115,368,548,916
124.73.96.14,1413,926,2339
124.73.97.167,104,202,306
124.74.236.80,30220,523,30743
124.74.240.141,1433745,129379,1563124
124.74.240.145,1887673,77881,1965554
124.74.240.158,91074,8144,99218
124.74.240.169,215657,43873,259530
124.74.242.155,160,70,230
124.74.243.128,7447,1930,9377
124.74.244.255,554421,23769,578190
124.74.246.91,24393,14508,38901
124.74.250.150,32493,498,32991
124.74.250.151,90951,1400,92351
124.74.250.156,1010975,187404,1198379
124.74.251.229,446,1451,1897
124.74.251.245,927391,30594,957985
124.76.16.30,113,226,339
124.76.19.118,238,155,393
124.76.5.245,216,122,338
124.76.9.170,41,151,192
124.77.141.70,947,526,1473
124.77.188.171,5434,1034046,1039480
124.77.242.11,101,200,301
124.77.90.185,206,372,578
124.78.122.88,4416,6576,10992
124.78.17.128,713,461,1174
124.78.171.207,891693,34173,925866
124.78.78.249,5073,3266,8339
124.78.88.133,203,396,599
124.78.91.118,102,200,302
124.79.106.223,207,403,610
124.79.142.172,3160,1848790,1851950
124.79.162.220,2267,1390,3657
124.79.174.194,2813,1828,4641
124.79.178.165,102,201,303
124.79.209.58,424,279,703
124.79.210.60,719,1408,2127
124.79.69.195,101,200,301
124.8.223.104,1434,33030,34464
124.8.223.141,500,3861,4361
124.8.223.147,0,136,136
124.8.223.152,622,4435,5057
124.8.223.170,0,68,68
124.82.20.5,16563,38,16601
124.83.230.254,217,0,217
124.89.185.183,733,400,1133
124.90.160.10,41,302,343
124.93.240.17,292507,7833,300340
124.95.131.114,8816,675,9491
124.95.139.240,1003712,17489,1021201
124.95.150.87,134379,34668,169047
124.95.151.163,3196,741,3937
124.95.155.227,450,2081,2531
124.95.161.52,17608,3366,20974
124.95.161.78,4152,1674,5826
124.95.170.53,160778,7823,168601
124.95.171.95,624,454,1078
124.95.173.1,141980,2260,144240
124.96.246.246,516,1529,2045
125.104.111.210,0,68,68
125.104.72.40,0,200,200
125.105.174.231,89,174,263
125.105.226.60,209337,231,209568
125.105.36.200,442895,338,443233
125.105.49.140,92467,9523,101990
125.106.100.232,558,115,673
125.106.126.85,8280,53,8333
125.106.185.127,20419,2118,22537
125.106.233.75,9537,49,9586
125.106.70.180,19074,105,19179
125.107.94.120,9537,53,9590
125.109.61.153,50666,163,50829
125.109.89.243,158,41,199
125.110.137.54,0,53,53
125.110.201.108,714,468,1182
125.110.203.36,120,32880,33000
125.110.63.196,182,73,255
125.110.92.101,21811,1247,23058
125.111.157.96,859,494,1353
125.111.224.150,145660,3055,148715
125.113.20.189,17534,505,18039
125.114.133.170,276,548,824
125.114.189.124,411,1003,1414
125.114.97.205,306,596,902
125.115.131.251,514,1009,1523
125.116.161.184,2128,1363,3491
125.117.168.228,9537,53,9590
125.117.208.73,4463,1504,5967
125.117.70.254,0,68,68
125.117.9.199,41,143,184
125.118.124.167,215,125,340
125.118.133.81,68,84,152
125.118.137.17,19078,106,19184
125.118.200.10,238,155,393
125.118.50.30,213,122,335
125.118.6.176,8444,128,8572
125.118.81.199,22003,459,22462
125.118.87.187,306,745,1051
125.119.121.157,216,124,340
125.119.241.181,4324,6439,10763
125.119.250.67,308,745,1053
125.120.181.146,948,740,1688
125.121.113.65,615,609,1224
125.121.118.78,8887,509,9396
125.121.18.189,409,803,1212
125.121.196.196,407,797,1204
125.121.253.109,0,68,68
125.121.47.131,86,120,206
125.121.95.139,41,143,184
125.122.103.111,103,187,290
125.122.113.55,1157,936,2093
125.122.142.33,84,84,168
125.122.143.94,552,822,1374
125.122.172.88,309,603,912
125.122.175.6,9541,53,9594
125.122.223.192,192,154,346
125.122.40.207,8820,409,9229
125.122.42.117,103,199,302
125.122.43.237,65677,157,65834
125.122.43.79,929,1801,2730
125.122.96.211,133,548,681
125.123.246.188,9537,53,9590
125.123.90.75,19074,102,19176
125.124.72.206,19080,106,19186
125.124.90.254,16554,29,16583
125.125.188.180,41,151,192
125.126.169.114,180533,100,180633
125.126.44.195,67488,290,67778
125.126.5.75,208,403,611
125.129.203.139,48734,60345,109079
125.132.149.27,148743,5835,154578
125.136.135.207,1258,4519,5777
125.15.52.153,4864,14213,19077
125.164.157.241,4116,16039,20155
125.193.54.2,0,989,989
125.197.222.56,272,889,1161
125.208.11.204,10340,848,11188
125.208.20.234,77876,1206,79082
125.208.8.123,17662,448,18110
125.208.8.26,13800,446,14246
125.208.9.75,17940,464,18404
125.211.197.87,1850,468,2318
125.211.211.187,788374,1200,789574
125.211.211.188,959892,1200,961092
125.211.221.35,24840,678,25518
125.216.145.60,0,42,42
125.217.98.72,20700,464,21164
125.217.98.73,8280,232,8512
125.224.115.143,310,200,510
125.224.238.123,0,130,130
125.230.148.53,0,0,0
125.230.75.247,272,231,503
125.252.49.23,3170,92297,95467
125.30.97.26,290186,2240981,2531167
125.34.123.203,2002,5332,7334
125.34.253.211,0,260,260
125.34.99.2,274,329,603
125.35.115.41,50376,1130,51506
125.35.6.12,33177,1443,34620
125.35.6.7,1761,945,2706
125.35.63.13,21261,1147,22408
125.35.63.143,2939,185,3124
125.38.5.82,41,143,184
125.39.1.143,10527,14754,25281
125.39.120.67,17750,24011,41761
125.39.120.87,0,4354,4354
125.39.123.57,0,700,700
125.39.141.136,774,381,1155
125.39.170.171,22204,7293,29497
125.39.191.130,560554,46256,606810
125.39.193.147,13393,4544,17937
125.39.193.161,5342,1602,6944
125.39.193.183,139584,32909,172493
125.39.193.200,785,3786,4571
125.39.193.202,54033,20715,74748
125.39.193.203,191,1540,1731
125.39.193.207,1694,1498,3192
125.39.193.224,229,1555,1784
125.39.194.0,3500323,31468,3531791
125.39.195.10,9167,4459,13626
125.39.199.45,2671382,7015,2678397
125.39.199.55,7107907,1406,7109313
125.39.200.31,3755,577,4332
125.39.205.31,7752,5109,12861
125.39.205.32,516,447,963
125.39.205.37,2529,2368,4897
125.39.205.47,256624,222184,478808
125.39.205.49,0,149,149
125.39.205.51,4394,3512,7906
125.39.205.60,0,0,0
125.39.208.204,291,666,957
125.39.210.117,2600,363,2963
125.39.211.59,9009,4592,13601
125.39.211.60,39039,17852,56891
125.39.211.61,30303,14500,44803
125.39.213.106,7869,4427,12296
125.39.213.107,387211,58359,445570
125.39.213.110,217963,14905,232868
125.39.213.121,67425,4362,71787
125.39.213.122,22073,1154,23227
125.39.213.125,6375,1738,8113
125.39.213.126,6037,2352,8389
125.39.213.127,80596,4689,85285
125.39.213.129,12433685,79568,12513253
125.39.213.130,5520,1129,6649
125.39.213.131,5567,2258,7825
125.39.213.30,13139218,97177,13236395
125.39.213.35,18411859,88594,18500453
125.39.213.54,16399,16607,33006
125.39.213.67,12404256,86715,12490971
125.39.213.68,13986934,80535,14067469
125.39.213.69,14010537,82651,14093188
125.39.213.88,19703,549,20252
125.39.216.16,5998,4291,10289
125.39.220.143,22080,448,22528
125.39.222.188,8440,29227,37667
125.39.222.192,35817,26809,62626
125.39.224.151,1024,962,1986
125.39.226.150,14282,3827,18109
125.39.226.151,19704,296,20000
125.39.226.213,822862,5439,828301
125.39.240.126,15261374,95272,15356646
125.39.240.127,376401,28336,404737
125.39.240.41,0,0,0
125.39.240.51,3732,20987,24719
125.39.240.52,10708,10065,20773
125.39.240.53,159331,12833,172164
125.39.240.54,9531,3746,13277
125.39.240.59,51154,38600,89754
125.39.240.61,10198,9105,19303
125.39.240.68,108,129,237
125.39.240.72,42,42,84
125.39.240.80,666,842,1508
125.39.240.87,78750,11236,89986
125.39.240.89,21,21,42
125.39.241.39,776,620,1396
125.39.241.41,1083,1495,2578
125.39.247.151,18711,5951,24662
125.39.247.167,372,2990,3362
125.39.247.168,14723090,90904,14813994
125.39.247.169,0,0,0
125.39.247.171,28378,24319,52697
125.39.247.176,41294,16581,57875
125.39.247.182,7585,5718,13303
125.39.247.200,6598,4134,10732
125.39.247.219,16186957,77708,16264665
125.39.26.238,355,285,640
125.39.36.124,418,909,1327
125.39.5.14,82929,9385,92314
125.39.5.15,403693,12190,415883
125.39.5.52,108194,9185,117379
125.39.57.21,0,0,0
125.39.78.169,773192,22785,795977
125.39.93.43,41248,4739,45987
125.39.93.67,610,2640,3250
125.39.94.86,24840,444,25284
125.40.145.43,41,151,192
125.40.199.163,34500,454,34954
125.41.54.240,5086,580,5666
125.41.73.61,158782,588,159370
125.44.214.193,41,151,192
125.45.115.143,1129,9160,10289
125.45.61.222,716,456,1172
125.46.11.166,34013,1747,35760
125.46.11.182,21162,454,21616
125.46.28.146,2947,227,3174
125.46.54.204,0,0,0
125.46.56.151,10379,947,11326
125.46.62.25,5286,930,6216
125.46.65.93,104439,769,105208
125.46.74.34,10335,1424,11759
125.46.96.55,19320,454,19774
125.47.102.132,41,143,184
125.56.144.42,548986,17721,566707
125.56.147.102,138223,996,139219
125.56.147.222,9633407,29246,9662653
125.56.148.182,57180,4611,61791
125.56.148.83,53765,66503,120268
125.56.149.103,587553,88015,675568
125.56.149.109,169257,25147,194404
125.56.149.141,139259,9529,148788
125.56.149.99,4001,480,4481
125.56.150.195,1867744,20640,1888384
125.56.151.36,790735,63488,854223
125.56.151.77,2255145,69329,2324474
125.56.201.101,6832,804,7636
125.56.201.104,3648,688,4336
125.56.201.120,2134,250,2384
125.56.201.127,8708,199,8907
125.56.201.128,17584,2576,20160
125.56.218.13,16031,6793,22824
125.56.218.15,0,0,0
125.56.218.31,13465,3304,16769
125.56.218.68,16257,7112,23369
125.56.218.69,452,182,634
125.63.51.39,5140,1782,6922
125.64.11.133,9616,456,10072
125.64.130.175,193304,1798,195102
125.64.14.196,0,0,0
125.64.15.207,26220,448,26668
125.64.16.46,140457,1322,141779
125.64.211.23,206,601,807
125.64.24.63,41438,3717,45155
125.64.32.78,9537,53,9590
125.64.38.112,9660,226,9886
125.64.38.122,7382,452,7834
125.64.38.123,4461,226,4687
125.64.4.140,11200,450,11650
125.64.41.147,31488,28404,59892
125.64.41.149,8618,2086,10704
125.64.41.154,7919,1635,9554
125.64.41.166,508,648,1156
125.64.41.167,255,648,903
125.64.41.169,26551,5102,31653
125.64.41.180,6961,1563,8524
125.64.41.19,478750,113014,591764
125.64.41.219,85847,21631,107478
125.64.41.222,220815,6167,226982
125.64.41.240,4309,1296,5605
125.65.109.178,16560,930,17490
125.65.110.241,292694,19708,312402
125.65.111.47,5910,225,6135
125.65.113.22,19320,452,19772
125.65.165.194,856,620,1476
125.65.185.38,9537,53,9590
125.65.245.87,4622,721,5343
125.65.247.161,3978097,655,3978752
125.65.247.226,186,3284,3470
125.65.247.227,186,2737,2923
125.65.45.201,5098,1409,6507
125.65.45.204,1940,358,2298
125.65.46.151,210368,13746,224114
125.65.46.22,81920,1008,82928
125.65.69.118,699,4312,5011
125.65.77.45,100740,2360,103100
125.66.100.119,30168,17088,47256
125.66.168.20,50896,49,50945
125.66.246.23,180880,8103,188983
125.66.248.58,4862,446,5308
125.67.142.166,41,151,192
125.67.142.197,0,572,572
125.67.143.253,0,604,604
125.67.143.7,0,572,572
125.67.173.159,511,1002,1513
125.67.173.86,719,1403,2122
125.67.174.11,886,426,1312
125.67.180.97,0,604,604
125.67.2.86,17433,509,17942
125.67.206.191,8372,13152,21524
125.67.236.110,168182,1711,169893
125.67.237.60,62753,1190,63943
125.67.237.62,30360,666,31026
125.68.10.190,34203,919,35122
125.68.10.97,9540,53,9593
125.68.11.28,41,151,192
125.68.171.151,411,802,1213
125.68.197.32,310,136880,137190
125.68.211.223,3644731,41643,3686374
125.68.225.220,307,560,867
125.69.73.232,1408,896,2304
125.70.202.254,225,124,349
125.70.229.140,574,983,1557
125.71.194.98,207,372,579
125.71.216.13,17795,678,18473
125.71.246.6,469,308,777
125.71.247.63,623411,1239,624650
125.71.28.98,93723,2880,96603
125.71.5.124,115975,595,116570
125.72.121.216,9537,53,9590
125.72.14.7,11040,227,11267
125.72.142.59,205,401,606
125.72.230.156,0,68,68
125.72.247.41,426,306,732
125.72.41.97,16560,458,17018
125.72.75.206,12005,115,12120
125.73.103.248,411,744,1155
125.73.231.217,618,1114,1732
125.73.246.16,614,1121,1735
125.74.165.193,9537,53,9590
125.74.175.49,358,115,473
125.74.218.169,89,106,195
125.74.73.143,885,524,1409
125.75.107.235,0,53,53
125.75.13.197,10925,106,11031
125.75.234.122,9537,53,9590
125.75.234.148,19320,460,19780
125.75.34.155,0,190,190
125.75.42.117,103,201,304
125.76.147.194,1267,9907,11174
125.76.152.174,24195,1335,25530
125.76.165.179,26742,506,27248
125.76.201.182,9537,53,9590
125.76.21.13,9026,2830,11856
125.76.225.39,12328,675,13003
125.76.226.244,16560,464,17024
125.76.234.139,6787,2043,8830
125.76.234.141,230494,4808,235302
125.76.234.143,27540,2424,29964
125.76.234.145,9422,2357,11779
125.76.234.158,241931,4994,246925
125.76.238.123,33120,896,34016
125.76.242.190,63334,3126,66460
125.76.244.30,0,0,0
125.76.245.141,25592,1107,26699
125.76.245.147,8280,202,8482
125.76.245.148,18692,905,19597
125.76.246.74,24840,446,25286
125.76.247.255,0,0,0
125.76.249.23,20700,452,21152
125.76.249.47,159058,1111,160169
125.76.251.39,11286,966,12252
125.76.251.53,160746,7828,168574
125.76.33.103,260,474,734
125.76.34.30,9537,53,9590
125.76.37.31,510863,59934,570797
125.76.47.212,3113,2023,5136
125.76.64.10,9537,53,9590
125.77.110.6,57600,1386,58986
125.77.181.82,22011,6855374,6877385
125.77.189.179,7936,412,8348
125.77.197.108,16560,450,17010
125.77.92.13,1854,9844,11698
125.78.241.121,206324,5792,212116
125.78.241.122,480859,44604,525463
125.78.241.123,151760,21398,173158
125.78.241.124,190552,25607,216159
125.78.35.212,2338,431945,434283
125.79.14.155,42289,599,42888
125.79.196.3,41,151,192
125.81.188.217,171922,319,172241
125.81.221.198,41,143,184
125.81.85.219,1227,440,1667
125.82.109.236,7928,2251,10179
125.82.144.213,342,200,542
125.82.149.76,1440,415,1855
125.82.172.228,28615,159,28774
125.82.236.88,9537,49,9586
125.82.254.199,310813,254,311067
125.82.57.197,802,553,1355
125.82.59.114,146,40521,40667
125.82.60.8,9541,53,9594
125.82.61.117,91,91,182
125.82.62.237,582005,1160,583165
125.82.63.214,310723,1278,312001
125.82.89.82,519296,1103,520399
125.82.99.73,9537,53,9590
125.83.198.104,1380,52,1432
125.83.99.139,1022,917,1939
125.84.224.220,156,65676,65832
125.84.29.188,203,123,326
125.85.112.101,0,68,68
125.85.178.12,16492,112,16604
125.85.208.106,111,111,222
125.85.212.167,91,91,182
125.85.217.23,1182,1220,2402
125.85.219.56,9537,49,9586
125.85.223.229,1064,528,1592
125.85.72.170,260,189,449
125.85.8.48,5520,53,5573
125.86.1.78,0,188,188
125.86.144.86,9537,53,9590
125.86.165.186,9537,49,9586
125.86.171.6,0,68,68
125.86.38.111,2207,98,2305
125.86.63.156,33352,149,33501
125.86.85.152,9537,53,9590
125.87.105.35,158,41,199
125.87.69.106,240,124,364
125.88.157.200,223,4928,5151
125.88.171.186,57155,4505,61660
125.88.186.48,260534,8556,269090
125.88.190.10,68057,3451,71508
125.88.190.11,1319502,94120,1413622
125.88.190.12,379296,37376,416672
125.88.190.14,42721,15380,58101
125.88.190.16,570802,21938,592740
125.88.190.17,300504,14505,315009
125.88.190.18,363039,6518,369557
125.88.190.20,1166282,94819,1261101
125.88.190.23,1776733,93516,1870249
125.88.190.25,114203,4871,119074
125.88.190.28,214666,13745,228411
125.88.190.29,1476437,83159,1559596
125.88.190.30,1168425,63100,1231525
125.88.190.31,1703803,90643,1794446
125.88.190.32,2642,3757,6399
125.88.190.36,69580,8700,78280
125.88.190.38,972628,46970,1019598
125.88.190.39,624711,38749,663460
125.88.190.40,43343,1696,45039
125.88.190.42,10356,754,11110
125.88.190.43,754308,88393,842701
125.88.190.45,535731,15066,550797
125.88.190.47,1197298,66075,1263373
125.88.190.48,120843,6510,127353
125.88.190.50,931015,49328,980343
125.88.190.57,1817,352,2169
125.88.190.58,1304554,94180,1398734
125.88.190.59,2899296,80844,2980140
125.88.190.60,4317488,266346,4583834
125.88.190.61,9938420,3473442,13411862
125.88.190.62,411387,11151,422538
125.88.190.63,65310,1018,66328
125.88.190.64,1306925,6299,1313224
125.88.190.65,1693,294,1987
125.88.190.66,347923,12663,360586
125.88.190.67,8000,223,8223
125.88.190.68,110833,7733,118566
125.88.190.69,226260,1183,227443
125.88.190.7,92623,1773,94396
125.88.190.8,393759,57477,451236
125.88.193.202,3805030,14598418,18403448
125.88.193.203,506,2380,2886
125.88.193.204,1586951,162084,1749035
125.88.193.205,445,233,678
125.88.193.208,2684400,9112968,11797368
125.88.193.212,10210,100994,111204
125.88.193.213,8145,102776,110921
125.88.193.218,36924172,1642944,38567116
125.88.193.225,1532031,53404,1585435
125.88.193.227,119193,66730,185923
125.88.193.231,3038562,15963721,19002283
125.88.193.239,1058,1125,2183
125.88.193.241,343,670,1013
125.88.193.246,250,1097,1347
125.88.193.248,109340,49742,159082
125.88.193.251,811758,236270,1048028
125.88.193.254,2938377,11626614,14564991
125.88.193.255,932840,7989222,8922062
125.88.225.188,534684,67728,602412
125.88.225.189,435417,73284,508701
125.88.225.190,455982,64482,520464
125.88.225.191,531198,82056,613254
125.88.254.187,1213296,12096,1225392
125.88.6.178,0,0,0
125.88.6.222,4990,632,5622
125.89.123.190,5290,241342,246632
125.89.137.198,2181,394606,396787
125.89.162.178,7276,452,7728
125.89.212.76,208,403,611
125.89.24.48,10430,70172,80602
125.89.48.2,22,30,52
125.89.48.77,1228,160476,161704
125.89.70.47,19634,4188,23822
125.89.76.43,0,300,300
125.90.113.218,309,600,909
125.90.19.162,41,151,192
125.90.196.211,17292,15474,32766
125.90.204.18,373,771,1144
125.90.204.22,380,596,976
125.90.207.153,570,905,1475
125.90.207.156,7161,1820,8981
125.90.224.31,239,156,395
125.90.88.105,11425560,22480913,33906473
125.90.88.127,17116,4344,21460
125.90.88.168,5502,623,6125
125.90.88.175,34521,1181,35702
125.90.88.181,419,671,1090
125.90.88.237,15144,3540,18684
125.90.88.73,28557,374,28931
125.90.88.77,79944,1771,81715
125.90.88.91,3776,1410,5186
125.90.88.97,1308938,272044,1580982
125.90.89.120,132480,1817,134297
125.90.93.140,37056,413,37469
125.90.93.163,844,772,1616
125.90.93.164,17320,8035,25355
125.90.93.186,1341,1054,2395
125.90.93.204,1468,264,1732
125.90.93.225,37260,446,37706
125.90.93.45,23460,464,23924
125.91.32.113,1574,957,2531
125.91.5.239,279355,3990,283345
125.91.5.245,34879,665,35544
125.91.75.89,1022,115,1137
125.91.8.227,33120,672,33792
125.92.109.11,104,200,304
125.92.184.108,16530,16683,33213
125.93.168.123,577,466,1043
125.93.17.14,1619,1051,2670
125.93.18.136,9540,53,9593
125.93.255.83,1089,836,1925
125.93.51.239,16560,452,17012
125.94.166.117,137763,14770,152533
125.94.212.165,41400,693,42093
125.94.212.21,11736,21145,32881
125.94.212.22,2025,7020,9045
125.94.212.23,1666,5057,6723
125.94.213.239,33120,681,33801
125.94.213.247,17940,681,18621
125.94.213.97,2833,499,3332
125.94.214.203,12963,4094,17057
125.94.214.204,4874578,42294,4916872
125.94.238.154,216,123,339
125.94.250.229,220,491,711
125.94.81.28,102,200,302
125.94.91.196,419862,9751,429613
125.95.199.216,240,154,394
125.95.220.167,1055,684,1739
125.95.27.63,318,642,960
126.108.10.113,5453,8584,14037
126.115.171.11,1541,5951,7492
126.12.45.175,26274,448,26722
126.13.123.50,1179,396,1575
126.15.81.87,0,68,68
126.169.23.229,321937,15958,337895
126.64.109.251,873,2527,3400
126.65.210.113,0,68,68
126.7.224.85,145247,10665,155912
128.100.20.20,28178,1408,29586
128.122.47.94,0,0,0
128.125.253.193,500,374,874
128.125.253.83,480,364,844
128.125.44.99,382,370,752
128.125.88.16,484,366,850
128.134.244.102,852081,19139,871220
128.134.244.47,16560,454,17014
128.134.244.76,12376,452,12828
128.136.134.207,6802,1106,7908
128.136.35.31,6421,720,7141
128.143.137.34,326483,3505,329988
128.174.246.93,27600,457,28057
128.195.1.100,1693,315,2008
128.199.104.247,622136,48905,671041
128.199.123.110,2653,1369,4022
128.199.156.140,23557,4830,28387
128.199.186.180,0,13608,13608
128.199.234.221,22475,338,22813
128.199.54.12,6475,3310,9785
128.199.67.20,842,362,1204
128.199.71.105,273257,7099,280356
128.2.217.18,349,183,532
128.204.242.162,245827,13129,258956
128.208.1.198,835280,1648,836928
128.208.3.231,4559,192,4751
128.230.214.54,492707,17864,510571
128.241.90.214,17100,1080,18180
128.241.91.148,288,293,581
128.241.91.163,6710,186,6896
128.241.91.32,0,0,0
128.241.91.54,715367,5761,721128
128.241.91.63,180576,196,180772
128.241.91.69,6718,184,6902
128.30.52.100,84224,3622,87846
128.30.52.105,1312938,58640,1371578
128.30.52.111,106182,2241,108423
128.30.52.42,1612426,34676,1647102
128.30.52.62,37283,1983,39266
128.30.52.70,43904,12841,56745
128.30.52.79,13366,2634,16000
128.65.209.89,30331,1119,31450
128.84.154.142,0,0,0
129.121.51.252,205286,4758,210044
129.138.4.56,471,185,656
129.171.187.254,67037,4375,71412
129.6.15.33,0,0,0
129.6.15.34,51,0,51
129.79.210.109,871376,19827,891203
129.79.39.208,108727,8655,117382
129.79.78.190,87604,1338,88942
129.79.78.191,65140,1338,66478
129.79.78.193,56252,985,57237
129.79.78.194,8490,197,8687
129.79.78.197,2388,908,3296
129.79.78.198,1194,454,1648
129.88.46.125,368,181,549
129.97.134.76,105934,215,106149
130.127.215.13,6119,680,6799
130.185.72.25,481614,8028,489642
130.203.136.100,270100,769,270869
130.211.149.28,96642,13669,110311
130.64.23.40,436122,1616,437738
130.75.2.45,876,761,1637
130.91.144.88,318,372,690
131.103.20.172,40205,6096,46301
131.103.20.173,3748,184,3932
131.107.13.105,102,0,102
131.107.65.19,69520,1858,71378
131.130.70.34,41123,411,41534
131.172.42.32,418,195,613
131.175.31.15,227,188,415
131.253.14.130,1846744,14174,1860918
131.253.14.131,2058,2154,4212
131.253.34.245,9814,22748,32562
131.253.40.15,851341,583836,1435177
131.253.40.42,17667,4258,21925
131.253.61.101,381200,47841,429041
131.253.61.103,367000,57510,424510
131.253.61.105,312715,55484,368199
131.253.61.71,255604,37528,293132
131.253.61.73,409697,78601,488298
131.253.61.85,223908,34979,258887
131.253.61.87,240616,39740,280356
131.253.61.89,423842,104280,528122
132.147.96.135,298326,1568,299894
132.204.24.184,28685,1048,29733
132.245.42.247,1212,1364,2576
133.208.252.61,5585,12517,18102
133.242.11.181,0,1030,1030
133.242.165.29,0,7340,7340
133.242.174.61,86799,1041,87840
133.242.189.21,146008,465,146473
133.242.3.236,0,1644,1644
133.242.55.54,1154399,38946,1193345
133.60.14.105,0,999,999
134.170.0.205,108317,21878,130195
134.170.0.220,0,0,0
134.170.104.101,46441,7338,53779
134.170.104.109,16359,3727,20086
134.170.104.117,8550,2644,11194
134.170.104.157,36465,21775,58240
134.170.104.165,8550,2628,11178
134.170.104.181,51205,24221,75426
134.170.104.229,333535,2748,336283
134.170.104.237,17100,5256,22356
134.170.104.245,15666,4892,20558
134.170.104.45,15666,3070,18736
134.170.104.53,92335,24380,116715
134.170.104.93,41418,15780,57198
134.170.105.101,23039,16179,39218
134.170.105.157,51975,22256,74231
134.170.105.181,127106,63816,190922
134.170.105.205,24206,7760,31966
134.170.105.229,8550,2628,11178
134.170.105.29,7009,426,7435
134.170.105.53,7009,1919,8928
134.170.105.77,32004,12670,44674
134.170.106.205,45011,80622,125633
134.170.106.229,22620,7916,30536
134.170.106.29,24770,8296,33066
134.170.107.101,8550,2628,11178
134.170.107.181,8550,2628,11178
134.170.107.205,454300,15518,469818
134.170.107.229,33390,12317,45707
134.170.107.53,17100,10086,27186
134.170.107.77,17100,5256,22356
134.170.108.101,32659,8096,40755
134.170.108.157,52215,9800,62015
134.170.108.181,19968,9708,29676
134.170.108.205,72633,12989,85622
134.170.108.229,17401,3387,20788
134.170.108.53,12433,1358,13791
134.170.108.77,49949,10484,60433
134.170.109.101,8550,8827,17377
134.170.109.181,7009,426,7435
134.170.109.205,8550,2644,11194
134.170.109.53,21135,12175,33310
134.170.109.77,50415,16781,67196
134.170.110.101,91383,6541,97924
134.170.110.157,34200,10528,44728
134.170.110.205,8550,3124,11674
134.170.110.229,7116,2628,9744
134.170.110.29,65191,6868,72059
134.170.110.53,161459,13231,174690
134.170.110.77,8550,2628,11178
134.170.111.29,17100,5272,22372
134.170.111.53,8550,2628,11178
134.170.111.77,8550,2628,11178
134.170.120.101,36640,9814,46454
134.170.120.157,36640,9814,46454
134.170.120.181,19755,9547,29302
134.170.120.29,8550,2644,11194
134.170.120.77,8550,2644,11194
134.170.134.179,1042200,570743,1612943
134.170.165.253,56325,189369,245694
134.170.165.254,873310,3858028,4731338
134.170.166.0,784111,3745344,4529455
134.170.166.2,719394,2480988,3200382
134.170.184.142,345568,193326,538894
134.170.185.130,32939,20591,53530
134.170.185.131,57198,104430,161628
134.170.188.144,78638,180255,258893
134.170.188.145,43879,147277,191156
134.170.188.226,489,252,741
134.170.189.9,225009,92633,317642
134.170.196.120,4653,2243,6896
134.170.196.123,4741,2689,7430
134.170.196.32,4743,2701,7444
134.170.196.53,17417,18926,36343
134.170.196.56,4948,33021,37969
134.170.196.61,18952,12636,31588
134.170.197.23,1935,2872,4807
134.170.48.223,272083,96796,368879
134.170.48.90,4381,177,4558
134.170.50.250,804063,186041,990104
134.170.50.251,286364,73515,359879
134.170.50.252,224089,56492,280581
134.170.50.253,316200,72753,388953
134.170.50.254,438766,110172,548938
134.170.50.255,238977,55914,294891
134.170.51.0,260457,61888,322345
134.170.51.1,295522,57476,352998
134.170.51.216,156894,24549,181443
134.170.57.90,164779,28414,193193
134.170.58.226,49213,107373,156586
134.170.58.227,70996,238450,309446
134.186.61.22,117957,1464,119421
134.58.40.14,116663,462,117125
136.0.175.235,384,659,1043
136.243.12.137,9648,2253,11901
137.108.64.37,17689,1228,18917
137.116.171.200,45630,14717,60347
137.116.172.222,721,405,1126
137.116.195.42,5930,1251,7181
137.116.64.103,549385,32011,581396
137.116.65.64,8461,1731,10192
137.117.146.163,22970,794,23764
137.117.85.151,4656,1155,5811
137.117.9.43,24840,555,25395
137.117.90.68,16989,6563,23552
137.135.15.20,13108,1038,14146
137.135.178.23,15667,941,16608
137.135.178.247,313951,36690,350641
137.135.244.3,4857,3306,8163
137.135.8.47,2624,2031,4655
137.175.10.240,142706,2129,144835
137.175.51.104,175777,8196,183973
137.175.51.231,33120,1667,34787
137.177.82.136,34412,3393,37805
137.208.57.42,13908,1059,14967
137.254.120.31,447,727,1174
137.254.120.36,193,354,547
137.254.56.31,10850,2138,12988
137.254.56.33,24412,248,24660
137.254.56.34,74873,243,75116
137.254.56.54,319,506,825
137.254.60.11,119889,14659,134548
137.254.60.16,271728,54012,325740
137.254.60.39,20658,5536,26194
138.108.6.25,8390,8895,17285
138.108.7.25,5614,3791,9405
138.108.96.105,8587,2940,11527
138.15.110.20,0,0,0
138.91.140.12,2629,7334,9963
138.91.142.90,25782,7753,33535
138.91.175.109,20952,18848,39800
138.91.175.132,5978,3523,9501
138.91.190.90,8843,25930,34773
138.91.88.150,154137,9905,164042
138.91.91.136,9321,25905,35226
139.129.12.209,5451,1030,6481
139.15.251.31,0,2416,2416
139.159.34.170,730,444,1174
139.162.3.53,2628,903,3531
139.189.152.140,306,603,909
139.189.156.40,921,1804,2725
139.189.67.189,101,200,301
139.189.82.123,113,245,358
139.194.67.214,514007,12853948,13367955
139.200.101.5,633,436,1069
139.202.118.176,49931,248,50179
139.203.161.79,429,276,705
139.209.81.234,41,143,184
139.210.210.190,41,151,192
139.210.75.174,41,151,192
139.212.72.212,41,151,192
139.217.13.9,514421,5067,519488
139.217.134.31,39100,1274,40374
139.217.139.235,165116,12647,177763
139.217.5.247,4668904,335524,5004428
139.219.1.120,16,1199,1215
139.219.1.77,180727,26424,207151
139.219.10.0,2839,412,3251
139.219.10.115,138811,6917,145728
139.219.11.215,7191,824,8015
139.219.131.45,10764,65907,76671
139.219.133.227,4788,2038,6826
139.219.134.207,126373,2955,129328
139.219.14.24,4046,2564,6610
139.219.5.189,3562,634,4196
139.219.6.120,47041,9777,56818
139.219.6.24,173521,20535,194056
139.219.6.56,100338,40563,140901
139.219.8.35,294999,1200,296199
139.227.26.204,82,286,368
139.228.82.140,16472,199097,215569
14.0.35.138,41851,2990,44841
14.0.35.202,11758,1104,12862
14.0.35.23,9315,1017,10332
14.0.35.248,7398,476,7874
14.0.36.10,18891,2931,21822
14.0.36.74,23160,3300,26460
14.0.38.190,12326,2167,14493
14.0.38.202,7464,898,8362
14.0.39.12,1937,1239,3176
14.0.39.13,8846,476,9322
14.0.39.2,7720,1100,8820
14.0.39.8,10282,476,10758
14.0.39.90,4542,971,5513
14.0.41.167,4446,939,5385
14.0.42.104,137713,7494,145207
14.0.42.119,100933,3573,104506
14.0.42.163,1635,619,2254
14.0.42.230,7808,220,8028
14.0.43.168,2051,3022,5073
14.0.45.202,10211,1003,11214
14.0.45.238,218673,19056,237729
14.0.47.61,248952,18950,267902
14.0.47.78,732332,15788,748120
14.0.47.95,3860,1100,4960
14.0.63.86,21029,205,21234
14.0.63.96,40640,410,41050
14.1.20.46,4992,452,5444
14.102.249.23,0,555,555
14.105.210.143,17835,3870,21705
14.105.218.76,3059,1379,4438
14.106.128.184,48340,505,48845
14.106.171.138,14936,664204,679140
14.106.23.16,51312,403,51715
14.106.91.210,9537,53,9590
14.107.221.141,9537,53,9590
14.107.91.50,9537,52,9589
14.108.122.165,1662,16750,18412
14.108.184.0,9537,53,9590
14.108.35.17,9541,53,9594
14.108.46.247,81,86,167
14.108.52.217,84,84,168
14.108.69.37,19078,106,19184
14.109.100.51,15599,2349,17948
14.109.119.240,342,200,542
14.109.121.205,41,143,184
14.109.227.18,32958,45,33003
14.109.49.252,9537,53,9590
14.109.71.27,9537,52,9589
14.109.80.52,41,151,192
14.109.97.198,411,803,1214
14.110.107.219,0,181,181
14.111.142.9,59870,1423,61293
14.111.29.198,101,201,302
14.111.29.46,511,1118,1629
14.111.67.197,0,68,68
14.112.116.40,0,68,68
14.112.167.159,9541,53,9594
14.112.214.111,134,73,207
14.112.221.193,9537,53,9590
14.112.26.144,104,200,304
14.112.32.57,510,1001,1511
14.113.204.132,412,803,1215
14.113.66.201,3683,22215313,22218996
14.113.77.162,102,199,301
14.114.11.149,104,371,475
14.114.110.164,829,1639,2468
14.114.127.193,3673,241783,245456
14.114.147.4,306,604,910
14.114.183.237,5520,52,5572
14.114.201.129,41,143,184
14.114.226.191,413,804,1217
14.114.98.86,9537,53,9590
14.115.115.42,8280,53,8333
14.115.80.130,9537,52,9589
14.116.13.180,76,81,157
14.116.150.9,496,372,868
14.116.154.223,1231,931,2162
14.116.16.185,238,155,393
14.116.19.221,226,155,381
14.116.32.165,478,310,788
14.116.80.48,733,5231,5964
14.117.181.134,57648,35769,93417
14.117.19.68,410,802,1212
14.117.19.87,6799,1042,7841
14.117.19.90,7790,4518734,4526524
14.117.196.56,58568,612,59180
14.117.199.40,9537,52,9589
14.117.38.26,0,68,68
14.118.143.114,817,1495,2312
14.118.81.66,276,150,426
14.119.119.127,170,124,294
14.119.119.151,41001,15172,56173
14.119.157.183,717,1402,2119
14.119.80.101,278931,218,279149
14.121.116.21,9537,52,9589
14.121.176.40,3056,512117,515173
14.122.215.72,710,464,1174
14.122.229.252,9537,49,9586
14.122.233.213,191,373,564
14.122.6.169,412290,7596,419886
14.123.227.52,17687,642,18329
14.123.246.31,1453,964,2417
14.124.46.219,9537,53,9590
14.124.57.44,0,68,68
14.125.249.184,207,561,768
14.125.250.29,0,68,68
14.125.34.187,7540,844,8384
14.126.117.46,205,399,604
14.126.178.124,307,599,906
14.127.179.105,9537,53,9590
14.127.186.95,3647,1073637,1077284
14.134.189.72,9537,53,9590
14.134.210.8,717,465,1182
14.134.246.113,4521,1130673,1135194
14.134.79.248,368,685,1053
14.135.113.144,2288,1424,3712
14.135.97.47,9537,53,9590
14.144.213.215,818,1494,2312
14.144.215.76,1385,871,2256
14.145.108.175,9537,53,9590
14.145.81.111,41,151,192
14.145.93.176,88,122,210
14.146.192.195,18613,149,18762
14.146.2.80,1114,4474599,4475713
14.146.21.117,276,411,687
14.146.213.158,1380,53,1433
14.146.28.138,130,130,260
14.146.34.248,2608,1702,4310
14.147.102.44,309,599,908
14.147.167.221,13381,2091058,2104439
14.147.188.238,8408,16637,25045
14.147.43.134,306,1368,1674
14.147.93.225,3746,66423,70169
14.147.93.93,103,200,303
14.148.134.170,19074,102,19176
14.149.12.237,2390,115145,117535
14.149.195.126,408,798,1206
14.149.199.136,11060,1018634,1029694
14.149.91.71,215,123,338
14.150.8.239,512,420605,421117
14.150.81.2,6832,51322,58154
14.151.133.43,426,250,676
14.151.213.215,9537,53,9590
14.151.40.238,205,400,605
14.151.9.196,9537,53,9590
14.152.32.13,199,661,860
14.152.65.31,14796,12821,27617
14.152.74.105,14526,7420,21946
14.152.74.243,195615,2324,197939
14.152.74.245,395,91,486
14.152.74.255,17881,11284,29165
14.152.81.104,41448,2170,43618
14.152.85.166,101263,3351,104614
14.152.85.169,2583,1146,3729
14.152.85.174,1622496,168117,1790613
14.152.91.107,821645,17939,839584
14.152.95.63,1342220,53174,1395394
14.153.235.80,695,25777,26472
14.153.247.98,247,188,435
14.153.251.141,1530,415,1945
14.153.5.115,926,1808,2734
14.153.6.26,307,562,869
14.154.138.165,715,464,1179
14.155.121.62,9537,53,9590
14.155.127.4,9537,49,9586
14.155.23.207,164,23,187
14.155.44.113,220,155,375
14.156.140.69,488,1412,1900
14.156.69.250,877,588,1465
14.156.72.143,19266,428138,447404
14.156.73.194,714,463,1177
14.157.182.244,720,1306,2026
14.157.186.98,36353,46162726,46199079
14.158.106.42,407,341,748
14.158.2.210,409,997,1406
14.158.211.75,307,558,865
14.158.8.126,1098,737,1835
14.159.234.109,16558,33,16591
14.159.46.9,46,65,111
14.17.105.78,366,683,1049
14.17.109.71,26269,3611,29880
14.17.11.166,8084,1205,9289
14.17.11.168,291642,31429,323071
14.17.11.169,3422,3041,6463
14.17.11.237,60156,45319,105475
14.17.11.238,42889,33037,75926
14.17.11.239,24508,19039,43547
14.17.11.242,145,1080,1225
14.17.11.255,25255,99748,125003
14.17.110.8,110,23,133
14.17.110.9,220,46,266
14.17.111.92,130074,46584,176658
14.17.112.123,0,0,0
14.17.112.129,3965,1552,5517
14.17.112.130,2413,715,3128
14.17.112.58,20911,1013,21924
14.17.113.140,294,1028,1322
14.17.113.149,4742,910,5652
14.17.115.23,23558,2527,26085
14.17.116.167,37741,66470,104211
14.17.116.176,33246,44773,78019
14.17.116.25,601,521,1122
14.17.12.0,21261,146430,167691
14.17.12.109,0,0,0
14.17.120.156,12710,27194,39904
14.17.121.104,14933,2470,17403
14.17.121.117,142795,25515,168310
14.17.121.135,284392,24751,309143
14.17.122.156,434300,19010,453310
14.17.127.170,623973,17440,641413
14.17.18.185,89372,8846,98218
14.17.18.186,54061,3363,57424
14.17.18.212,583267,14036,597303
14.17.18.25,0,9684,9684
14.17.18.35,1835484,223180,2058664
14.17.18.36,2138105,431025,2569130
14.17.18.37,38517,14424,52941
14.17.18.38,1273696,272036,1545732
14.17.18.39,2061228,313164,2374392
14.17.18.40,1473886,262489,1736375
14.17.19.168,3458,10021,13479
14.17.19.46,21637,9975,31612
14.17.19.81,1278,9614,10892
14.17.19.82,2414,18722,21136
14.17.19.83,994,12412,13406
14.17.19.85,2313,704,3017
14.17.19.95,6795,698,7493
14.17.28.159,9710509,320,9710829
14.17.28.160,852060,71551,923611
14.17.29.209,23253,141340,164593
14.17.29.27,90,63049,63139
14.17.29.33,458,352913,353371
14.17.29.64,29036,5268,34304
14.17.30.119,0,0,0
14.17.30.120,5231,5506,10737
14.17.31.49,22440,248006,270446
14.17.32.139,227040,289951,516991
14.17.32.142,2463130,2028436,4491566
14.17.32.170,124177,1190,125367
14.17.32.177,5023512,34744358,39767870
14.17.32.184,3180,9662,12842
14.17.32.216,18961347,4444,18965791
14.17.32.218,7728,17305,25033
14.17.32.219,167736,311370,479106
14.17.32.226,4083960,45982,4129942
14.17.32.228,433350,669857,1103207
14.17.32.232,7800,12085,19885
14.17.32.233,4494190,4725578,9219768
14.17.32.234,303576,710671,1014247
14.17.32.235,3801224,3152192,6953416
14.17.32.240,38887,12754,51641
14.17.32.241,12630093,2396005,15026098
14.17.32.243,3306,2544,5850
14.17.32.247,5761257,540049,6301306
14.17.32.249,3347777,296265,3644042
14.17.32.254,90472,346429,436901
14.17.32.67,10432,2272,12704
14.17.32.74,53009,10467,63476
14.17.33.0,546546,5207686,5754232
14.17.33.117,60841,95160,156001
14.17.33.118,69938,120908,190846
14.17.33.223,37475,114424,151899
14.17.33.226,46982,141259,188241
14.17.33.227,37341,113220,150561
14.17.33.230,43647,18154,61801
14.17.34.235,71371,62074,133445
14.17.34.236,97201,94781,191982
14.17.34.241,64992,62482,127474
14.17.37.104,3941,28368,32309
14.17.37.159,5390,28880,34270
14.17.37.160,7948,43635,51583
14.17.37.161,4823,39501,44324
14.17.37.162,6061,31301,37362
14.17.37.80,23405,32696,56101
14.17.37.81,30311,74374,104685
14.17.37.83,24057,23012,47069
14.17.37.96,18182,38724,56906
14.17.37.97,16211,18966,35177
14.17.37.98,36840,39438,76278
14.17.41.157,9440,43085,52525
14.17.41.158,764732,282491,1047223
14.17.41.159,328068,148707,476775
14.17.41.160,9420,10583,20003
14.17.41.161,4400,3129,7529
14.17.41.162,99029,7019,106048
14.17.41.164,15952,4992,20944
14.17.41.166,37335,54246,91581
14.17.41.169,10966964,2870620,13837584
14.17.41.174,466080,326177,792257
14.17.41.177,369,789,1158
14.17.41.178,124,2222,2346
14.17.41.179,6512623,454447,6967070
14.17.41.182,856,2830,3686
14.17.41.184,0,898,898
14.17.41.186,819355,277882,1097237
14.17.41.188,696339,6217446,6913785
14.17.41.189,186179,1487,187666
14.17.41.194,4121260,28070656,32191916
14.17.41.195,158839,1787,160626
14.17.41.196,341860,1488,343348
14.17.41.198,13440,894,14334
14.17.41.199,74520,298,74818
14.17.41.200,75313,893,76206
14.17.41.202,3015,4741,7756
14.17.41.204,4218916,27840342,32059258
14.17.42.110,460552,6901,467453
14.17.42.123,929034,639302,1568336
14.17.42.129,5553059,525643,6078702
14.17.42.130,2268,10382,12650
14.17.42.131,46524,9406,55930
14.17.42.18,217594,139556,357150
14.17.42.19,612328,294004,906332
14.17.42.21,4898,3743,8641
14.17.42.23,55276,2178,57454
14.17.42.28,363378,245559,608937
14.17.42.29,5575198,2223364,7798562
14.17.42.32,50485,40709,91194
14.17.42.36,287313,255919,543232
14.17.42.40,9078240,515999,9594239
14.17.42.41,439270,7091247,7530517
14.17.42.42,479668,204193,683861
14.17.42.43,6660261,331678,6991939
14.17.42.45,15559696,3068,15562764
14.17.42.47,71462,14325,85787
14.17.42.50,32990,145399,178389
14.17.42.51,2288094,11288,2299382
14.17.43.154,4100,7004,11104
14.17.43.155,42731,45579,88310
14.17.43.156,8922,6262,15184
14.17.43.157,17080,25258,42338
14.17.43.158,38013,11356,49369
14.17.43.159,60251,26847,87098
14.17.43.179,24642,23814,48456
14.17.43.31,225,448,673
14.17.43.34,1746,4826,6572
14.17.43.39,270400,203427,473827
14.17.43.50,42514,6942,49456
14.17.43.52,1064,3633,4697
14.17.43.53,4359,297,4656
14.17.43.54,140631,1485,142116
14.17.52.141,474602,181996,656598
14.17.52.142,2021253,685303,2706556
14.17.52.144,4293848,28856188,33150036
14.17.52.162,390,681,1071
14.17.52.166,667,841,1508
14.17.53.120,0,0,0
14.17.53.150,0,0,0
14.17.57.165,238102,1424918,1663020
14.17.57.171,12761,22465,35226
14.17.57.175,62,1231,1293
14.17.57.181,11359,30112,41471
14.17.57.185,8646,4055,12701
14.17.57.186,3391700,508041,3899741
14.17.57.196,185966,160453,346419
14.17.57.213,58685,1134,59819
14.17.57.221,4465,752,5217
14.17.69.88,1554,694,2248
14.17.75.159,724,60,784
14.17.76.164,79871,11343,91214
14.17.79.65,68,149,217
14.17.80.2,10407703,56029,10463732
14.17.85.189,7228,1090,8318
14.17.85.22,861669,18443,880112
14.17.85.42,685,1113,1798
14.17.91.42,1521,4814,6335
14.17.93.29,0,0,0
14.17.95.119,840,1843,2683
14.17.95.89,191223,15690,206913
14.17.98.140,33324,383,33707
14.17.98.141,1043,1046,2089
14.17.99.235,129832,1864,131696
14.18.140.17,4633569,15080,4648649
14.18.141.131,140,398,538
14.18.143.63,51123,9297,60420
14.18.203.185,10258,448,10706
14.18.203.188,51784,1380,53164
14.18.203.189,19320,452,19772
14.18.203.190,21888,906,22794
14.18.203.61,293447,13426,306873
14.18.204.120,811,1770,2581
14.18.204.21,419575,17409,436984
14.18.204.23,5859,3231,9090
14.18.206.147,5247,5825,11072
14.18.207.226,675289,51826,727115
14.18.235.230,371613,54349,425962
14.18.236.125,38640,454,39094
14.18.238.176,12119,7306,19425
14.18.238.181,1592291,35894,1628185
14.18.238.193,21222,9207,30429
14.18.239.135,12420,269,12689
14.18.240.11,18348648,11985,18360633
14.18.245.145,0,0,0
14.18.245.156,111167,10553,121720
14.18.245.166,1200,5889,7089
14.18.245.169,318339,98170,416509
14.18.245.172,18231,76822,95053
14.18.245.184,924043,1690488,2614531
14.18.245.189,284282,135143,419425
14.18.245.191,4506695,1247363,5754058
14.18.245.194,913,979,1892
14.18.245.196,2746,3393,6139
14.18.245.197,1911,2665,4576
14.18.245.202,239281,239937,479218
14.18.245.203,64,112,176
14.18.245.204,191057,154531,345588
14.18.245.205,8170,18201,26371
14.18.245.209,477152,1396161,1873313
14.18.245.211,919777,5128578,6048355
14.18.245.229,1475370,1300722,2776092
14.18.245.231,44122,17615,61737
14.18.245.240,15535,10865,26400
14.18.245.241,991368,54451,1045819
14.18.245.242,9355383,2516895,11872278
14.192.41.73,0,138,138
14.198.236.145,0,68,68
14.198.73.163,0,343,343
14.199.116.86,17043,377,17420
14.199.46.222,0,31,31
14.2.88.71,1358,3497,4855
14.20.22.100,65444,27504755,27570199
14.20.22.101,3293,996053,999346
14.20.231.98,614,1200,1814
14.20.44.130,467,2483,2950
14.20.50.72,1914,93648,95562
14.20.75.177,13274,6477738,6491012
14.20.91.128,0,1323,1323
14.202.63.233,68356,12930,81286
14.203.200.241,71921,5976518,6048439
14.204.249.44,74,285,359
14.205.184.193,103,200,303
14.207.147.1,536950,25868,562818
14.207.180.49,36582,615,37197
14.207.196.46,47466,3364,50830
14.207.236.196,2049,1620,3669
14.208.198.218,5712,759455,765167
14.208.240.158,16558,33,16591
14.208.251.143,1038,2081,3119
14.208.73.67,9537,53,9590
14.209.106.187,309,559,868
14.209.171.111,129955,12590,142545
14.209.237.167,409,1005,1414
14.209.248.28,205,399,604
14.209.249.77,407,798,1205
14.209.54.184,2362,123872,126234
14.209.62.154,104021,3437,107458
14.21.104.218,9537,53,9590
14.21.197.67,9537,53,9590
14.210.178.178,9537,53,9590
14.210.182.201,9537,53,9590
14.210.238.246,203,371,574
14.211.170.213,639,368,1007
14.211.203.17,9537,53,9590
14.211.220.234,41,143,184
14.211.229.154,202,403,605
14.211.230.138,41,151,192
14.212.61.198,0,106,106
14.213.148.178,909,558,1467
14.213.185.225,114960,155,115115
14.213.38.192,148,312,460
14.214.209.39,207,370,577
14.214.216.8,514,1121,1635
14.214.243.165,0,1323,1323
14.214.99.81,88,122,210
14.216.195.157,258,144,402
14.216.2.59,1175,29136,30311
14.216.249.51,14171,1691,15862
14.216.5.135,203,604,807
14.217.162.178,473,311,784
14.217.182.101,9537,53,9590
14.217.251.107,7976,2079680,2087656
14.217.32.159,741,1497,2238
14.218.158.157,477,312,789
14.218.162.233,828,50614,51442
14.218.2.242,95,95,190
14.218.223.124,86,86,172
14.218.238.31,385948,526,386474
14.218.62.2,19074,106,19180
14.218.62.223,0,147,147
14.218.7.189,0,68,68
14.218.95.221,203,399,602
14.219.128.51,38479,62,38541
14.219.191.43,160,23,183
14.219.199.178,271371,3433,274804
14.219.247.154,159,23,182
14.220.68.174,40362,21327,61689
14.220.96.178,31858,136,31994
14.221.170.222,104,198,302
14.221.2.99,215,123,338
14.222.172.144,102,201,303
14.222.67.42,214,123,337
14.223.61.210,9540,52,9592
14.23.106.14,2435,1113,3548
14.23.126.8,1176,452,1628
14.28.110.58,1122,2201,3323
14.28.185.14,413,801,1214
14.28.23.45,12619,424,13043
14.29.113.205,34639,4562,39201
14.29.122.136,7801,11159,18960
14.29.122.137,7693,10527,18220
14.29.147.57,285,180,465
14.29.35.24,19084,3365,22449
14.29.49.79,1414090,34929,1449019
14.29.54.29,438119,439,438558
14.29.54.30,854175,439,854614
14.29.54.31,622335,439,622774
14.29.54.32,1179609,439,1180048
14.29.54.33,598875,439,599314
14.29.54.34,424995,439,425434
14.29.72.149,0,0,0
14.29.72.156,513,235,748
14.29.72.157,1026,470,1496
14.29.82.191,4676,15810,20486
14.29.82.194,10207,3145,13352
14.29.82.199,169288,34355,203643
14.29.84.211,79246,19756,99002
14.29.86.26,6052,768,6820
14.29.86.27,7274,387,7661
14.34.186.12,660,1198,1858
14.35.8.118,48696,128737,177433
14.47.125.26,61266,2379,63645
14.63.197.13,3238,2030,5268
14.63.220.100,6385,2698,9083
140.0.150.50,0,1171,1171
140.112.30.33,0,188,188
140.112.8.114,1163340,2691,1166031
140.115.17.50,680,405,1085
140.147.249.12,649249,28300,677549
140.147.249.178,48996,1985,50981
140.174.24.165,688912,30057,718969
140.174.24.166,96882,4621,101503
140.174.24.167,128110,545,128655
140.174.24.173,578,589,1167
140.174.24.174,3921,1508,5429
140.174.24.175,6402,736,7138
140.174.24.176,46766,2085,48851
140.174.24.182,7172,1209,8381
140.174.24.183,248,568,816
140.174.24.191,103041,78776,181817
140.174.24.199,58396,49673,108069
140.174.24.206,54575,3176,57751
140.174.24.207,115900,7971,123871
140.174.24.214,277,1235,1512
140.174.24.216,231417,38360,269777
140.174.24.23,116494,18354,134848
140.174.24.39,85722,13524,99246
140.174.25.69,34163,5053,39216
140.174.25.70,56323,5155,61478
140.174.25.72,210509,88179,298688
140.174.25.77,4094,768,4862
140.174.25.78,1025631,15322,1040953
140.174.25.79,26150,30168,56318
140.174.25.93,838,130,968
140.205.113.6,42950,3632,46582
140.205.115.102,4282,7706,11988
140.205.115.6,811662,121582,933244
140.205.115.99,121425,64612,186037
140.205.117.103,387292,183229,570521
140.205.130.6,2174,3538,5712
140.205.132.245,830821,146913,977734
140.205.132.255,796408,182696,979104
140.205.133.104,187892,218122,406014
140.205.133.107,35665,22062,57727
140.205.133.110,10004,8903,18907
140.205.133.113,149957,106004,255961
140.205.133.117,707481,358412,1065893
140.205.133.12,31225,41842,73067
140.205.133.121,75260,174225,249485
140.205.133.123,23243,61557,84800
140.205.133.124,7300,13786,21086
140.205.133.125,72734,135443,208177
140.205.133.142,11884,50400,62284
140.205.133.145,0,0,0
140.205.133.147,40460,6679,47139
140.205.133.148,446,1033,1479
140.205.133.149,320185,155185,475370
140.205.133.151,12582,18074,30656
140.205.133.152,1226,2735,3961
140.205.133.153,3181,10391,13572
140.205.133.154,1548379,522935,2071314
140.205.133.156,326899,176399,503298
140.205.133.157,152232,440594,592826
140.205.133.158,283763,212350,496113
140.205.133.16,770185,289970,1060155
140.205.133.160,0,0,0
140.205.133.161,1224354,258526,1482880
140.205.133.162,263567,164338,427905
140.205.133.165,1210725,340563,1551288
140.205.133.166,19158,35757,54915
140.205.133.169,393,1181,1574
140.205.133.174,3575,3809,7384
140.205.133.175,168637,284042,452679
140.205.133.176,637169,1263680,1900849
140.205.133.177,8311,10818,19129
140.205.133.178,17770,55219,72989
140.205.133.180,545002,612693,1157695
140.205.133.181,6747,13581,20328
140.205.133.185,6714,23173,29887
140.205.133.186,4042242,795671,4837913
140.205.133.188,1099,1167,2266
140.205.133.189,403011,366758,769769
140.205.133.192,36096,58646,94742
140.205.133.203,172953,296861,469814
140.205.133.207,1921,1498,3419
140.205.133.212,33815,70917,104732
140.205.133.213,219250,128391,347641
140.205.133.214,678543,615467,1294010
140.205.133.216,90370,194918,285288
140.205.133.219,75601,8877,84478
140.205.133.220,10872,33819,44691
140.205.133.226,46372,133215,179587
140.205.133.227,636164,36352,672516
140.205.133.229,26921,11387,38308
140.205.133.25,19568,2266,21834
140.205.133.254,13545,469,14014
140.205.133.255,4702,22978,27680
140.205.133.26,120193,76051,196244
140.205.133.28,93851,18858,112709
140.205.133.29,1800,1559,3359
140.205.133.37,7168,2174,9342
140.205.133.39,10973,21986,32959
140.205.133.41,41772,21296,63068
140.205.133.42,70813,118239,189052
140.205.133.47,231698,262861,494559
140.205.133.57,5391,1678,7069
140.205.133.60,44359,63686,108045
140.205.133.61,96474,22815,119289
140.205.133.69,10370,10555,20925
140.205.133.77,3442,38915,42357
140.205.133.80,149604,33234,182838
140.205.133.84,3164,15798,18962
140.205.133.85,46115,40398,86513
140.205.133.93,32930,38283,71213
140.205.133.96,35987,12319,48306
140.205.134.10,357098,985517,1342615
140.205.134.103,35735,3797,39532
140.205.134.111,40442,68443,108885
140.205.134.113,1853,6095,7948
140.205.134.116,8268,1679,9947
140.205.134.118,21280,34330,55610
140.205.134.121,2297,1473,3770
140.205.134.139,50872,62324,113196
140.205.134.141,12800,1461,14261
140.205.134.143,29664,14134,43798
140.205.134.144,31154,79632,110786
140.205.134.150,4005,6496,10501
140.205.134.151,3307,1036,4343
140.205.134.155,7333,12241,19574
140.205.134.160,19672,40917,60589
140.205.134.171,245,1168,1413
140.205.134.180,6475,41835,48310
140.205.134.190,11393,23660,35053
140.205.134.194,65507,84018,149525
140.205.134.197,30714,24571,55285
140.205.134.2,945695,147803,1093498
140.205.134.202,10807,2283,13090
140.205.134.222,16974,29328,46302
140.205.134.229,12016,5737,17753
140.205.134.233,4408,8576,12984
140.205.134.237,7903,12055,19958
140.205.134.246,9032,20348,29380
140.205.134.255,99824,69179,169003
140.205.134.3,70400,1125,71525
140.205.134.40,9006,29816,38822
140.205.134.77,44263,14967,59230
140.205.134.81,75826,169856,245682
140.205.134.85,527,1701,2228
140.205.134.9,766212,267639,1033851
140.205.134.95,1468,2435,3903
140.205.134.99,46287,382352,428639
140.205.135.113,5365,25437,30802
140.205.135.118,324039,315899,639938
140.205.135.146,491243,395634,886877
140.205.135.183,675255,5479117,6154372
140.205.135.184,85312,48926,134238
140.205.135.185,146775,90190,236965
140.205.135.209,7254,14545,21799
140.205.135.231,408,1816,2224
140.205.135.233,113845,251450,365295
140.205.135.236,41459,100444,141903
140.205.135.247,11922,17769,29691
140.205.135.249,690,1409,2099
140.205.135.250,26999,60751,87750
140.205.135.40,4212,12814,17026
140.205.135.42,35179,134708,169887
140.205.135.55,46696,286806,333502
140.205.135.6,305481,208993,514474
140.205.135.68,42447,65464,107911
140.205.135.72,175906,307792,483698
140.205.135.75,1702,4046,5748
140.205.135.76,224026,742473,966499
140.205.136.13,24927,454,25381
140.205.136.14,486677,24298,510975
140.205.136.15,170379,353173,523552
140.205.136.20,1565540,1647700,3213240
140.205.136.21,86056,7669,93725
140.205.136.24,53321,1254,54575
140.205.136.26,66321,6451,72772
140.205.136.28,668,723,1391
140.205.136.29,11585,3999,15584
140.205.136.30,15902,33336,49238
140.205.136.31,17818,127177,144995
140.205.136.32,228362,96647,325009
140.205.136.33,63061,87511,150572
140.205.136.39,106377,12984,119361
140.205.136.42,68168,4709,72877
140.205.136.50,3835208,1501011,5336219
140.205.136.54,5596,27514,33110
140.205.136.56,13320,9270,22590
140.205.136.64,115062,41227,156289
140.205.136.7,12798,12677,25475
140.205.138.10,767724,707080,1474804
140.205.138.13,8869267,3223306,12092573
140.205.138.16,350813,105771,456584
140.205.138.18,105143,10462,115605
140.205.138.21,1130981,28628,1159609
140.205.138.6,958123,2555814,3513937
140.205.138.76,274791,67110,341901
140.205.138.85,14502,20184,34686
140.205.138.95,98356,423449,521805
140.205.138.98,15686,7854,23540
140.205.140.191,22990,9175,32165
140.205.140.211,632870,159770,792640
140.205.140.227,549,8816,9365
140.205.140.231,50565,3162,53727
140.205.140.233,175040,39229,214269
140.205.140.239,402764,42201,444965
140.205.140.248,172650,775552,948202
140.205.140.38,4594,1965,6559
140.205.140.46,5095,3574,8669
140.205.140.76,8300,15891,24191
140.205.140.81,1640476,1658552,3299028
140.205.140.84,440325,39178,479503
140.205.141.0,15376,30072,45448
140.205.142.102,3008,6005,9013
140.205.142.108,149,1373,1522
140.205.142.117,242174,259529,501703
140.205.142.131,1386,4965,6351
140.205.142.142,2642169,12388,2654557
140.205.142.144,9925,9595,19520
140.205.142.15,41846,18680,60526
140.205.142.162,25244,30842,56086
140.205.142.166,156180,1017419,1173599
140.205.142.168,99771,255474,355245
140.205.142.172,33837,80486,114323
140.205.142.18,483239,433716,916955
140.205.142.185,1101913,344538,1446451
140.205.142.187,34326,75200,109526
140.205.142.189,5079,9263,14342
140.205.142.19,709,2215,2924
140.205.142.190,690,1421,2111
140.205.142.199,55582,162955,218537
140.205.142.201,1381,3303,4684
140.205.142.202,4693,15480,20173
140.205.142.21,37132,12287,49419
140.205.142.219,115565,197769,313334
140.205.142.221,2405586,1204555,3610141
140.205.142.222,7996422,1103126,9099548
140.205.142.23,44443,5684,50127
140.205.142.231,269497,187329,456826
140.205.142.232,204566,178251,382817
140.205.142.236,31509,93538,125047
140.205.142.237,28263,110239,138502
140.205.142.238,1247030,1538324,2785354
140.205.142.239,556740,1243454,1800194
140.205.142.240,16005,66381,82386
140.205.142.254,903,2502,3405
140.205.142.255,3318,2471,5789
140.205.142.31,14868,1787,16655
140.205.142.32,40032,3722,43754
140.205.142.56,8293,9410,17703
140.205.142.6,235,3385,3620
140.205.142.60,8782,39241,48023
140.205.142.83,197192,601108,798300
140.205.143.15,48671,250778,299449
140.205.143.17,6205,15282,21487
140.205.143.2,19058391,1718855,20777246
140.205.143.47,3300834,57524,3358358
140.205.143.48,4905407,81077,4986484
140.205.143.49,328916,989363,1318279
140.205.143.50,116655,100109,216764
140.205.152.133,1217,1194,2411
140.205.152.138,2871,11924,14795
140.205.152.165,27583,45064,72647
140.205.152.175,48390,89714,138104
140.205.152.178,2682,1443,4125
140.205.152.187,49297,66948,116245
140.205.152.188,4122,7019,11141
140.205.152.189,8705,4809,13514
140.205.152.190,128630,72858,201488
140.205.152.192,10176,14570,24746
140.205.152.194,39242,114452,153694
140.205.152.203,16643,34524,51167
140.205.152.205,7715,16329,24044
140.205.152.210,5698,35903,41601
140.205.152.240,4472,7272,11744
140.205.152.242,609,1375,1984
140.205.152.45,65247,196314,261561
140.205.152.70,327,1440,1767
140.205.152.73,65891,39289,105180
140.205.152.93,947,1972,2919
140.205.153.11,1970,5058,7028
140.205.153.12,171706,4293,175999
140.205.153.15,61129,320316,381445
140.205.153.22,9176,5916,15092
140.205.153.24,6527,24026,30553
140.205.153.29,3249456,906399,4155855
140.205.153.31,1228414,730358,1958772
140.205.153.32,21440,59896,81336
140.205.153.33,7309,36936,44245
140.205.153.34,895524,262519,1158043
140.205.153.42,5189,22062,27251
140.205.153.59,520133,4088870,4609003
140.205.153.7,10912,22621,33533
140.205.153.73,68759,184330,253089
140.205.153.78,992414,81522,1073936
140.205.159.248,298,813,1111
140.205.159.60,1336572,324714,1661286
140.205.159.61,214244,738131,952375
140.205.159.85,267839,1774,269613
140.205.160.87,40150,13256,53406
140.205.160.9,3375317,4846400,8221717
140.205.160.99,368132,1100565,1468697
140.205.162.11,2852666,4590122,7442788
140.205.162.7,23493,24341,47834
140.205.163.85,21604,4962,26566
140.205.163.88,343099,1145531,1488630
140.205.164.101,187123,329637,516760
140.205.164.103,1260507,149421,1409928
140.205.164.29,1376513,1869570,3246083
140.205.164.37,432214,86751,518965
140.205.164.63,29872,80954,110826
140.205.164.82,542573,1202169,1744742
140.205.164.90,49778,35059,84837
140.205.164.93,19223,17224,36447
140.205.164.94,60838,139212,200050
140.205.164.97,3321249,486013,3807262
140.205.170.100,4653424,3793152,8446576
140.205.170.104,1408676,209158,1617834
140.205.170.86,18968807,2083123,21051930
140.205.170.90,877202,563575,1440777
140.205.170.92,103367,354540,457907
140.205.170.94,6157151,949320,7106471
140.205.170.96,61396,112131,173527
140.205.170.98,457083,238944,696027
140.205.172.14,16481971,1999519,18481490
140.205.172.72,39493,46727,86220
140.205.172.85,82963,150357,233320
140.205.172.89,182186,458258,640444
140.205.172.91,6354426,540100,6894526
140.205.172.93,309903,170188,480091
140.205.172.96,708943,364618,1073561
140.205.172.98,2541,2252,4793
140.205.174.6,1778685,2422219,4200904
140.205.174.94,1031,955,1986
140.205.174.95,1029586,1643855,2673441
140.205.174.96,972246,261298,1233544
140.205.174.98,570055,525319,1095374
140.205.174.99,63963,87122,151085
140.205.176.149,409,1135,1544
140.205.176.183,631013,1349370,1980383
140.205.179.27,21523,23919,45442
140.205.180.18,592814,1274143,1866957
140.205.180.45,669415,1421348,2090763
140.205.181.130,86360,111362,197722
140.205.182.139,29166,2023,31189
140.205.182.253,24031,74687,98718
140.205.183.101,13822,2907,16729
140.205.183.103,53259,24505,77764
140.205.183.88,48250,18282,66532
140.205.192.15,13896,6944,20840
140.205.192.16,19792,8448,28240
140.205.192.18,31824,26576,58400
140.205.192.19,40248,23036,63284
140.205.192.20,516,240,756
140.205.192.36,33368,18213,51581
140.205.192.37,112,218,330
140.205.192.38,24400,24576,48976
140.205.192.39,14496,30520,45016
140.205.192.40,35864,49376,85240
140.205.192.44,51672,51964,103636
140.205.192.45,33368,27280,60648
140.205.192.47,12992,6592,19584
140.205.192.48,54664,32168,86832
140.205.192.49,56,128,184
140.205.192.76,22557,33133,55690
140.205.192.77,26074,26909,52983
140.205.192.9,86632,35560,122192
140.205.195.100,11581,10813,22394
140.205.195.101,4501,6796,11297
140.205.195.102,20410,18975,39385
140.205.195.103,6970,10379,17349
140.205.195.104,5269,7922,13191
140.205.195.105,3969,7184,11153
140.205.195.108,7649,14730,22379
140.205.195.110,9511,8601,18112
140.205.195.37,14720,15390,30110
140.205.195.38,6419,10154,16573
140.205.195.39,4978,7817,12795
140.205.195.40,6102,8791,14893
140.205.195.41,5162,8658,13820
140.205.195.42,9252,8938,18190
140.205.195.43,10188,8167,18355
140.205.195.44,5004,7686,12690
140.205.195.45,3796,5771,9567
140.205.195.46,4588,6841,11429
140.205.195.47,4022,6039,10061
140.205.195.48,7543,11031,18574
140.205.195.49,10202,7744,17946
140.205.195.50,6595,10744,17339
140.205.195.51,8010,13972,21982
140.205.195.52,2334,3837,6171
140.205.195.53,3435,5126,8561
140.205.195.54,5419,8397,13816
140.205.195.55,4238,6720,10958
140.205.195.56,4254,6104,10358
140.205.195.57,4703,5949,10652
140.205.195.58,7837,11260,19097
140.205.195.59,15795,11444,27239
140.205.195.60,9415,16869,26284
140.205.195.61,11525,21454,32979
140.205.195.62,4685,7954,12639
140.205.195.63,16995,13776,30771
140.205.195.64,3466,5015,8481
140.205.195.65,8885,6958,15843
140.205.195.66,4093,6859,10952
140.205.195.67,10491,8814,19305
140.205.195.68,2483,3927,6410
140.205.195.69,10464,7410,17874
140.205.195.70,11150,19401,30551
140.205.195.71,3595,6150,9745
140.205.195.72,5784,8947,14731
140.205.195.73,5181,8679,13860
140.205.195.74,4897,9118,14015
140.205.195.75,4893,7068,11961
140.205.195.86,8897,13136,22033
140.205.195.87,7065,9328,16393
140.205.195.88,5248,8064,13312
140.205.195.89,3669,6714,10383
140.205.195.90,4724,6996,11720
140.205.195.94,6905,13375,20280
140.205.195.95,10230,9005,19235
140.205.195.96,1398,1018,2416
140.205.195.97,11835,10853,22688
140.205.195.98,4194,6049,10243
140.205.195.99,8864,16873,25737
140.205.200.10,15648,13896,29544
140.205.200.13,176560,86664,263224
140.205.200.14,79288,41668,120956
140.205.200.15,12728,8792,21520
140.205.200.6,48560,31976,80536
140.205.200.8,129400,52432,181832
140.205.200.9,80832,47888,128720
140.205.203.100,9696,11222,20918
140.205.203.101,9576,12048,21624
140.205.203.102,9716,13819,23535
140.205.203.103,4592,8789,13381
140.205.203.104,8987,9997,18984
140.205.203.105,13945,15465,29410
140.205.203.107,14624,16333,30957
140.205.203.108,7615,9324,16939
140.205.203.109,79693,37127,116820
140.205.203.110,6178,6756,12934
140.205.203.111,11476,12986,24462
140.205.203.112,15159,16249,31408
140.205.203.113,13318,15798,29116
140.205.203.114,32492,16526,49018
140.205.203.115,9706,10891,20597
140.205.203.78,35230,22666,57896
140.205.203.79,21744,16287,38031
140.205.203.80,32059,20564,52623
140.205.203.81,22072,13146,35218
140.205.203.82,48726,28441,77167
140.205.203.83,35059,23752,58811
140.205.203.84,17050,11196,28246
140.205.203.85,49753,28430,78183
140.205.203.86,31430,19430,50860
140.205.203.87,17084,12987,30071
140.205.203.88,25409,13956,39365
140.205.203.89,31025,16808,47833
140.205.203.90,19226,15231,34457
140.205.203.91,18209,10234,28443
140.205.203.92,36219,21041,57260
140.205.203.93,42605,22672,65277
140.205.203.94,37107,19555,56662
140.205.203.95,27661,15989,43650
140.205.203.96,28988,8252,37240
140.205.203.97,8802,7975,16777
140.205.203.98,12695,11913,24608
140.205.203.99,12126,9525,21651
140.205.220.103,2555987,2105908,4661895
140.205.230.100,5977950,973919,6951869
140.205.230.102,269285,223369,492654
140.205.230.6,968725,138964,1107689
140.205.230.92,91148,64223,155371
140.205.230.97,114592,318373,432965
140.205.230.98,5912,5068,10980
140.205.230.99,5151958,695368,5847326
140.205.248.219,410214,42448,452662
140.205.248.228,4592,2641,7233
140.205.248.23,176046,755223,931269
140.205.248.247,7024,7307,14331
140.205.248.36,4522,17819,22341
140.205.248.37,2624,4417,7041
140.205.248.38,5142,13769,18911
140.205.248.39,5231,14389,19620
140.205.248.65,29585,20284,49869
140.205.248.7,7903,4870,12773
140.205.248.87,433894,381910,815804
140.205.248.91,1926146,2673642,4599788
140.205.249.0,985,447,1432
140.205.249.2,1459709,2348152,3807861
140.205.250.100,356018,167144,523162
140.205.250.77,121265,221846,343111
140.205.250.88,45981,82577,128558
140.205.250.91,121576,209440,331016
140.205.250.93,8063447,1117212,9180659
140.205.250.95,599698,322133,921831
140.205.250.96,19099,17510,36609
140.205.250.98,4431607,581235,5012842
140.205.250.99,266452,162439,428891
140.205.254.100,100600,341431,442031
140.205.254.102,6645408,1016343,7661751
140.205.254.104,4216305,3440916,7657221
140.205.254.6,909528,156248,1065776
140.205.254.90,1283817,413736,1697553
140.205.254.94,883166,590187,1473353
140.205.254.95,351400,176487,527887
140.205.254.96,83755,144293,228048
140.205.254.98,85693,159962,245655
140.205.76.100,803,1823,2626
140.205.76.106,22793,6243,29036
140.205.76.111,56109,72683,128792
140.205.76.113,36812,64129,100941
140.205.76.114,11098,4955,16053
140.205.76.115,35979,22014,57993
140.205.76.116,14986,28145,43131
140.205.76.121,85306,31413,116719
140.205.76.124,19084,5001,24085
140.205.76.129,32248,83746,115994
140.205.76.134,59432,95540,154972
140.205.76.136,52389,8014,60403
140.205.76.137,82401,181683,264084
140.205.76.138,72774,152326,225100
140.205.76.139,8551,29699,38250
140.205.76.146,182293,124939,307232
140.205.76.150,52920,111889,164809
140.205.76.151,18409,13612,32021
140.205.76.153,3975,5201,9176
140.205.76.156,718243,339291,1057534
140.205.76.157,13988,6030,20018
140.205.76.160,3713,6897,10610
140.205.76.163,488922,259182,748104
140.205.76.164,247192,158961,406153
140.205.76.170,170431,96784,267215
140.205.76.172,11491,45445,56936
140.205.76.177,191629,163656,355285
140.205.76.178,3263601,743259,4006860
140.205.76.181,13411,5087,18498
140.205.76.182,195488,393296,588784
140.205.76.184,3134,2795,5929
140.205.76.191,747145,294729,1041874
140.205.76.198,483042,938123,1421165
140.205.76.200,9769,24703,34472
140.205.76.201,135619,134376,269995
140.205.76.202,406071,455042,861113
140.205.76.203,102196,77057,179253
140.205.76.204,6195,2979,9174
140.205.76.208,1629459,513154,2142613
140.205.76.211,37586,1637,39223
140.205.76.212,20624,23075,43699
140.205.76.215,6085,6742,12827
140.205.76.221,13348,723,14071
140.205.76.223,12414,26067,38481
140.205.76.224,1383150,41412,1424562
140.205.76.225,199113,361959,561072
140.205.76.226,172901,409791,582692
140.205.76.228,3561,3810,7371
140.205.76.229,30214,51004,81218
140.205.76.243,218120,503261,721381
140.205.76.32,401155,144465,545620
140.205.76.39,9291,24314,33605
140.205.76.41,1287,2553,3840
140.205.76.57,14114,14704,28818
140.205.76.59,7254,23271,30525
140.205.76.61,59706,54680,114386
140.205.76.68,50080,9552,59632
140.205.76.69,13548,20766,34314
140.205.76.74,0,0,0
140.205.76.79,10485,1578,12063
140.205.76.80,56969,7410,64379
140.205.76.82,631,1438,2069
140.205.76.85,8932,2989,11921
140.205.76.94,9703,4205,13908
140.205.77.245,370033,90486,460519
140.205.77.255,121777,32663,154440
140.205.78.101,27328,76866,104194
140.205.90.6,4086056,2021706,6107762
140.205.90.7,1308,4978,6286
140.205.94.215,436,1139,1575
140.205.94.229,335,1653,1988
140.205.94.237,46281,2557,48838
140.205.94.96,2578,654,3232
140.205.96.17,36432,12298,48730
140.205.96.6,1104256,1559453,2663709
140.205.96.8,1271882,1636957,2908839
140.205.99.10,1239020,1648346,2887366
140.205.99.6,1310840,1761391,3072231
140.206.113.90,49140,13543,62683
140.206.160.106,74130,13390,87520
140.206.160.177,76,1490,1566
140.206.160.178,0,758,758
140.206.160.196,134,4420,4554
140.206.160.204,7362,3489,10851
140.206.160.209,14586,38737,53323
140.206.160.214,3438,1008,4446
140.206.160.217,5061,5133,10194
140.206.160.218,19340,8847,28187
140.206.160.220,0,16,16
140.206.160.231,1149,558,1707
140.206.160.239,618,1700,2318
140.206.160.247,0,0,0
140.206.160.250,0,0,0
140.206.161.111,6617,9048,15665
140.206.161.112,5829,7735,13564
140.206.161.113,3539,4585,8124
140.206.161.114,5583,6893,12476
140.206.161.115,1527,1763,3290
140.206.161.116,4565,6088,10653
140.206.161.117,3954,5382,9336
140.206.161.118,4326,6311,10637
140.206.161.119,509,696,1205
140.206.164.39,859,425,1284
140.206.164.41,2601,1275,3876
140.206.164.42,3404,1703,5107
140.206.164.43,2601,1281,3882
140.206.164.44,859,428,1287
140.206.166.144,386,545,931
140.206.166.66,33375,883,34258
140.206.172.77,760,1282,2042
140.206.172.78,382,364,746
140.206.172.79,3714,6040,9754
140.206.172.80,541,142,683
140.206.172.81,541,142,683
140.206.172.82,1524,1945,3469
140.206.172.83,2672,3580,6252
140.206.172.84,1904,3526,5430
140.206.172.85,380,362,742
140.206.172.86,541,142,683
140.206.211.112,16238,3091,19329
140.207.118.52,2985,33308,36293
140.207.118.53,4197,28179,32376
140.207.118.54,2208,10884,13092
140.207.118.55,5961,41014,46975
140.207.123.167,13630,29636,43266
140.207.124.165,0,0,0
140.207.127.62,51079,20315,71394
140.207.127.81,6500,954,7454
140.207.133.21,0,0,0
140.207.133.22,4185,1338,5523
140.207.135.130,1053,5703,6756
140.207.135.36,3974,3767,7741
140.207.135.37,11222,3022,14244
140.207.137.35,36,36,72
140.207.137.37,114227,41116,155343
140.207.137.41,2555,1485,4040
140.207.185.106,2183,3101,5284
140.207.185.107,4998,8058,13056
140.207.185.108,1674,2084,3758
140.207.185.109,5445,15942,21387
140.207.185.110,2556,6658,9214
140.207.198.247,32255480,700869,32956349
140.207.198.248,32581617,1338890,33920507
140.207.198.25,35111,1872,36983
140.207.198.252,9700,428,10128
140.207.198.37,6895434,126510,7021944
140.207.198.38,327922,13811,341733
140.207.199.1,181826,9931,191757
140.207.202.175,9627,37345,46972
140.207.202.176,54210,2319,56529
140.207.202.211,37983,63721,101704
140.207.202.246,13171,2289,15460
140.207.203.1,8508,5044,13552
140.207.203.3,122744,7026,129770
140.207.214.39,108156,80771,188927
140.207.215.117,3772,2472,6244
140.207.217.37,23907,7845,31752
140.207.219.168,1363,1100,2463
140.207.219.169,1139,482,1621
140.207.219.170,2493,1417,3910
140.207.219.171,2324,1079,3403
140.207.219.173,2003,696,2699
140.207.219.174,2685,1423,4108
140.207.219.230,69806,2105,71911
140.207.219.247,1694,1112,2806
140.207.223.135,240266,23755,264021
140.207.225.84,1101709,374216,1475925
140.207.225.85,532034,281390,813424
140.207.228.120,430,1592,2022
140.207.228.26,57159,13603,70762
140.207.228.66,18480,53744,72224
140.207.228.8,18431,3949,22380
140.207.229.42,1303,1053,2356
140.207.232.107,213830,11814,225644
140.207.232.108,464014,24480,488494
140.207.232.110,23529,1897,25426
140.207.232.111,46416,3415,49831
140.207.232.115,181330,25732,207062
140.207.232.125,141087,6764,147851
140.207.29.11,8960,446,9406
140.207.54.121,27589,6797,34386
140.207.54.193,997,473,1470
140.207.54.195,1005,473,1478
140.207.54.233,2589,23654,26243
140.207.54.234,7014,40227,47241
140.207.54.235,3691,29481,33172
140.207.54.41,31071,15571,46642
140.207.54.52,206,573,779
140.207.54.58,6694,3832,10526
140.207.62.37,16146,1907,18053
140.207.62.40,372,1434,1806
140.207.62.56,27275,13259,40534
140.207.62.64,628,684,1312
140.207.69.129,3213,2292,5505
140.207.69.27,3730,906,4636
140.207.69.43,160,160,320
140.207.69.46,0,0,0
140.207.69.66,6553,2261,8814
140.211.10.74,61273,20009,81282
140.211.11.126,2348705,47095,2395800
140.211.166.139,2742,312,3054
140.224.48.230,9537,53,9590
140.224.90.217,48,63,111
140.237.11.234,84,84,168
140.237.99.35,119261,505,119766
140.240.190.49,9537,53,9590
140.240.41.73,307,602,909
140.240.87.103,23,32,55
140.246.0.254,11842,236064,247906
140.246.130.51,9537,53,9590
140.246.216.231,86,86,172
140.246.223.77,9537,53,9590
140.246.224.208,2976,1863,4839
140.246.249.250,941,776,1717
140.246.52.54,214,125,339
140.246.90.143,0,181,181
140.249.159.97,50510,149,50659
140.249.16.198,206,401,607
140.249.165.141,229716,101,229817
140.249.54.73,368,548,916
140.249.77.228,6764,4330,11094
140.250.208.123,0,145,145
140.250.35.173,213317,88,213405
140.255.112.230,306,603,909
140.255.16.172,425,278,703
140.255.178.237,19320,29044,48364
140.255.62.26,9537,49,9586
140.255.84.192,0,68,68
140.75.134.144,715,458,1173
140.75.152.252,238,152,390
140.75.211.93,9537,53,9590
140.75.218.140,713,462,1175
141.0.17.62,4227,5775,10002
141.101.112.21,3442,194,3636
141.101.113.235,371225,10986,382211
141.101.114.195,9121,2383,11504
141.101.114.35,1330663,408,1331071
141.101.114.64,584756,28191,612947
141.101.115.15,6577,343,6920
141.101.115.195,11724,1375,13099
141.101.115.20,1250,5557,6807
141.101.115.35,40512,113,40625
141.101.123.235,151862,2594,154456
141.101.124.179,3664,342,4006
141.101.126.180,375,565,940
141.105.67.41,5446,2776,8222
141.211.243.108,1426,191,1617
141.212.120.97,71587,1736,73323
141.8.225.85,0,1076,1076
142.0.140.26,224064,7289,231353
142.0.160.18,2440,7456,9896
142.4.112.168,28980,681,29661
142.4.118.43,1992,1703,3695
142.4.119.71,43895,365,44260
142.4.125.183,59351,1793,61144
142.4.205.52,0,0,0
142.4.96.8,2633,764,3397
142.54.179.191,186113,7471,193584
142.54.187.131,204,57,261
142.75.67.45,1343,382,1725
143.127.139.115,133530,12573,146103
143.166.147.81,419260,464,419724
143.248.35.135,0,68,68
143.89.176.110,22701,188,22889
143.89.82.10,0,68,68
143.90.170.129,2616,2304,4920
143.95.42.99,3440,3444,6884
144.0.21.223,3041,1001191,1004232
144.0.222.51,578,466,1044
144.0.23.251,204,401,605
144.0.235.31,234,156,390
144.0.246.70,305,603,908
144.0.31.13,2760,53,2813
144.0.45.181,240,158,398
144.0.65.155,6032,3675,9707
144.0.95.240,213,123,336
144.12.110.124,9537,53,9590
144.12.168.32,2957,723143,726100
144.12.216.97,8445,151,8596
144.12.69.199,9537,52,9589
144.255.41.143,470,200,670
144.255.45.69,1425,902,2327
144.52.87.149,245,188,433
144.76.114.215,387,69,456
144.76.244.209,492882,356356,849238
145.222.25.7,1708,452,2160
145.255.129.239,0,217,217
146.148.138.123,247740,5773,253513
146.148.43.112,4033,901,4934
146.148.5.44,298,471,769
146.185.26.225,123074,514,123588
146.185.27.50,0,0,0
146.185.27.58,0,223,223
146.229.1.15,106501,254,106755
146.229.131.255,214198,1477,215675
146.255.100.150,4920,2160,7080
146.255.193.242,3202,1286,4488
146.71.100.89,3926,2654,6580
146.71.124.97,1323,266,1589
146.71.97.192,221296,11018,232314
146.88.128.133,8669,417,9086
146.88.128.49,103610,1188,104798
146.88.128.6,349110,11918,361028
146.88.128.75,46628,7329,53957
146.88.128.85,434444,10235,444679
146.88.128.95,236004,5666,241670
147.143.228.160,831,3642,4473
147.8.2.63,20624,912,21536
148.177.29.192,629,184,813
148.251.124.205,0,184,184
148.251.130.23,0,476,476
148.251.23.213,168759,4032,172791
148.251.50.26,36548,461,37009
148.81.111.126,2700,3101,5801
149.129.132.61,84587,89279,173866
149.129.153.100,2077,394656,396733
149.129.57.187,608258,979773,1588031
149.13.32.20,446,2414,2860
149.154.159.139,0,10852,10852
149.174.149.6,958,833,1791
149.174.28.139,3769,2010,5779
149.174.67.74,15486,10372,25858
149.174.67.78,20895,15058,35953
149.174.67.80,6859,4637,11496
149.174.98.91,1433,6397,7830
15.192.40.27,54565,5212,59777
15.192.40.28,17692,1764,19456
15.192.8.63,3755,375,4130
15.193.112.155,1774,726,2500
15.193.112.158,22368,1560,23928
15.201.186.49,309585,3710,313295
15.216.140.89,5272,814,6086
15.216.241.78,8531,14428,22959
15.216.241.99,320849,28252,349101
15.217.32.50,35986,9137,45123
15.217.32.51,1339,1494,2833
15.217.49.156,1714,726,2440
15.240.238.65,11686,1027,12713
15.240.238.67,8376,1200,9576
15.240.24.118,489717,3710,493427
15.240.35.58,3796,1065,4861
150.100.16.21,763,369,1132
150.101.135.17,490,417,907
150.108.64.57,282309,528,282837
150.138.135.22,1958788,347326,2306114
150.138.135.31,1291432,3955,1295387
150.138.138.51,73190860,87617,73278477
150.138.85.253,1150,415,1565
150.255.3.232,9537,53,9590
150.255.80.8,9537,53,9590
150.65.7.135,3478340,41714,3520054
151.12.152.8,0,300,300
152.104.170.201,421,797,1218
152.104.170.202,304,658,962
152.163.13.11,14946,9880,24826
152.163.13.72,3666,4438,8104
152.163.13.73,2049,3300,5349
152.163.13.82,2539,6557,9096
152.163.66.136,1701,1926,3627
152.19.134.46,15304,1346,16650
152.20.9.79,1382,185,1567
153.101.208.38,31829,15676,47505
153.121.54.236,0,645,645
153.121.55.68,122714,14481,137195
153.182.58.21,2604,602276,604880
153.190.40.228,8792,6714,15506
153.212.235.171,177,182,359
153.214.147.152,6551,10252,16803
153.3.28.156,2136,612,2748
153.3.54.45,1853416,33214,1886630
153.3.54.55,3213,1158,4371
153.3.56.52,460,367,827
153.36.110.51,50446,4845,55291
153.36.110.66,110149,9917,120066
153.36.236.58,40215,525,40740
153.43.255.61,1212,384,1596
154.35.160.10,0,2436,2436
154.49.65.215,0,1296,1296
154.51.128.17,1549,609,2158
154.87.88.50,14101,48675,62776
155.232.191.250,460,409,869
155.94.194.171,1454,265,1719
156.12.1.33,0,388,388
156.151.34.24,56580,283,56863
156.151.34.27,355,7052,7407
156.154.112.228,234,255,489
156.17.160.45,1044,5116,6160
157.166.217.18,17940,1120,19060
157.181.169.53,557,184,741
157.22.19.182,53060,2697,55757
157.55.134.118,158734,70057,228791
157.55.152.117,1395,454,1849
157.55.189.145,92008,41359,133367
157.55.189.79,118296,45429,163725
157.55.240.131,12169,9468,21637
157.55.80.46,8461,1744,10205
157.56.121.111,3206,7974,11180
157.56.138.203,860834,80846,941680
157.56.149.255,5118,544,5662
157.56.162.171,8461,1731,10192
157.56.166.241,5978,3523,9501
157.56.172.33,1394,454,1848
157.56.195.255,44894,10303,55197
157.56.53.53,1348,1373,2721
157.56.53.56,411,714,1125
157.56.75.145,289358,11534,300892
157.56.75.169,684024,102555,786579
157.56.96.162,25496,21316,46812
157.7.115.32,286,434,720
157.7.128.57,6079,316,6395
157.7.183.17,0,1938,1938
157.7.233.199,444,325,769
157.7.236.96,29715,1545,31260
158.144.67.15,17420,950,18370
158.199.193.139,47109,4872,51981
158.199.193.165,7171,227,7398
158.85.233.57,4614,1271,5885
158.85.47.44,5030,6030,11060
158.85.57.156,18243,143688,161931
158.85.58.10,533,778,1311
158.85.58.105,0,172,172
158.85.58.106,0,241,241
158.85.58.108,145,241,386
158.85.58.109,640,446,1086
158.85.58.110,666,446,1112
158.85.58.113,145,241,386
158.85.58.114,309,446,755
158.85.58.115,511,666,1177
158.85.58.116,88220,31348,119568
158.85.58.118,199,316,515
158.85.58.12,818,1109,1927
158.85.58.121,451,666,1117
158.85.58.125,229,277,506
158.85.58.13,435,621,1056
158.85.58.16,359,456,815
158.85.58.19,311,391,702
158.85.58.23,181,291,472
158.85.58.25,308,537,845
158.85.58.28,214,274,488
158.85.58.29,145,241,386
158.85.58.31,0,172,172
158.85.58.43,176,243,419
158.85.58.45,145,241,386
158.85.58.47,286,371,657
158.85.58.50,219,321,540
158.85.58.51,427,2325,2752
158.85.58.53,498,700,1198
158.85.58.54,253,366,619
158.85.58.55,1408,3577,4985
158.85.58.59,176,241,417
158.85.58.61,199,316,515
158.85.58.63,309,446,755
158.85.58.64,2474,10109,12583
158.85.58.65,987,2166,3153
158.85.58.67,275,561,836
158.85.58.72,255,371,626
158.85.58.73,5088,1474,6562
158.85.58.75,219,321,540
158.85.58.76,307,887,1194
158.85.58.77,321,654,975
158.85.58.79,18515,8377,26892
158.85.58.80,271,416,687
158.85.58.81,163,266,429
158.85.58.83,186,321,507
158.85.58.84,201,299,500
158.85.58.86,618,1214,1832
158.85.58.9,425,499,924
159.122.19.135,18697,8735,27432
159.122.19.137,7880,3757,11637
159.122.19.138,11226,11901,23127
159.122.19.139,49763,74788,124551
159.122.19.140,17206,12211,29417
159.122.19.141,13135,22018,35153
159.122.19.142,3808,4592,8400
159.122.19.145,15483,16488,31971
159.122.19.146,7136,2169,9305
159.122.19.147,23944,11325,35269
159.122.19.148,14739,15187,29926
159.122.19.149,12202,5499,17701
159.122.19.150,59751,77293,137044
159.122.19.151,0,0,0
159.122.19.152,26748,25237,51985
159.122.19.153,8245,3563,11808
159.122.19.154,16209,8798,25007
159.125.78.28,436,376,812
159.220.24.183,140,185,325
159.226.106.223,21630,798,22428
159.226.11.165,0,0,0
159.226.244.11,2794,2061,4855
159.226.251.234,0,438,438
159.226.57.23,1401308,15408,1416716
159.226.6.138,1282,182,1464
159.226.73.93,6500,645,7145
159.226.89.37,109826,860,110686
159.226.97.89,118935,2288,121223
159.226.97.90,8280,444,8724
159.253.144.80,1188463,93395,1281858
159.253.42.255,0,868,868
159.8.13.35,284,656,940
159.83.131.38,1294,378,1672
159.83.167.34,524,366,890
160.153.16.15,530654,19312,549966
160.153.48.13,0,569,569
160.92.165.74,0,223,223
161.202.1.10,60511,61628,122139
161.202.1.11,10204,9332,19536
161.202.1.12,18503,14654,33157
161.202.1.13,15339,8420,23759
161.202.1.14,12301,6942,19243
161.202.1.15,11673,6567,18240
161.202.1.16,18987,7506,26493
161.202.1.17,8840,6086,14926
161.202.1.18,33541,46789,80330
161.202.1.9,30322,44673,74995
161.202.108.10,70559,674,71233
161.202.108.9,51940,872,52812
161.202.74.169,1792,3733,5525
161.207.5.30,685238,18580,703818
161.207.5.31,156935,43554,200489
161.69.29.180,1568,182,1750
162.105.205.28,4140,474,4614
162.105.86.55,1866,24826,26692
162.13.130.238,29973,3488,33461
162.13.213.83,179434,12876,192310
162.13.59.111,0,528,528
162.159.208.58,1259125,86584,1345709
162.159.209.19,10195,185,10380
162.159.209.20,24880,12092,36972
162.159.209.58,490549,67031,557580
162.159.210.97,560,227,787
162.159.210.98,1098178,6641,1104819
162.159.211.97,560,227,787
162.159.211.98,0,0,0
162.159.240.209,482963,11190,494153
162.159.240.216,28177,5024,33201
162.159.241.170,8340,3055,11395
162.159.241.209,718410,19730,738140
162.159.241.224,0,0,0
162.159.242.145,1966,1580,3546
162.159.242.170,7,201,208
162.159.242.224,18064,2807,20871
162.159.242.240,6467,1064,7531
162.159.242.81,6073,818,6891
162.159.243.81,1309,1674,2983
162.159.244.103,0,0,0
162.159.244.144,100356,3212,103568
162.159.245.103,0,0,0
162.159.245.116,39105,616,39721
162.159.245.143,98601,14178,112779
162.159.245.240,2197,779,2976
162.159.246.116,40347,444,40791
162.159.246.124,9716,341,10057
162.159.246.240,1539,389,1928
162.159.246.94,7276,1259,8535
162.159.247.208,787490,19024,806514
162.159.248.208,142841,942,143783
162.159.248.60,63977,425,64402
162.159.249.198,0,0,0
162.159.249.32,61690,2259,63949
162.159.251.72,9387,1545,10932
162.159.252.10,82356,13245,95601
162.159.252.143,0,0,0
162.159.252.9,126654,18070,144724
162.159.253.143,22047,3295,25342
162.159.253.9,60214,5376,65590
162.159.254.9,206736,18004,224740
162.159.255.141,6553,820,7373
162.159.255.190,57948,36865,94813
162.159.255.9,10392,7345,17737
162.208.10.252,0,0,0
162.208.117.16,404,883,1287
162.208.20.167,8932,14550,23482
162.208.20.169,102204,50482,152686
162.208.20.171,67637,41904,109541
162.209.114.80,464609,34747,499356
162.209.40.64,7514,11235,18749
162.209.66.205,424,189,613
162.211.183.158,38220,1064,39284
162.211.183.249,375877,12044,387921
162.212.182.139,2403220,2429086,4832306
162.212.182.59,88326,12401,100727
162.212.183.26,11383,2103,13486
162.212.183.47,138945,63603,202548
162.216.97.207,315834,50858,366692
162.217.196.28,7055,369,7424
162.217.196.30,1972,2233,4205
162.220.241.109,330204,10944,341148
162.222.181.7,8974,705,9679
162.242.155.190,81687,4493,86180
162.242.195.87,29839,9954,39793
162.242.209.215,35843,4932,40775
162.243.142.69,277118,8063,285181
162.243.143.21,218252,23184,241436
162.243.145.90,550,255,805
162.243.20.91,772,531,1303
162.243.205.65,478,255,733
162.243.36.114,764582,42949,807531
162.243.44.90,28554,2526,31080
162.252.85.208,66254,1028,67282
162.253.133.199,3662,921,4583
162.253.133.48,1614,440,2054
162.253.133.89,69856,15209,85065
162.254.164.99,154048,8148,162196
162.255.120.3,355,465,820
163.117.72.147,0,68,68
163.177.128.137,1657,265,1922
163.177.128.236,626,188,814
163.177.128.255,5716,9561,15277
163.177.134.34,1135106,26905,1162011
163.177.135.11,1194561,36398,1230959
163.177.14.144,639,1118,1757
163.177.169.105,991973,41763,1033736
163.177.56.114,4206,5602,9808
163.177.65.160,2512,14101,16613
163.177.65.182,897,1558,2455
163.177.65.185,656,1834,2490
163.177.65.214,32911,6558,39469
163.177.65.245,30662,12250,42912
163.177.66.1,54439,940,55379
163.177.66.148,4368,12832,17200
163.177.67.145,9054,3606,12660
163.177.67.146,7261,2256,9517
163.177.67.148,17396,5417,22813
163.177.67.186,1024,446,1470
163.177.67.220,60,248,308
163.177.68.153,5124,717,5841
163.177.68.174,31763,5976,37739
163.177.68.182,568,717,1285
163.177.68.183,6194,44620,50814
163.177.68.219,5244,298,5542
163.177.69.45,287,1056,1343
163.177.71.161,11557,10453,22010
163.177.71.163,300,532,832
163.177.71.165,1086,1298,2384
163.177.71.168,0,4024,4024
163.177.71.177,27176,2723,29899
163.177.71.190,660872,11885,672757
163.177.71.196,107582,600,108182
163.177.71.197,9748,599,10347
163.177.72.156,75,125,200
163.177.72.161,9,64,73
163.177.72.164,188,5607,5795
163.177.72.167,1132,761,1893
163.177.72.171,4702,942,5644
163.177.73.105,434,8563,8997
163.177.73.114,2960324,8815025,11775349
163.177.73.30,2073,2782,4855
163.177.79.138,10656,2357,13013
163.177.79.157,17004,25927,42931
163.177.79.188,222,1498,1720
163.177.79.194,704,376,1080
163.177.8.53,139653,6798,146451
163.177.80.42,158,29,187
163.177.83.178,2968,6689,9657
163.177.83.180,785,860,1645
163.177.83.184,4096,300,4396
163.177.83.188,1449,4374,5823
163.177.83.189,47593,899,48492
163.177.89.186,557,1047,1604
163.204.229.61,272,209,481
163.215.3.14,0,4316,4316
164.100.129.6,0,764,764
164.100.49.8,0,3854,3854
164.177.143.196,0,352,352
165.160.10.205,865479,51447,916926
165.193.246.100,73408,8019,81427
165.193.93.110,421,2303,2724
165.193.93.118,220,4415,4635
165.225.133.155,1464177,111889,1576066
165.225.138.192,11453,828,12281
165.225.147.26,44806,8509,53315
165.254.105.31,248,585,833
165.254.105.40,6710,182,6892
165.254.105.77,248,1094,1342
165.254.12.104,2037,2451,4488
165.254.12.142,309,979,1288
165.254.12.157,6718,185,6903
165.254.13.101,179,97,276
165.254.13.45,25708,494,26202
165.254.13.46,0,0,0
165.254.13.85,2039,2437,4476
165.254.13.86,1132,1346,2478
165.254.134.111,4764,995,5759
165.254.134.118,7037,2696,9733
165.254.134.136,2134,250,2384
165.254.134.151,207,268,475
165.254.134.159,10867,13486,24353
165.254.134.165,232,286,518
165.254.134.168,896,473,1369
165.254.134.175,179,97,276
165.254.134.182,3848,4043,7891
165.254.134.183,8586,2791,11377
165.254.134.31,3272,3905,7177
165.254.134.38,419,65,484
165.254.134.54,2198,322,2520
165.254.134.72,2714,2422,5136
165.254.146.160,3657,573,4230
165.254.146.165,2051,994,3045
165.254.146.167,8632,487,9119
165.254.146.174,0,0,0
165.254.146.181,9906,1539,11445
165.254.146.182,1662,5579,7241
165.254.146.189,261,650,911
165.254.146.190,41755,5428,47183
165.254.146.197,3743,4127,7870
165.254.146.199,11548,13805,25353
165.254.146.206,3856,938,4794
165.254.146.215,19880,11370,31250
165.254.156.16,23976,2340,26316
165.254.156.189,148860,8352,157212
165.254.156.190,38889,6264,45153
165.254.156.192,0,0,0
165.254.156.206,0,0,0
165.254.156.207,2716,3214,5930
165.254.156.208,8552,199,8751
165.254.156.224,6921,1202,8123
165.254.156.229,1672,1128,2800
165.254.157.158,1114,251,1365
165.254.157.159,2416,3569,5985
165.254.157.166,179,97,276
165.254.157.168,0,0,0
165.254.157.182,4075,4899,8974
165.254.157.184,0,0,0
165.254.157.190,19002,18328,37330
165.254.157.197,1934,677,2611
165.254.157.199,2942,3537,6479
165.254.157.46,6710,186,6896
165.254.157.53,13419,369,13788
165.254.238.143,0,0,0
165.254.238.144,0,0,0
165.254.247.142,6710,182,6892
165.254.247.214,2395,2114,4509
165.254.247.223,1086,717,1803
165.254.247.237,0,0,0
165.254.247.238,2502,2986,5488
165.254.26.149,4396,644,5040
165.254.26.150,13006,756,13762
165.254.26.173,2198,322,2520
165.254.27.101,95519,14480,109999
165.254.27.102,62685,51600,114285
165.254.27.103,1399595,6779,1406374
165.254.27.104,234834,53432,288266
165.254.27.109,618,1968,2586
165.254.27.110,251755,32623,284378
165.254.27.79,255873,77758,333631
165.254.27.85,107498,39035,146533
165.254.27.86,275777,33521,309298
165.254.27.88,286345,130678,417023
165.254.27.93,44993,27115,72108
165.254.27.94,226194,18759,244953
165.254.27.95,541069,233858,774927
165.254.27.96,4045364,95145,4140509
165.254.47.29,5124,546,5670
165.254.47.37,1708,182,1890
165.254.58.56,21220,20198,41418
165.254.58.61,4152,9350,13502
165.254.58.71,6710,185,6895
165.254.58.87,23229,2223,25452
165.254.96.114,1132,1378,2510
165.254.96.122,229,1570,1799
165.254.96.138,167954,15798,183752
165.254.96.140,232,286,518
165.254.96.146,453,547,1000
165.254.96.169,3224,4830,8054
165.254.96.194,3389,384,3773
166.111.120.165,17822,932,18754
166.111.4.105,22990,2478,25468
166.111.42.175,9537,53,9590
166.111.5.36,3447,1372,4819
166.111.53.193,9545,53,9598
166.111.82.109,9541,53,9594
166.111.99.211,9537,53,9590
166.78.105.160,437841,15808,453649
166.78.106.205,8165,1816,9981
166.78.31.51,422099,15541,437640
166.78.45.68,810,1355,2165
166.78.63.214,36829,1035,37864
166.88.115.173,168846,1316,170162
167.114.118.68,189035,4808,193843
167.114.128.45,93841,252,94093
167.114.170.20,119062,4913,123975
167.160.162.20,0,460,460
167.160.162.205,0,456,456
167.160.162.206,0,219,219
167.160.164.210,9420,2396,11816
167.160.167.71,0,513,513
167.160.170.249,0,0,0
167.160.170.252,0,0,0
167.21.84.48,1228,190,1418
167.68.47.161,1795,194,1989
167.68.47.33,1795,194,1989
167.8.226.14,14828,1030,15858
167.8.226.59,430,397,827
168.1.117.72,373,529,902
168.1.69.59,0,450,450
168.1.8.249,14606,1745,16351
168.160.10.22,1275617,1559531,2835148
168.160.10.68,578421,395721,974142
168.160.10.76,2742,650,3392
168.215.152.100,16560,468,17028
168.235.240.243,392,388,780
168.235.240.246,27136,3274,30410
168.235.241.120,27581,797,28378
168.61.152.94,128742,31025,159767
168.61.24.44,21684,1167,22851
168.61.25.65,65531,15960,81491
168.61.3.133,3194,1722,4916
168.61.61.211,209262,2603,211865
168.62.105.50,500564,101149,601713
168.62.108.123,49310,11216,60526
168.62.108.190,11096,15774,26870
168.62.11.33,1673,5310,6983
168.62.128.147,35990,6800,42790
168.62.193.76,738,840,1578
168.62.198.25,357581,297782,655363
168.62.21.212,5129,1292,6421
168.62.215.57,20936,16058,36994
168.62.33.147,15976,1772,17748
168.62.43.10,13527,314,13841
168.62.49.38,179692,19796,199488
168.63.104.58,349760,28206,377966
168.63.124.24,97625,22436,120061
168.63.130.19,12928760,1177815,14106575
168.63.133.0,9525,48792,58317
168.63.135.126,2160,989,3149
168.63.138.89,12504,52706,65210
168.63.153.23,507065,38915,545980
168.63.154.115,81590,11979,93569
168.63.156.211,1070073,68971,1139044
168.63.161.211,12039,4437864,4449903
168.63.172.59,15708,4465,20173
168.63.173.193,672060,115288,787348
168.63.212.203,63859,10494,74353
168.63.212.62,495017,684499,1179516
168.63.217.86,252597,59238,311835
168.63.220.51,2163,1987,4150
168.63.240.119,124101,34440,158541
168.63.252.67,202802,40661,243463
168.63.27.120,3376471,1315564,4692035
169.54.33.151,32160,61274,93434
17.110.224.14,14609,10128,24737
17.110.224.143,3940,3293,7233
17.110.224.145,10171,9296,19467
17.110.224.149,3539,2276,5815
17.110.224.151,3226,3895,7121
17.110.224.152,3881,4165,8046
17.110.224.153,6718,5104,11822
17.110.224.154,3804,3844,7648
17.110.224.155,3364,3066,6430
17.110.224.156,3417,3208,6625
17.110.224.19,3682,3256,6938
17.110.224.20,3189,1369,4558
17.110.224.205,7661,5402,13063
17.110.224.206,11840,10088,21928
17.110.224.207,3364,2842,6206
17.110.224.208,3189,3367,6556
17.110.224.210,3364,3066,6430
17.110.224.214,10692,15338,26030
17.110.224.215,3024,963,3987
17.110.224.217,3546,1862,5408
17.110.224.218,3539,2276,5815
17.110.224.22,3189,4125,7314
17.110.224.24,10282,35343,45625
17.110.224.25,3263,3489,6752
17.110.224.26,3226,3293,6519
17.110.224.27,7011,5769,12780
17.110.224.28,3226,3367,6593
17.110.224.29,3152,4039,7191
17.110.224.32,3833,9261,13094
17.110.224.77,6489,6920,13409
17.110.224.79,37803,12463,50266
17.110.224.80,6452,5982,12434
17.110.224.81,3189,2893,6082
17.110.224.82,3210,1846,5056
17.110.224.85,3226,3367,6593
17.110.224.89,10296,21305,31601
17.110.224.92,6362,5102,11464
17.110.225.14,3210,1825,5035
17.110.225.15,3210,1847,5057
17.110.225.16,0,204,204
17.110.225.17,4033,11896,15929
17.110.225.18,9747,6498,16245
17.110.225.20,7347,4109,11456
17.110.225.205,3226,4039,7265
17.110.225.21,12985,12664,25649
17.110.225.210,3226,3879,7105
17.110.225.212,4674,7115,11789
17.110.225.213,3364,2842,6206
17.110.225.216,8204,21484,29688
17.110.225.218,3173,1809,4982
17.110.225.26,3226,3367,6593
17.110.225.28,3226,3895,7121
17.110.225.79,4451,3981,8432
17.110.225.81,3226,3367,6593
17.110.225.82,3801,3985,7786
17.110.225.84,3226,3367,6593
17.110.225.87,6197,2027,8224
17.110.225.88,5352,6414,11766
17.110.225.90,3407,3985,7392
17.110.225.92,3210,2672,5882
17.110.225.94,3189,3661,6850
17.110.226.13,3364,3066,6430
17.110.226.14,5336,2227,7563
17.110.226.141,6415,8948,15363
17.110.226.144,3189,3309,6498
17.110.226.145,3189,1236,4425
17.110.226.15,6996,7204,14200
17.110.226.153,4626,4167,8793
17.110.226.155,3226,3367,6593
17.110.226.157,3189,3293,6482
17.110.226.17,3226,3965,7191
17.110.226.170,77299,44328,121627
17.110.226.18,16126,18072,34198
17.110.226.20,6664,6873,13537
17.110.226.207,3364,2842,6206
17.110.226.208,2126,189,2315
17.110.226.209,3226,3351,6577
17.110.226.21,3189,3821,7010
17.110.226.210,3226,3367,6593
17.110.226.212,3364,2842,6206
17.110.226.213,6293,5843,12136
17.110.226.215,6782,5510,12292
17.110.226.216,3508,5413,8921
17.110.226.217,7436,12033,19469
17.110.226.218,6749,4101,10850
17.110.226.219,3226,3895,7121
17.110.226.22,3173,1911,5084
17.110.226.26,6553,5559,12112
17.110.226.27,9121,11281,20402
17.110.226.29,6590,6417,13007
17.110.226.80,3726,6979,10705
17.110.226.81,3226,3367,6593
17.110.226.84,7848,13410,21258
17.110.226.85,3364,2842,6206
17.110.226.87,3620,6021,9641
17.110.226.88,6383,3757,10140
17.110.226.89,6777,7806,14583
17.110.226.90,4914,4177,9091
17.110.226.92,6415,7562,13977
17.110.227.104,54344,26714,81058
17.110.227.106,67328,33986,101314
17.110.227.107,41188,20171,61359
17.110.227.13,6452,7310,13762
17.110.227.16,4206,7400,11606
17.110.227.18,6910,6914,13824
17.110.227.19,6436,5192,11628
17.110.227.20,9641,10249,19890
17.110.227.22,3226,3383,6609
17.110.227.23,3173,1825,4998
17.110.227.25,6798,6999,13797
17.110.227.28,7143,6549,13692
17.110.227.78,4081,6478,10559
17.110.227.79,3508,3156,6664
17.110.227.80,3864,9262,13126
17.110.227.82,3226,963,4189
17.110.227.83,3226,3367,6593
17.110.227.84,3364,3066,6430
17.110.227.85,3226,5233,8459
17.110.227.86,3189,2429,5618
17.110.227.87,9715,11333,21048
17.110.227.90,6452,7426,13878
17.110.228.100,3226,3895,7121
17.110.228.14,11309,16007,27316
17.110.228.144,8392,8902,17294
17.110.228.145,3136,1372,4508
17.110.228.146,7364,10264,17628
17.110.228.147,1368,3367,4735
17.110.228.149,6526,11634,18160
17.110.228.153,3226,3879,7105
17.110.228.155,3572,4055,7627
17.110.228.156,4478,3849,8327
17.110.228.157,6905,7464,14369
17.110.228.159,3173,1911,5084
17.110.228.161,0,189,189
17.110.228.162,3226,3293,6519
17.110.228.164,6378,6586,12964
17.110.228.167,6649,8420,15069
17.110.228.20,3876,16817,20693
17.110.228.209,6383,5912,12295
17.110.228.212,2126,190,2316
17.110.228.215,3263,3489,6752
17.110.228.216,6415,5844,12259
17.110.228.22,6627,8357,14984
17.110.228.222,3226,3383,6609
17.110.228.228,13552,13156,26708
17.110.228.229,3337,5535,8872
17.110.228.25,3519,7061,10580
17.110.228.26,6734,8213,14947
17.110.228.27,4945,5864,10809
17.110.228.30,6277,23260,29537
17.110.228.32,3226,3293,6519
17.110.228.33,3226,5143,8369
17.110.228.34,3226,4039,7265
17.110.228.36,3173,1911,5084
17.110.228.40,3263,3489,6752
17.110.228.79,6526,10582,17108
17.110.228.81,3189,3949,7138
17.110.228.82,3508,3156,6664
17.110.228.83,3567,3457,7024
17.110.228.85,7824,13625,21449
17.110.228.86,3226,3895,7121
17.110.228.87,8619,10999,19618
17.110.228.94,3226,3351,6577
17.110.228.95,6436,7197,13633
17.110.228.96,3226,189,3415
17.110.228.97,3608,3118,6726
17.110.229.100,6452,7150,13602
17.110.229.102,3226,4023,7249
17.110.229.145,9610,12546,22156
17.110.229.147,3645,3086,6731
17.110.229.148,3083,1369,4452
17.110.229.149,3024,6167,9191
17.110.229.150,6447,3364,9811
17.110.229.152,6452,5998,12450
17.110.229.153,5020,22469,27489
17.110.229.156,13069,25887,38956
17.110.229.158,4440,3468,7908
17.110.229.159,3226,1236,4462
17.110.229.160,3226,3351,6577
17.110.229.161,3226,3879,7105
17.110.229.162,3539,3150,6689
17.110.229.163,3375,3653,7028
17.110.229.164,5650,3711,9361
17.110.229.18,10517,10115,20632
17.110.229.19,3226,3367,6593
17.110.229.20,3189,2429,5618
17.110.229.207,9758,13049,22807
17.110.229.210,3226,3351,6577
17.110.229.211,6452,6570,13022
17.110.229.213,5128,3907,9035
17.110.229.215,6452,7812,14264
17.110.229.216,3226,3277,6503
17.110.229.217,3263,3489,6752
17.110.229.220,3189,2567,5756
17.110.229.221,0,2276,2276
17.110.229.223,4153,3579,7732
17.110.229.227,3879,6416,10295
17.110.229.228,13291,9273,22564
17.110.229.24,3226,3367,6593
17.110.229.25,9715,9899,19614
17.110.229.27,3226,3991,7217
17.110.229.32,3742,4817,8559
17.110.229.33,13759,25396,39155
17.110.229.37,13820,25189,39009
17.110.229.38,9678,11787,21465
17.110.229.79,2126,190,2316
17.110.229.80,3843,14893,18736
17.110.229.83,3364,3066,6430
17.110.229.84,6436,5192,11628
17.110.229.85,3152,1369,4521
17.110.229.86,3226,3351,6577
17.110.229.89,3608,3598,7206
17.110.229.90,3539,2276,5815
17.110.229.95,3508,3790,7298
17.110.229.96,3455,3969,7424
17.110.229.98,3152,6281,9433
17.110.230.23,3226,3965,7191
17.110.230.25,3364,2842,6206
17.110.230.29,6415,6170,12585
17.110.230.30,3226,5169,8395
17.110.230.32,4695,3968,8663
17.110.230.33,3892,3547,7439
17.110.230.35,3210,2762,5972
17.110.230.37,3226,3367,6593
17.110.230.38,4482,3324,7806
17.110.240.14,30891,25837,56728
17.110.240.18,54167,30738,84905
17.110.240.19,10219,743,10962
17.110.240.21,77970,148525,226495
17.110.240.25,15535,10081,25616
17.110.240.27,312903,446686,759589
17.110.240.31,9324,4632,13956
17.110.240.33,3125,1921,5046
17.110.240.36,3125,2102,5227
17.110.240.44,134537,79713,214250
17.110.240.45,133257,73007,206264
17.110.240.46,121049,546298,667347
17.110.240.94,27347,27308,54655
17.110.240.95,7880,5600,13480
17.110.242.19,6704,2224,8928
17.110.242.20,10220,743,10963
17.110.244.51,6706,2214,8920
17.110.244.52,10241,743,10984
17.110.244.81,2644,507,3151
17.110.244.82,6104,1807,7911
17.110.246.19,6725,2220,8945
17.110.246.20,7532,746,8278
17.110.246.49,10482,2731,13213
17.110.246.50,6103,1810,7913
17.134.126.214,1788801,260194,2048995
17.134.126.215,4964,876,5840
17.134.126.216,1390121,198955,1589076
17.134.126.217,4964,1752,6716
17.134.126.218,1324116,191088,1515204
17.134.126.219,3740,855,4595
17.134.126.228,69248,26974,96222
17.134.126.239,9928,1752,11680
17.134.126.241,4964,906,5870
17.134.126.84,4964,906,5870
17.134.62.222,1471951,214597,1686548
17.134.62.239,1808735,266885,2075620
17.134.62.241,1548579,225361,1773940
17.134.63.174,1554924,229935,1784859
17.135.64.9,326820,175896,502716
17.142.160.16,585,505,1090
17.142.160.64,145,764,909
17.143.160.101,3226,4023,7249
17.143.160.151,13180,13266,26446
17.143.160.152,6553,6871,13424
17.143.160.153,6250,5002,11252
17.143.160.155,13350,25193,38543
17.143.160.156,3226,3277,6503
17.143.160.159,3226,3367,6593
17.143.160.160,3364,3066,6430
17.143.160.161,6452,7406,13858
17.143.160.162,3210,1948,5158
17.143.160.164,6378,7210,13588
17.143.160.165,8425,8600,17025
17.143.160.167,3364,3066,6430
17.143.160.168,13700,16506,30206
17.143.160.169,4482,3324,7806
17.143.160.214,3226,3879,7105
17.143.160.215,6761,8964,15725
17.143.160.217,10072,8983,19055
17.143.160.219,3263,4145,7408
17.143.160.222,3608,3134,6742
17.143.160.223,3226,3895,7121
17.143.160.224,3189,3489,6678
17.143.160.225,4350,3156,7506
17.143.160.226,8125,13098,21223
17.143.160.227,3210,1948,5158
17.143.160.228,8578,8683,17261
17.143.160.229,3455,8666,12121
17.143.160.23,3189,1369,4558
17.143.160.230,5622,4334,9956
17.143.160.234,4114,4044,8158
17.143.160.236,3407,3985,7392
17.143.160.25,6990,5282,12272
17.143.160.27,3226,5127,8353
17.143.160.29,3189,3965,7154
17.143.160.33,9641,13550,23191
17.143.160.38,6452,7294,13746
17.143.160.39,5630,5609,11239
17.143.160.42,3407,3869,7276
17.143.160.78,3535,4081,7616
17.143.160.80,3173,1837,5010
17.143.160.81,12754,21534,34288
17.143.160.85,3210,1948,5158
17.143.160.92,3567,3985,7552
17.143.160.93,3189,3821,7010
17.143.160.94,6452,6718,13170
17.143.160.97,3364,2842,6206
17.143.160.99,3210,1846,5056
17.143.161.101,3226,5143,8369
17.143.161.106,3226,3341,6567
17.143.161.150,2838,1340,4178
17.143.161.157,3226,4023,7249
17.143.161.158,3189,3293,6482
17.143.161.160,6681,7774,14455
17.143.161.161,6452,4256,10708
17.143.161.164,6452,7540,13992
17.143.161.165,3732,3661,7393
17.143.161.168,6489,7020,13509
17.143.161.170,6452,9108,15560
17.143.161.171,1368,5143,6511
17.143.161.215,6436,11074,17510
17.143.161.216,9901,6556,16457
17.143.161.218,3364,3066,6430
17.143.161.219,13379,16934,30313
17.143.161.226,6945,6375,13320
17.143.161.229,3226,1369,4595
17.143.161.232,4162,8967,13129
17.143.161.233,3189,2583,5772
17.143.161.235,6627,6277,12904
17.143.161.24,3226,3367,6593
17.143.161.27,7325,7760,15085
17.143.161.28,6526,6962,13488
17.143.161.29,3210,1948,5158
17.143.161.30,6655,3440,10095
17.143.161.31,7278,12966,20244
17.143.161.32,3226,3661,6887
17.143.161.33,6399,5769,12168
17.143.161.37,3210,1837,5047
17.143.161.38,3226,3367,6593
17.143.161.40,6655,4444,11099
17.143.161.42,6931,19684,26615
17.143.161.43,3539,2276,5815
17.143.161.44,13296,23925,37221
17.143.161.86,4446,3512,7958
17.143.161.90,3226,3367,6593
17.143.161.91,3226,3351,6577
17.143.161.97,6436,5987,12423
17.143.161.98,3210,1948,5158
17.143.161.99,3173,1837,5010
17.143.162.100,6590,6151,12741
17.143.162.102,3226,3383,6609
17.143.162.105,7363,7976,15339
17.143.162.106,3455,3911,7366
17.143.162.151,3024,3293,6317
17.143.162.153,7642,7557,15199
17.143.162.154,3024,1236,4260
17.143.162.156,4322,5985,10307
17.143.162.157,3226,3943,7169
17.143.162.158,3120,1236,4356
17.143.162.159,3226,2525,5751
17.143.162.161,3881,4268,8149
17.143.162.163,3226,5143,8369
17.143.162.164,3210,1846,5056
17.143.162.166,3934,5103,9037
17.143.162.167,7364,6126,13490
17.143.162.168,16301,18563,34864
17.143.162.169,6452,6718,13170
17.143.162.215,3539,2276,5815
17.143.162.217,6765,5643,12408
17.143.162.218,6399,5753,12152
17.143.162.219,6834,6773,13607
17.143.162.22,4499,5540,10039
17.143.162.221,3173,2725,5898
17.143.162.222,3226,5143,8369
17.143.162.223,3364,3066,6430
17.143.162.227,3539,2276,5815
17.143.162.228,6590,6193,12783
17.143.162.229,7240,21986,29226
17.143.162.23,3226,3367,6593
17.143.162.231,6765,6262,13027
17.143.162.233,4159,3457,7616
17.143.162.24,3364,2842,6206
17.143.162.27,6745,7516,14261
17.143.162.28,6553,6295,12848
17.143.162.33,3226,2493,5719
17.143.162.36,11383,7135,18518
17.143.162.39,7225,7662,14887
17.143.162.85,6638,7126,13764
17.143.162.87,3226,3351,6577
17.143.162.89,7811,7160,14971
17.143.162.90,4238,7735,11973
17.143.162.91,3226,3367,6593
17.143.162.94,3455,9061,12516
17.143.162.95,13339,12901,26240
17.143.162.98,3210,1948,5158
17.143.163.101,7579,6395,13974
17.143.163.103,6649,8584,15233
17.143.163.150,3226,3367,6593
17.143.163.151,3189,3293,6482
17.143.163.152,3210,2672,5882
17.143.163.156,10098,8303,18401
17.143.163.157,5043,3900,8943
17.143.163.160,3226,3367,6593
17.143.163.163,2126,190,2316
17.143.163.164,3189,2445,5634
17.143.163.169,3263,3489,6752
17.143.163.21,7853,9277,17130
17.143.163.216,10115,11045,21160
17.143.163.217,3210,1825,5035
17.143.163.219,3226,2161,5387
17.143.163.220,4238,3288,7526
17.143.163.222,3189,2583,5772
17.143.163.223,3471,5233,8704
17.143.163.229,7501,8020,15521
17.143.163.23,3263,3457,6720
17.143.163.232,6415,8462,14877
17.143.163.24,2126,190,2316
17.143.163.33,20999,30209,51208
17.143.163.34,6378,4662,11040
17.143.163.35,3645,3240,6885
17.143.163.38,3210,1948,5158
17.143.163.41,3508,3156,6664
17.143.163.42,7318,8432,15750
17.143.163.86,3189,3293,6482
17.143.163.87,3417,2474,5891
17.143.163.90,3364,3066,6430
17.143.163.91,3226,3383,6609
17.143.163.95,6219,8231,14450
17.143.163.97,6996,6692,13688
17.143.163.98,3645,3134,6779
17.143.163.99,3508,3156,6664
17.143.164.102,3189,2445,5634
17.143.164.104,6871,8367,15238
17.143.164.106,4519,4000,8519
17.143.164.151,3364,2842,6206
17.143.164.155,7118,6898,14016
17.143.164.159,4252,379,4631
17.143.164.161,6489,10492,16981
17.143.164.162,3226,3367,6593
17.143.164.165,6590,6359,12949
17.143.164.167,3608,3838,7446
17.143.164.169,3226,5069,8295
17.143.164.170,3337,3733,7070
17.143.164.22,6942,8584,15526
17.143.164.23,3608,3118,6726
17.143.164.24,3226,3895,7121
17.143.164.27,5352,4069,9421
17.143.164.29,3508,3790,7298
17.143.164.30,3189,3293,6482
17.143.164.31,6734,6817,13551
17.143.164.34,3508,2842,6350
17.143.164.37,3844,2891,6735
17.143.164.86,3608,3086,6694
17.143.164.87,5707,13887,19594
17.143.164.88,3364,2842,6206
17.143.164.89,3364,2842,6206
17.143.164.90,4246,5636,9882
17.143.164.92,6574,4667,11241
17.143.164.96,3608,3870,7478
17.143.164.97,3226,3367,6593
17.146.232.17,2583259,39207,2622466
17.146.232.31,344,2648,2992
17.146.232.43,88560,23758,112318
17.148.88.68,213750,1097483,1311233
17.149.156.25,24960,22546,47506
17.149.156.28,2164437,238342,2402779
17.151.0.205,25372,16509,41881
17.151.140.35,164493,18075,182568
17.151.224.100,22660,8848,31508
17.151.224.16,8580,5118,13698
17.151.224.19,793352,491273,1284625
17.151.224.22,414986,273197,688183
17.151.224.26,15183,9595,24778
17.151.224.28,9388,8640,18028
17.151.224.29,43806,27146,70952
17.151.224.35,216741,136363,353104
17.151.224.37,15452,2922,18374
17.151.224.39,34865,9345,44210
17.151.224.43,24706,9244,33950
17.151.224.47,496653,203624,700277
17.151.224.54,45616,18962,64578
17.151.224.62,13020,5645,18665
17.151.224.90,640085,490357,1130442
17.151.225.121,74996,29334,104330
17.151.225.125,68389,112494,180883
17.151.225.13,3509,912,4421
17.151.225.21,12900,8001,20901
17.151.225.70,43487,53593,97080
17.151.225.82,16601,4760,21361
17.151.225.83,4096,2897,6993
17.151.226.13,42998,4285,47283
17.151.226.37,32342,13428,45770
17.151.226.38,32487,12853,45340
17.151.226.77,31530,14417,45947
17.151.227.104,3255,1122,4377
17.151.227.14,16590,11624,28214
17.151.227.17,559855,252812,812667
17.151.227.19,448599,271858,720457
17.151.227.21,42095,59838,101933
17.151.227.27,4871,3405,8276
17.151.227.28,3129,1724,4853
17.151.227.34,54449,28233,82682
17.151.227.35,71917,35471,107388
17.151.227.39,20536,4185,24721
17.151.227.42,30282,12254,42536
17.151.227.44,3313,1526,4839
17.151.227.47,4074,1613,5687
17.151.227.48,14076,7002,21078
17.151.227.96,82612,102310,184922
17.151.227.97,6737,5848,12585
17.151.236.24,10630,980,11610
17.151.236.29,540,1689,2229
17.151.236.42,10529,2737,13266
17.151.236.43,3510,899,4409
17.151.236.50,45607,16233,61840
17.151.237.44,3532,905,4437
17.151.237.84,42450,17891,60341
17.151.239.106,16545,5491,22036
17.151.239.109,50756,15262,66018
17.151.239.114,41208,41862,83070
17.151.239.48,32141,25164,57305
17.151.239.50,92589,39117,131706
17.151.239.53,4348,2658,7006
17.151.239.55,856999,2128688,2985687
17.151.239.60,15625,9599,25224
17.151.239.63,18750,13140,31890
17.151.239.69,116764,109678,226442
17.151.239.70,107418,82957,190375
17.151.239.71,1430472,1136798,2567270
17.151.239.72,109098,63383,172481
17.151.239.73,3086,2043,5129
17.151.28.10,265724,25784,291508
17.151.28.11,13328,2904,16232
17.151.31.55,163635,43303,206938
17.151.47.26,245014,257581,502595
17.154.239.18,119,969,1088
17.154.239.21,175530,49042,224572
17.154.239.28,49,357,406
17.154.239.29,8741,17257,25998
17.154.239.30,20445,29352,49797
17.154.239.31,11162,14044,25206
17.154.239.32,53754,16710,70464
17.154.239.33,83090,26435,109525
17.154.239.38,77,561,638
17.154.239.39,4063,8059,12122
17.154.239.40,8347,7263,15610
17.154.239.41,15837,15958,31795
17.154.239.52,4009,7746,11755
17.154.239.53,161,1173,1334
17.154.239.54,119,867,986
17.154.239.55,16256,10381,26637
17.154.239.56,18835,17154,35989
17.154.239.57,3766,3599,7365
17.154.239.58,15315,15971,31286
17.154.239.59,35517,52401,87918
17.154.239.60,20741,29306,50047
17.154.66.113,262955,97509,360464
17.154.66.114,265026,90197,355223
17.154.66.115,254315,135883,390198
17.154.66.116,177068,75382,252450
17.154.66.124,42124,10300,52424
17.154.66.125,20790,4961,25751
17.154.66.126,42710,12220,54930
17.154.66.127,28264,7190,35454
17.154.66.128,21062,5014,26076
17.154.66.129,14718,4011,18729
17.154.66.130,21062,5046,26108
17.154.66.159,210162,206935,417097
17.154.66.160,58813,19305,78118
17.154.66.164,385907,125068,510975
17.154.66.43,1693,526,2219
17.154.66.48,20086,5538,25624
17.154.66.49,13172,3612,16784
17.154.66.50,19863,4770,24633
17.154.66.57,11120,4882,16002
17.154.66.58,16720,6827,23547
17.154.66.59,33504,14502,48006
17.154.66.63,6653,1628,8281
17.154.66.72,98113,30071,128184
17.154.66.73,64983,45267,110250
17.154.66.74,101473,129438,230911
17.154.66.78,734352,575508,1309860
17.154.66.79,618809,418843,1037652
17.154.66.84,78412,76947,155359
17.158.10.19,18182,18490,36672
17.158.10.206,46959,12289,59248
17.158.10.22,9801,6064,15865
17.158.10.23,56671,112989,169660
17.158.10.24,34517,24087,58604
17.158.10.26,5387,5345,10732
17.158.10.27,47695,64160,111855
17.158.10.30,87893,52233,140126
17.158.10.41,16955,15381,32336
17.158.10.42,16626,9910,26536
17.158.10.50,42911,204838,247749
17.158.10.51,113909,61793,175702
17.158.10.52,17006,11368,28374
17.158.10.54,18759,12635,31394
17.158.10.57,114024,22005,136029
17.158.28.19,12594,12427,25021
17.158.28.22,9787,4588,14375
17.158.28.29,3255,1129,4384
17.158.28.30,17200,9068,26268
17.158.28.52,14267,9635,23902
17.158.28.58,42539,17118,59657
17.158.36.13,873606,807164,1680770
17.158.36.18,122600,9123,131723
17.158.36.19,18360,6560,24920
17.158.36.21,1625273,1980242,3605515
17.158.36.22,1493816,1189215,2683031
17.158.36.29,6510,2250,8760
17.158.36.39,873688,874020,1747708
17.158.36.40,63807,46587,110394
17.158.36.50,51965,17869,69834
17.158.36.55,18234,3866,22100
17.158.36.59,946565,864133,1810698
17.158.36.61,70537,44734,115271
17.158.36.62,1167353,669178,1836531
17.158.36.66,12516,7390,19906
17.158.36.68,3129,1909,5038
17.158.36.70,5193,3096,8289
17.158.36.75,860435,287043,1147478
17.158.36.80,10969,30331,41300
17.158.36.81,13144,3489,16633
17.158.52.13,3509,905,4414
17.158.52.39,3508,898,4406
17.158.52.63,41277,13183,54460
17.158.52.70,4252,376,4628
17.158.8.13,63899,19424,83323
17.158.8.132,96567,26088,122655
17.158.8.30,71506,29908,101414
17.158.8.32,87638,37061,124699
17.158.8.91,80695,42880,123575
17.164.0.83,4654,4615,9269
17.164.1.27,3295921,29188,3325109
17.164.1.43,79704,22418,102122
17.167.137.17,23261,20704,43965
17.167.137.35,3292,1429,4721
17.167.138.42,5052,3614,8666
17.167.142.21,185974,135946,321920
17.167.142.26,9144,4632,13776
17.167.142.30,8222,5243,13465
17.167.142.36,218652,138472,357124
17.167.142.37,227645,126089,353734
17.167.142.38,20837,14440,35277
17.167.142.85,109317,74619,183936
17.167.142.92,6502,2256,8758
17.167.148.14,3251,1121,4372
17.167.148.23,554774,772153,1326927
17.167.148.25,100599,65431,166030
17.167.148.29,108045,75510,183555
17.167.148.37,4825,3141,7966
17.167.148.44,163255,115933,279188
17.167.148.45,143665,91141,234806
17.167.148.49,37941,7899,45840
17.167.150.86,142,263,405
17.167.192.154,1315358,187053,1502411
17.167.192.156,916619,133572,1050191
17.167.192.157,1239505,173851,1413356
17.167.192.181,1392593,206942,1599535
17.167.192.249,417965,353859,771824
17.167.193.167,464493,275897,740390
17.167.194.125,1872433,273754,2146187
17.167.194.128,1190698,179496,1370194
17.167.194.153,1278269,183382,1461651
17.167.194.210,387982,302111,690093
17.167.194.213,395334,238164,633498
17.167.194.241,1218433,169436,1387869
17.171.11.245,139017,29123,168140
17.171.11.87,11593,2466,14059
17.171.11.91,97951,56828,154779
17.171.27.70,31497,25461,56958
17.171.29.18,363048,87709,450757
17.171.40.19,1957,12042,13999
17.171.71.110,36731,27366,64097
17.171.75.203,162088,185039,347127
17.171.78.11,5459,10115,15574
17.171.78.75,10298,10014,20312
17.171.8.21,65907,5543,71450
17.171.8.22,782,170,952
17.172.224.35,0,0,0
17.172.224.40,781,170,951
17.172.224.52,371,982,1353
17.172.232.102,6489,7294,13783
17.172.232.103,3226,3367,6593
17.172.232.104,10418,13527,23945
17.172.232.106,3300,5487,8787
17.172.232.108,3226,3367,6593
17.172.232.109,4642,3990,8632
17.172.232.110,9591,10262,19853
17.172.232.111,3508,3156,6664
17.172.232.114,3226,5603,8829
17.172.232.116,3913,4165,8078
17.172.232.117,3226,3895,7121
17.172.232.118,11505,9458,20963
17.172.232.119,12086,19036,31122
17.172.232.120,7475,7105,14580
17.172.232.121,3189,3293,6482
17.172.232.122,6633,11268,17901
17.172.232.123,3498,3441,6939
17.172.232.125,3386,5053,8439
17.172.232.13,32403,15619,48022
17.172.232.130,3682,4172,7854
17.172.232.131,8236,9482,17718
17.172.232.132,3210,1846,5056
17.172.232.133,9625,8661,18286
17.172.232.134,3263,3473,6736
17.172.232.135,4051,13209,17260
17.172.232.137,3284,2192,5476
17.172.232.14,44843,21153,65996
17.172.232.140,3608,3118,6726
17.172.232.141,3189,2445,5634
17.172.232.142,3226,3367,6593
17.172.232.143,6771,5243,12014
17.172.232.144,3173,1809,4982
17.172.232.145,0,3367,3367
17.172.232.15,33352,17385,50737
17.172.232.150,3226,4023,7249
17.172.232.152,3189,3293,6482
17.172.232.157,4994,10319,15313
17.172.232.158,9870,11981,21851
17.172.232.16,68301,33154,101455
17.172.232.162,6878,7758,14636
17.172.232.165,3210,1948,5158
17.172.232.166,3226,4023,7249
17.172.232.167,3608,2894,6502
17.172.232.168,7479,12021,19500
17.172.232.17,29890,15396,45286
17.172.232.172,2126,190,2316
17.172.232.173,3226,3895,7121
17.172.232.174,3189,3821,7010
17.172.232.175,3226,1236,4462
17.172.232.176,3210,1948,5158
17.172.232.178,3226,3895,7121
17.172.232.179,3226,0,3226
17.172.232.180,3226,3943,7169
17.172.232.182,9045,8386,17431
17.172.232.188,10007,13945,23952
17.172.232.190,3343,6561,9904
17.172.232.191,3136,1237,4373
17.172.232.192,3226,3367,6593
17.172.232.195,6563,11064,17627
17.172.232.197,3024,189,3213
17.172.232.198,9816,9476,19292
17.172.232.199,5592,3692,9284
17.172.232.200,3508,3790,7298
17.172.232.202,6452,7406,13858
17.172.232.203,3226,5053,8279
17.172.232.205,11207,16819,28026
17.172.232.206,3189,3277,6466
17.172.232.207,3364,2842,6206
17.172.232.208,3917,3074,6991
17.172.232.209,3210,1862,5072
17.172.232.210,3407,3954,7361
17.172.232.211,3364,2842,6206
17.172.232.212,5246,1426,6672
17.172.232.213,6681,9778,16459
17.172.232.214,3024,5931,8955
17.172.232.216,3226,3367,6593
17.172.232.217,3682,6490,10172
17.172.232.218,6293,3184,9477
17.172.232.219,3732,3661,7393
17.172.232.222,5533,4600,10133
17.172.232.223,12201,10633,22834
17.172.232.226,6553,5335,11888
17.172.232.56,6452,8552,15004
17.172.232.58,7064,7818,14882
17.172.232.62,8935,8521,17456
17.172.232.63,4014,3833,7847
17.172.232.64,3226,3991,7217
17.172.232.65,4547,3833,8380
17.172.232.68,6617,7207,13824
17.172.232.71,3226,3293,6519
17.172.232.73,3226,4023,7249
17.172.232.75,3539,2276,5815
17.172.232.77,5352,189,5541
17.172.232.81,3785,6495,10280
17.172.232.88,3226,3457,6683
17.172.232.89,3961,4176,8137
17.172.232.94,3572,7183,10755
17.172.232.97,12576,12660,25236
17.172.232.99,10060,11534,21594
17.172.233.105,3173,1809,4982
17.172.233.106,7468,4833,12301
17.172.233.107,3226,3293,6519
17.172.233.111,3210,1948,5158
17.172.233.113,6271,10623,16894
17.172.233.115,6899,6359,13258
17.172.233.116,6436,5843,12279
17.172.233.121,4433,9808,14241
17.172.233.122,3370,4007,7377
17.172.233.123,4430,11482,15912
17.172.233.125,7505,5077,12582
17.172.233.127,3364,2842,6206
17.172.233.129,3860,8719,12579
17.172.233.134,3263,3457,6720
17.172.233.135,3539,2276,5815
17.172.233.137,6818,4911,11729
17.172.233.139,6563,12480,19043
17.172.233.140,3226,5185,8411
17.172.233.141,3226,3895,7121
17.172.233.143,3375,3441,6816
17.172.233.93,3226,3367,6593
17.172.233.94,3226,3383,6609
17.172.233.95,3364,3066,6430
17.172.233.96,10166,7205,17371
17.172.233.99,3705,8063,11768
17.172.238.18,3226,3895,7121
17.172.238.20,3024,189,3213
17.172.238.206,56199,27472,83671
17.172.238.21,3364,2842,6206
17.172.238.210,39753,19197,58950
17.172.238.25,6452,7506,13958
17.172.238.26,13185,14945,28130
17.172.238.28,3226,3351,6577
17.172.238.30,6436,5732,12168
17.172.238.32,3226,3367,6593
17.172.238.34,6590,7405,13995
17.172.238.38,3539,2276,5815
17.172.238.39,3402,3399,6801
17.172.238.40,3870,3288,7158
17.172.238.41,3572,7315,10887
17.172.238.45,6836,7572,14408
17.172.238.46,7000,6613,13613
17.172.238.47,6553,7505,14058
17.172.238.48,3636,2522,6158
17.172.238.49,3364,3066,6430
17.172.238.50,3247,1931,5178
17.172.238.51,7892,8346,16238
17.172.238.52,6644,7114,13758
17.172.238.53,3972,3637,7609
17.172.238.54,3226,3351,6577
17.172.238.55,6436,5609,12045
17.172.238.56,6553,5559,12112
17.172.239.105,6862,6449,13311
17.172.239.106,9625,13068,22693
17.172.239.108,3684,3473,7157
17.172.239.109,3364,3066,6430
17.172.239.114,9662,8723,18385
17.172.239.115,6797,6715,13512
17.172.239.116,11036,7853,18889
17.172.239.117,3226,5053,8279
17.172.239.118,3189,3383,6572
17.172.239.119,3210,1959,5169
17.172.239.121,3455,3911,7366
17.172.239.122,3152,1369,4521
17.172.239.123,4488,1425,5913
17.172.239.124,6250,4084,10334
17.172.239.125,3364,2842,6206
17.172.239.126,3583,3383,6966
17.172.239.127,3337,3945,7282
17.172.239.130,3226,5143,8369
17.172.239.131,6415,5876,12291
17.172.239.133,3226,3351,6577
17.172.239.135,3407,3985,7392
17.172.239.136,3263,3489,6752
17.172.239.137,3226,3895,7121
17.172.239.138,6197,2914,9111
17.172.239.139,3364,2842,6206
17.172.239.141,6452,6420,12872
17.172.239.143,3189,1981,5170
17.172.239.144,3189,3661,6850
17.172.239.146,6388,6907,13295
17.172.239.147,4420,3653,8073
17.172.239.148,13145,5785,18930
17.172.239.149,11355,21813,33168
17.172.239.15,3189,2877,6066
17.172.239.150,3646,5461,9107
17.172.239.156,3364,3066,6430
17.172.239.157,3796,5513,9309
17.172.239.16,3226,3367,6593
17.172.239.165,3226,3351,6577
17.172.239.167,3604,3156,6760
17.172.239.169,3226,3879,7105
17.172.239.170,9062,9658,18720
17.172.239.19,3226,3431,6657
17.172.239.25,7154,5925,13079
17.172.239.31,3226,3367,6593
17.172.239.32,12086,11738,23824
17.172.239.33,3263,3875,7138
17.172.239.34,3364,3066,6430
17.172.239.37,7650,6979,14629
17.172.239.38,3295,2266,5561
17.172.239.39,3226,3895,7121
17.172.239.4,3024,189,3213
17.172.239.41,3870,3288,7158
17.172.239.42,3189,2445,5634
17.172.239.44,7219,7295,14514
17.172.239.49,3226,3367,6593
17.172.239.50,4217,4213,8430
17.172.239.51,16681,21866,38547
17.172.239.52,12005,10563,22568
17.172.239.53,3226,3895,7121
17.172.239.54,3189,3293,6482
17.172.239.56,3364,3066,6430
17.172.239.57,3594,3751,7345
17.172.239.59,10766,10023,20789
17.172.239.6,3892,3547,7439
17.172.239.60,6436,5204,11640
17.172.239.67,3263,3457,6720
17.172.239.68,3805,4978,8783
17.172.239.71,6601,7400,14001
17.172.239.73,3226,3457,6683
17.172.239.74,9625,8976,18601
17.172.239.75,3364,3066,6430
17.172.239.76,10183,9914,20097
17.172.239.78,6676,14062,20738
17.172.239.81,3645,5644,9289
17.172.239.82,3226,4039,7265
17.172.239.83,3401,2262,5663
17.172.239.86,5389,3768,9157
17.172.239.87,5735,4171,9906
17.172.239.90,4233,3751,7984
17.172.239.91,3263,3701,6964
17.172.239.92,3024,189,3213
17.172.239.93,3226,3383,6609
17.172.239.94,6802,6203,13005
17.172.239.96,3226,3367,6593
17.172.239.97,2126,189,2315
17.172.239.99,6745,5495,12240
17.173.254.16,16596,15795,32391
17.173.254.33,6730,6449,13179
17.173.254.40,21763,15208,36971
17.173.255.106,4000,7600,11600
17.173.255.107,63,459,522
17.173.255.108,3984,7456,11440
17.173.255.109,29108,29956,59064
17.173.255.110,15838,20628,36466
17.173.255.111,15313,15986,31299
17.173.255.112,15057,13816,28873
17.173.255.113,8080,6537,14617
17.173.255.114,42505,30192,72697
17.173.255.29,24367,40033,64400
17.173.255.38,41057,43071,84128
17.173.255.43,21408,16726,38134
17.173.255.56,133,969,1102
17.173.255.57,49,459,508
17.173.255.59,12665,13989,26654
17.173.255.60,52106,52402,104508
17.173.255.61,14011,13048,27059
17.173.255.66,154,1122,1276
17.173.255.67,15632,13505,29137
17.173.255.68,20890,23014,43904
17.173.255.77,126,918,1044
17.173.255.78,12212,14071,26283
17.173.255.79,3766,3292,7058
17.173.66.100,73376,75182,148558
17.173.66.101,175846,139085,314931
17.173.66.107,1899797,1297981,3197778
17.173.66.108,9704,36291,45995
17.173.66.109,2228020,1566575,3794595
17.173.66.138,205907,120743,326650
17.173.66.139,228995,76461,305456
17.173.66.140,219998,126202,346200
17.173.66.141,197581,78543,276124
17.173.66.149,41820,12366,54186
17.173.66.150,27903,6967,34870
17.173.66.151,20518,5139,25657
17.173.66.152,21066,5401,26467
17.173.66.153,16636,5098,21734
17.173.66.154,22154,5323,27477
17.173.66.155,55834,12758,68592
17.173.66.184,471839,328239,800078
17.173.66.186,8197,18426,26623
17.173.66.78,26272,7353,33625
17.173.66.79,14506,5888,20394
17.173.66.80,32988,8182,41170
17.173.66.87,10872,4076,14948
17.173.66.88,12113,5626,17739
17.173.66.89,10868,5966,16834
17.173.66.99,76978,86062,163040
17.178.100.26,5932,1309,7241
17.178.100.47,7006,1812,8818
17.178.100.48,15721,4403,20124
17.178.100.91,15934,1731,17665
17.178.104.16,21897,20676,42573
17.178.104.17,4549,6277,10826
17.178.104.18,31953,27306,59259
17.178.104.19,30247,24022,54269
17.178.104.20,85276,37030,122306
17.178.104.21,20206,17091,37297
17.178.104.43,28577,23499,52076
17.178.104.44,24063,10171,34234
17.178.106.19,171281,13328,184609
17.178.106.23,9391,9607,18998
17.178.106.39,27909,12259,40168
17.178.106.40,14835,5985,20820
17.178.106.88,27046,4008,31054
17.178.106.89,11163,13398,24561
17.178.106.93,3503,2861,6364
17.178.96.12,503,369,872
17.178.96.16,1768,1360,3128
17.252.201.251,75824,11054,86878
17.252.219.251,71272,9365,80637
17.253.48.226,0,0,0
17.253.6.226,306,273,579
17.253.64.226,306,330,636
17.254.0.56,3635,15199,18834
17.254.21.62,5204,1384,6588
17.254.32.21,14832,14175,29007
170.178.171.161,546,869,1415
170.178.181.41,5966,863,6829
170.178.181.76,74520,228,74748
170.178.201.232,72004,5265,77269
171.104.188.7,10271,599,10870
171.106.220.88,19160,826,19986
171.106.221.77,88,88,176
171.106.249.67,0,68,68
171.106.58.165,705,2768,3473
171.106.76.79,84,84,168
171.107.188.178,74348,10982,85330
171.107.188.9,2034589,87961,2122550
171.107.189.204,914,1816,2730
171.107.189.205,50186,2576,52762
171.107.80.45,1227,388,1615
171.107.80.55,0,0,0
171.107.85.24,4632734,298786,4931520
171.107.86.170,11382,355,11737
171.107.86.239,608752,710,609462
171.107.87.173,4707070,1165,4708235
171.109.33.137,89767,1423,91190
171.109.34.72,696,498,1194
171.109.36.178,9537,53,9590
171.109.37.217,41,143,184
171.109.38.123,32953,35,32988
171.109.65.93,0,68,68
171.109.72.22,9537,52,9589
171.11.171.85,0,68,68
171.11.204.30,426,279,705
171.11.223.203,1957,154072,156029
171.11.231.137,300267,17470,317737
171.11.231.20,161388,441,161829
171.11.231.40,18817,37015,55832
171.11.94.239,4490,2909,7399
171.110.230.54,16579,1520,18099
171.110.25.20,1427,931,2358
171.110.64.128,9541,53,9594
171.110.78.82,11130,107,11237
171.111.145.221,687,142,829
171.111.153.7,529,430,959
171.111.153.8,1469,1788,3257
171.111.156.39,7524,644,8168
171.111.156.53,143820,7004,150824
171.111.157.138,76875,1335,78210
171.111.157.139,59789,2000,61789
171.111.157.151,2776,2189,4965
171.111.157.157,137579,1994,139573
171.111.157.172,13800,222,14022
171.111.157.192,70056,3099,73155
171.111.157.237,27600,444,28044
171.111.157.45,766005,5876,771881
171.111.158.185,115486,3347,118833
171.111.25.177,16561,36,16597
171.112.155.110,68,85,153
171.112.183.58,6900,53,6953
171.112.205.129,68,68,136
171.112.27.148,411,746,1157
171.112.96.141,333,111,444
171.112.96.156,2211776,30935,2242711
171.112.96.58,17684,31245,48929
171.112.96.60,277356,441,277797
171.112.96.61,1179611,441,1180052
171.112.96.84,564244,16744,580988
171.112.99.111,162,23,185
171.113.107.232,16484,104,16588
171.113.109.29,19741,505,20246
171.113.112.255,481,313,794
171.113.116.192,3820,2485,6305
171.113.119.2,41,151,192
171.113.12.238,91,91,182
171.113.12.87,310,200,510
171.113.120.10,4362,858,5220
171.113.120.223,9138,638,9776
171.113.121.140,41,151,192
171.113.124.223,9537,53,9590
171.113.141.162,0,68,68
171.113.26.43,208,400,608
171.113.69.244,0,52,52
171.113.71.21,235,163,398
171.113.89.219,41,143,184
171.113.96.188,102,198,300
171.113.98.115,0,68,68
171.114.207.142,2138,181003,183141
171.114.218.197,656,869,1525
171.116.181.122,129,220,349
171.117.150.104,18369,951,19320
171.118.76.53,82,302,384
171.12.103.85,118377,62,118439
171.12.152.64,9537,53,9590
171.12.205.155,8280,53,8333
171.120.84.37,9537,52,9589
171.122.88.22,9537,53,9590
171.123.227.73,41,143,184
171.123.54.170,41,151,192
171.124.40.152,9541,53,9594
171.127.87.39,41,143,184
171.127.91.230,19074,106,19180
171.13.107.128,7776384,15358,7791742
171.13.14.129,10660627,112311,10772938
171.13.174.196,118198,3381,121579
171.13.219.71,233,131,364
171.13.223.104,9541,53,9594
171.13.235.231,9541,53,9594
171.14.148.124,2760,53,2813
171.14.153.118,303,599,902
171.14.238.189,410,797,1207
171.14.43.215,1002,2093,3095
171.15.195.202,31740,705,32445
171.15.45.234,33293,195,33488
171.207.235.13,0,68,68
171.208.158.249,3281,2018,5299
171.211.186.200,203620,14259,217879
171.211.47.250,207,404,611
171.211.84.112,83715,549,84264
171.211.90.97,9675,14744,24419
171.212.106.42,9537,53,9590
171.212.148.134,1399,863,2262
171.212.148.196,456,312,768
171.212.149.229,194,156,350
171.212.225.212,692,428,1120
171.213.28.66,9541,53,9594
171.215.151.39,9537,49,9586
171.216.132.65,238,154,392
171.220.164.97,414,805,1219
171.221.115.216,1469,1197,2666
171.221.13.215,204,371,575
171.221.14.172,207,400,607
171.221.251.76,9537,53,9590
171.221.5.60,575,468,1043
171.222.76.192,204,400,604
171.223.169.180,617,1114,1731
171.223.22.254,9818,6346,16164
171.223.235.191,226,153,379
171.223.241.102,1894,1205,3099
171.223.242.141,2583,396,2979
171.223.85.168,596,48514,49110
171.35.221.187,82,302,384
171.36.134.32,854,1746,2600
171.36.245.173,0,453,453
171.36.44.204,0,130,130
171.36.70.81,0,390,390
171.37.177.14,41,143,184
171.37.225.127,82,302,384
171.37.225.208,41,151,192
171.37.245.54,41,143,184
171.37.246.60,41,151,192
171.37.251.228,17304,470,17774
171.38.185.212,0,130,130
171.38.40.229,41,143,184
171.38.80.124,41,151,192
171.39.15.7,368,548,916
171.39.161.91,41,151,192
171.39.164.75,41,143,184
171.39.167.219,41,151,192
171.39.169.160,0,0,0
171.39.172.123,777,218,995
171.39.232.105,258,334,592
171.39.26.185,18834,132,18966
171.40.109.28,5542,15108788,15114330
171.40.193.88,16555,30,16585
171.40.39.194,227,155,382
171.41.59.206,16510,130,16640
171.42.180.206,411,796,1207
171.42.241.250,0,68,68
171.42.251.119,9537,53,9590
171.42.42.154,32957,43,33000
171.43.132.121,9541,53,9594
171.43.17.139,9537,53,9590
171.43.42.65,141028,1517,142545
171.43.46.83,9537,53,9590
171.43.47.155,1135,10051,11186
171.43.47.214,19074,106,19180
171.43.93.138,201,123,324
171.64.66.206,236831,1522,238353
171.64.68.15,308000,40120,348120
171.8.115.11,9537,53,9590
171.8.143.186,215,122,337
171.8.147.218,409,748,1157
171.8.167.101,50997,721,51718
171.8.167.105,2082,14335,16417
171.8.167.14,3566674,16388955,19955629
171.8.168.191,6900,53,6953
171.8.203.170,13135,10098200,10111335
171.8.210.18,9537,53,9590
171.8.63.12,88216,2885,91101
171.8.65.53,9537,53,9590
171.8.71.100,12404807,27613,12432420
171.8.71.108,878547,54088,932635
171.8.71.112,1984507,91278,2075785
171.8.71.116,2243130,83893,2327023
171.8.71.12,1234501,39204,1273705
171.8.71.126,1096687,100042,1196729
171.8.71.172,13938,2879,16817
171.8.71.176,44493,3113,47606
171.8.71.177,758,390,1148
171.8.71.19,45629027,1918127,47547154
171.8.71.204,100515,17876,118391
171.8.71.32,2066480,365028,2431508
171.8.71.35,5160926,468279,5629205
171.8.71.41,2199480,108017,2307497
171.8.71.49,1660330,110663,1770993
171.8.71.73,38926620,1722157,40648777
171.8.71.76,222358,20506,242864
171.8.71.80,40426525,1942146,42368671
171.8.71.96,1928708,108336,2037044
171.8.71.97,2155006,65827,2220833
171.8.71.98,542974,8054,551028
171.8.71.99,844554,16302,860856
171.8.79.109,1804884,51050,1855934
171.8.79.110,2206040,46987,2253027
171.8.79.118,2128251,63596,2191847
171.8.79.16,1762564,97463,1860027
171.8.79.18,557066,70338,627404
171.8.79.27,774,581,1355
171.8.79.28,451208,22983,474191
171.8.79.29,6175369,524022,6699391
171.8.79.32,187861,45296,233157
171.8.79.37,407701,93908,501609
171.8.79.42,2934933,117456,3052389
171.8.79.46,5361558,439147,5800705
171.8.79.53,1714006,87463,1801469
171.8.79.65,96032,35319,131351
171.8.79.66,711977,90592,802569
171.8.79.75,2066366,55163,2121529
171.8.79.90,271428,6946,278374
171.8.79.91,2811830,19541,2831371
171.8.96.95,41,143,184
171.8.97.80,2156,11348451,11350607
171.81.108.28,25,32,57
171.83.174.105,923,587,1510
171.88.62.139,104,200,304
171.88.72.209,1174,200,1374
171.88.72.25,2800,1798,4598
171.88.73.98,368,548,916
171.88.86.64,406,200,606
171.89.131.55,19074,106,19180
171.89.3.245,0,136,136
171.9.103.105,2690,19679,22369
171.9.146.121,0,90,90
171.9.84.47,9545,53,9598
171.90.150.240,9537,53,9590
171.91.144.129,9541,53,9594
171.91.147.104,9537,52,9589
171.91.157.16,12805,2670,15475
171.91.157.17,6547,2906,9453
171.91.158.103,19296,452,19748
171.91.158.106,1565,2461,4026
171.91.158.119,877,1067,1944
171.91.158.125,19918,985,20903
171.91.158.128,16560,458,17018
171.91.158.195,6258905,12091,6270996
171.91.158.196,50948,17233,68181
171.91.158.65,132648,14021,146669
171.91.158.70,18896,3611,22507
171.91.159.144,124467,2913,127380
171.91.24.207,88,105,193
171.93.132.130,102,199,301
171.93.187.58,65678,158,65836
171.94.196.9,18563,1042,19605
171.95.156.216,918,396,1314
172.219.171.101,645677,4282,649959
172.229.123.168,10340,788,11128
172.229.127.199,88419,1019,89438
172.229.134.137,67755,1865,69620
172.230.105.78,56765,1204,57969
172.230.159.35,1535,2844,4379
172.230.226.79,19331,1665,20996
172.230.240.185,54070,392,54462
172.231.246.12,19445,1763,21208
172.231.249.185,634,952,1586
172.231.249.24,108254,808,109062
172.231.93.20,841,985,1826
172.232.198.111,476,130,606
172.232.250.138,8530,1498,10028
172.233.45.225,0,0,0
172.233.77.255,1338,56,1394
172.240.171.200,33120,265,33385
172.246.47.241,0,0,0
173.0.82.211,3885,802,4687
173.0.82.216,3548,950,4498
173.0.84.103,13515,4304,17819
173.0.88.113,6725,3135,9860
173.183.79.179,2791,1052481,1055272
173.192.202.135,1270,1167,2437
173.192.202.136,212,0,212
173.192.202.137,6344,4835,11179
173.192.202.138,212,0,212
173.192.202.139,636,0,636
173.192.202.140,3129,4021,7150
173.192.219.186,333,466,799
173.192.219.187,335,481,816
173.192.219.188,332,472,804
173.192.222.173,158,218,376
173.192.222.174,446,652,1098
173.192.222.178,181,291,472
173.192.222.179,463,965,1428
173.192.222.181,271,419,690
173.192.222.182,514,707,1221
173.192.222.185,219,321,540
173.192.222.186,288,418,706
173.192.222.187,357,537,894
173.192.222.188,1481,2342,3823
173.192.222.191,158,218,376
173.192.222.193,145,241,386
173.192.231.51,28420,692,29112
173.192.231.59,101699,692,102391
173.192.49.112,53736,2338,56074
173.192.82.199,751,2459,3210
173.192.82.200,1054,3847,4901
173.192.82.201,0,1626,1626
173.192.91.160,310,520,830
173.192.91.163,542,1116,1658
173.193.205.9,224667,691,225358
173.194.112.156,4639,1346,5985
173.194.112.199,153,916,1069
173.194.112.202,0,0,0
173.194.112.203,5117,1509,6626
173.194.112.221,3909,478,4387
173.194.112.252,3909,478,4387
173.194.112.253,251,733,984
173.194.113.102,1779,2473,4252
173.194.113.105,5146,4361,9507
173.194.113.109,5153,4375,9528
173.194.113.110,5107,4524,9631
173.194.113.115,153,4935,5088
173.194.113.156,3902,477,4379
173.194.113.157,4292,1375,5667
173.194.113.252,4487,1493,5980
173.194.113.37,0,0,0
173.194.113.38,689,1373,2062
173.194.113.42,5134,4431,9565
173.194.113.75,1527,2062,3589
173.194.115.37,5135,4389,9524
173.194.115.38,6216,2239,8455
173.194.115.39,7157,7754,14911
173.194.115.42,10431,6093,16524
173.194.115.43,0,0,0
173.194.115.44,13340,10461,23801
173.194.115.45,10633,10559,21192
173.194.115.46,10118,4377,14495
173.194.115.51,6884,6542,13426
173.194.116.103,4408,699,5107
173.194.116.104,0,1467,1467
173.194.116.105,9559,3403,12962
173.194.116.106,0,0,0
173.194.116.133,0,0,0
173.194.116.135,9604,2512,12116
173.194.116.140,153,2350,2503
173.194.116.141,0,0,0
173.194.116.168,5116,4403,9519
173.194.116.169,9913,2605,12518
173.194.116.170,4351,655,5006
173.194.116.171,6136,4745,10881
173.194.116.172,5194,1599,6793
173.194.116.174,5188,2356,7544
173.194.116.179,1360,4977,6337
173.194.116.197,706,1321,2027
173.194.116.46,1380,1599,2979
173.194.116.74,5545,2725,8270
173.194.117.166,2098,430,2528
173.194.117.170,3983,298,4281
173.194.117.199,3985,298,4283
173.194.118.132,3909,478,4387
173.194.118.14,5458,2469,7927
173.194.118.19,5785,1908,7693
173.194.118.39,6263,2560,8823
173.194.118.41,1281,2434,3715
173.194.118.43,5296,1589,6885
173.194.118.44,6778,2858,9636
173.194.118.45,5146,1309,6455
173.194.118.46,5320,1656,6976
173.194.118.6,706,1321,2027
173.194.118.8,352,916,1268
173.194.120.101,4391,691,5082
173.194.120.133,11402,5380,16782
173.194.120.134,0,0,0
173.194.120.137,7968,564,8532
173.194.120.138,704,1832,2536
173.194.120.140,0,704,704
173.194.120.142,5571,1843,7414
173.194.120.147,10592,6071,16663
173.194.120.69,19695,14097,33792
173.194.120.70,4246,3989,8235
173.194.120.72,5571,1878,7449
173.194.120.73,2625,5554,8179
173.194.120.75,4097,4829,8926
173.194.120.76,5670,1813,7483
173.194.120.77,5570,1878,7448
173.194.120.78,13340,7239,20579
173.194.120.83,21110,11678,32788
173.194.121.28,3902,511,4413
173.194.121.61,4438,1339,5777
173.194.123.13,5286,1716,7002
173.194.123.24,985,53,1038
173.194.123.40,153,1603,1756
173.194.123.41,3984,293,4277
173.194.123.74,352,916,1268
173.194.123.76,5752,1833,7585
173.194.123.78,5146,4361,9507
173.194.123.83,4294,1051,5345
173.194.126.102,9045,4491,13536
173.194.126.107,4408,699,5107
173.194.126.115,352,916,1268
173.194.126.12,4899,1889,6788
173.194.126.13,0,0,0
173.194.126.134,352,916,1268
173.194.126.135,12046,6660,18706
173.194.126.137,4213,1589,5802
173.194.126.14,5152,2062,7214
173.194.126.140,0,0,0
173.194.126.147,6084,4544,10628
173.194.126.19,1993,5950,7943
173.194.126.229,1691,2493,4184
173.194.126.234,352,916,1268
173.194.126.235,0,0,0
173.194.126.238,1525,2127,3652
173.194.126.243,6365,2881,9246
173.194.126.5,3910,4552,8462
173.194.192.141,10239,6216,16455
173.194.192.195,1270,4949,6219
173.194.192.98,2364,425,2789
173.194.194.141,10663,7080,17743
173.194.204.99,327,1554,1881
173.194.219.195,352,916,1268
173.194.219.96,5510,2677,8187
173.194.219.99,4401,1288,5689
173.194.22.141,137,9620,9757
173.194.22.142,515669,27444,543113
173.194.22.145,91575,41926,133501
173.194.22.161,206183,1064,207247
173.194.22.174,8070608,73215,8143823
173.194.22.176,13511,4901,18412
173.194.22.177,3491987,11245,3503232
173.194.22.191,9323699,41016,9364715
173.194.22.192,365348,23173,388521
173.194.22.204,1066563,2301,1068864
173.194.22.205,73257,707,73964
173.194.22.206,356636,384,357020
173.194.22.207,152810,718,153528
173.194.22.221,20149958,2789,20152747
173.194.22.223,618884,1256,620140
173.194.26.92,314230,331,314561
173.194.32.230,352,916,1268
173.194.32.234,5309,2661,7970
173.194.32.237,5754,1885,7639
173.194.32.238,5055,1889,6944
173.194.32.243,1333,4631,5964
173.194.33.148,4456,1356,5812
173.194.33.156,3909,478,4387
173.194.36.100,3902,477,4379
173.194.36.12,352,916,1268
173.194.36.14,10843,3668,14511
173.194.36.7,5165,4375,9540
173.194.36.9,4790,1208,5998
173.194.38.197,2364,430,2794
173.194.38.205,12632,3662,16294
173.194.38.211,506,2161,2667
173.194.40.102,4137,479,4616
173.194.40.109,6096,3931,10027
173.194.40.110,4762,1072,5834
173.194.40.135,5153,4403,9556
173.194.42.166,5607,2805,8412
173.194.46.39,10302,8862,19164
173.194.51.140,532619,49655,582274
173.194.51.147,1343957,11225,1355182
173.194.51.149,70724,648,71372
173.194.51.183,8596,902,9498
173.194.51.212,66777,17985,84762
173.194.63.244,10189,1368,11557
173.194.64.195,1564,5089,6653
173.194.64.96,9385,8863,18248
173.194.64.98,5693,3101,8794
173.194.65.141,15437,10591,26028
173.194.65.195,5144,4403,9547
173.194.65.96,1494,2117,3611
173.194.65.98,15370,13111,28481
173.194.67.141,10900,5620,16520
173.194.67.195,5357,2762,8119
173.194.67.98,352,916,1268
173.194.71.141,352,916,1268
173.194.71.195,0,0,0
173.194.71.96,352,916,1268
173.194.71.98,5447,2661,8108
173.194.72.100,21584,8749,30333
173.194.72.104,51127,11575,62702
173.194.72.105,3551976,310729,3862705
173.194.72.106,1844300,241382,2085682
173.194.72.107,1478255,180847,1659102
173.194.72.108,1422252,19736,1441988
173.194.72.109,98722,13850,112572
173.194.72.110,138610,25071,163681
173.194.72.111,106850,10006,116856
173.194.72.113,834916,99717,934633
173.194.72.114,989186,187735,1176921
173.194.72.118,4176564,326424,4502988
173.194.72.123,28721,383,29104
173.194.72.126,3469688,127346,3597034
173.194.72.130,39827,42336,82163
173.194.72.141,173351,139740,313091
173.194.72.143,2860772,313651,3174423
173.194.72.144,1379808,226272,1606080
173.194.72.146,2281302,1780749,4062051
173.194.72.152,67449,22004,89453
173.194.72.193,691657,280236,971893
173.194.72.194,353067,150759,503826
173.194.72.195,194329,119894,314223
173.194.72.197,105712,34551,140263
173.194.72.204,51764444,6082186,57846630
173.194.72.22,1948866,59226,2008092
173.194.72.23,737382,53998,791380
173.194.72.24,30149,60963,91112
173.194.72.87,884940,28729,913669
173.194.72.88,934324,191065,1125389
173.194.72.89,1970850,1030053,3000903
173.194.72.96,164486,90013,254499
173.194.72.98,161790,92025,253815
173.194.79.99,8976,2844,11820
173.197.192.109,323,613,936
173.197.192.112,2952,4582,7534
173.197.192.126,5428,12943,18371
173.197.192.14,4027,421,4448
173.197.192.143,13420,364,13784
173.197.192.149,80347,2090,82437
173.197.192.151,80487,1462,81949
173.197.192.152,0,0,0
173.197.192.16,3996,389,4385
173.197.192.165,5820,1461,7281
173.197.192.168,722955,21287,744242
173.197.192.176,838,130,968
173.197.192.181,0,0,0
173.197.192.190,7528,970,8498
173.197.192.191,11999,15211,27210
173.197.192.199,10516,14060,24576
173.197.192.200,7528,776,8304
173.197.192.206,15386,2576,17962
173.197.192.213,3777028,117418,3894446
173.197.192.214,24178,3864,28042
173.197.192.22,20575,9162,29737
173.197.192.23,13257,962,14219
173.197.192.29,21271,7563,28834
173.197.192.37,5152,988,6140
173.197.192.38,11771,999,12770
173.197.192.45,96960,2495,99455
173.201.216.97,298962,35364,334326
173.201.238.133,0,2310,2310
173.201.243.6,377791,24772,402563
173.201.95.45,340,268,608
173.203.40.178,1048,1676,2724
173.205.6.158,93563,676,94239
173.205.6.160,3997,4358,8355
173.205.6.182,232,286,518
173.205.6.189,464,572,1036
173.205.6.190,71606,3239,74845
173.205.6.207,6564,7860,14424
173.205.6.30,3673,578,4251
173.205.6.40,3673,892,4565
173.205.6.47,7292,2696,9988
173.205.6.62,6594,966,7560
173.205.6.93,0,0,0
173.205.7.37,419,65,484
173.205.7.39,0,0,0
173.205.76.109,248,573,821
173.205.76.13,2198,322,2520
173.205.76.133,496,2250,2746
173.205.76.14,15025,952,15977
173.205.76.182,0,0,0
173.205.76.199,28893,9718,38611
173.205.76.205,289,276,565
173.205.76.206,1133,1354,2487
173.205.76.215,19879,11336,31215
173.205.76.222,10761,10699,21460
173.205.76.223,464,572,1036
173.205.76.230,1708,201,1909
173.205.76.246,56658,1477,58135
173.205.76.32,6551,1038,7589
173.205.76.39,8314,1922,10236
173.205.76.46,3803,353,4156
173.205.76.61,3803,353,4156
173.205.76.63,69437,23651,93088
173.205.77.63,1672,941,2613
173.205.77.71,496,999,1495
173.205.77.72,0,0,0
173.205.77.86,0,0,0
173.208.202.233,262314,2688,265002
173.208.211.63,666,1845,2511
173.208.211.66,337,970,1307
173.208.216.56,10516,380,10896
173.208.244.63,26800,696,27496
173.209.224.141,48792,3850,52642
173.214.168.176,2430,2209,4639
173.222.29.204,4601,707,5308
173.222.43.142,6122,855,6977
173.223.0.119,2049,495,2544
173.223.1.81,64960,2903,67863
173.223.179.240,2898,2897,5795
173.223.179.62,119688,7221,126909
173.223.182.70,22080,148,22228
173.223.187.246,54071,368,54439
173.223.52.200,1672,1364,3036
173.223.52.215,679,821,1500
173.223.52.248,604614,6408,611022
173.230.144.169,0,117,117
173.230.149.100,24111,2584,26695
173.230.153.31,206276,3254,209530
173.230.158.171,0,392,392
173.231.37.66,18342,587,18929
173.231.39.223,184332,22527,206859
173.231.44.235,106753,11991,118744
173.231.54.244,6786,456,7242
173.234.9.231,26166,2611,28777
173.236.171.74,212,193,405
173.236.190.6,21716,6621,28337
173.236.224.54,221872,34997,256869
173.236.233.205,6900,357,7257
173.236.252.39,7353,1662,9015
173.241.248.176,16962,3628,20590
173.241.248.224,30659,786,31445
173.241.248.225,65226,75756,140982
173.241.248.226,19561,11434,30995
173.241.248.35,40589,8875,49464
173.241.248.40,0,0,0
173.242.121.9,386,114,500
173.245.2.218,6419,8090,14509
173.245.61.126,51060,182,51242
173.245.77.206,22005,1741,23746
173.245.87.112,1308298,86825,1395123
173.247.239.42,0,3019,3019
173.247.255.165,341861,27254,369115
173.252.100.32,45843,7660,53503
173.252.200.56,95081,1792,96873
173.252.202.65,70660,11601,82261
173.252.216.227,116452,9970,126422
173.252.247.174,24571,1236,25807
173.252.247.175,19800,452,20252
173.252.250.67,211358,18638,229996
173.252.252.129,650,587,1237
173.252.73.54,21424,17117,38541
173.252.73.57,4239498,866452,5105950
173.252.73.6,70416,237930,308346
173.252.74.27,61797,10631,72428
173.254.194.238,32913,189,33102
173.254.198.87,169145,33343,202488
173.254.201.120,104991,13273,118264
173.254.228.245,762,452,1214
173.254.28.117,3080,400,3480
173.254.28.78,12864,510,13374
173.254.28.83,31840,1694,33534
173.255.117.200,0,0,0
173.255.187.121,9537,53,9590
173.255.194.94,2560,3236,5796
173.255.216.50,32568,3051,35619
173.255.216.68,39240,2086,41326
173.255.221.101,165329,11288,176617
173.255.235.113,0,2156,2156
173.255.243.194,820351,79761,900112
173.255.253.101,56956,2824,59780
173.255.254.93,27600,454,28054
173.32.0.252,2402003,17666,2419669
173.37.144.213,650,1404,2054
173.37.145.13,20314,1382,21696
173.45.105.119,18360,12548,30908
173.45.110.140,287547,213701,501248
173.45.110.143,3521786,2124608,5646394
173.45.110.159,521784,316218,838002
173.45.110.162,3120283,2019412,5139695
173.45.110.178,379200,254008,633208
173.45.110.181,3001895,1881317,4883212
173.45.115.215,10448,10114,20562
173.45.127.143,859987,496903,1356890
173.45.127.162,932527,487974,1420501
173.45.127.181,785284,451967,1237251
173.45.236.134,9750,3890,13640
174.113.246.221,779,2900,3679
174.121.164.191,32949,816,33765
174.123.98.112,0,414,414
174.127.67.242,76225,1082,77307
174.129.0.49,34134,6874,41008
174.129.15.165,24510,6245,30755
174.129.16.221,1819654,697174,2516828
174.129.16.249,24922,2392,27314
174.129.19.109,29079,5832,34911
174.129.19.62,82867,16237,99104
174.129.192.222,6129418,2406022,8535440
174.129.193.71,12760,5079,17839
174.129.194.28,4288,1636,5924
174.129.195.0,308,182,490
174.129.198.210,204,2992,3196
174.129.2.127,13334,11424,24758
174.129.202.115,4535,15966,20501
174.129.204.193,51,1421,1472
174.129.208.233,287,383,670
174.129.209.250,7074,1485,8559
174.129.209.92,6454,3398,9852
174.129.21.73,5905018,2512599,8417617
174.129.214.90,21973,5928,27901
174.129.215.111,442830,30871,473701
174.129.216.247,749,184,933
174.129.219.129,11043,1519,12562
174.129.222.187,57140,11069,68209
174.129.222.57,287,383,670
174.129.224.39,3092639,1220997,4313636
174.129.226.107,1143296,71568,1214864
174.129.227.147,3499521,1386436,4885957
174.129.229.14,4674916,1965889,6640805
174.129.232.118,0,0,0
174.129.250.253,40307,7479,47786
174.129.251.118,12547,3602,16149
174.129.255.57,30381,29405,59786
174.129.37.240,4145,2583,6728
174.129.40.45,4220245,1619870,5840115
174.129.72.128,2071,15071,17142
174.133.162.145,10981,532,11513
174.136.24.49,122672,2090,124762
174.139.109.215,162054,3034,165088
174.139.120.95,749752,57956,807708
174.139.120.97,10702,1140,11842
174.139.121.129,2601,397,2998
174.139.133.156,151983,3124,155107
174.139.133.80,299,264,563
174.139.149.199,117453,12835,130288
174.139.169.63,8236,470,8706
174.139.20.176,2778,5559,8337
174.139.200.40,258167,40488,298655
174.139.210.63,250872,29100,279972
174.139.241.130,70208,7089,77297
174.139.241.131,488679,21441,510120
174.139.54.8,146588,8847,155435
174.139.7.127,2471,1589,4060
174.139.74.7,34584,22325,56909
174.139.75.193,74798,6078,80876
174.139.78.103,13608,728,14336
174.139.85.217,63308,2489,65797
174.139.9.66,2646,532,3178
174.140.137.38,723,571,1294
174.140.137.42,1346,1550,2896
174.143.148.135,13296,1681,14977
174.143.198.63,0,216,216
174.143.89.161,2584,1393,3977
174.35.25.10,7547,478,8025
174.35.25.81,7548,382,7930
174.35.52.93,1708,453,2161
174.35.6.12,0,0,0
174.35.6.15,7549,626,8175
174.35.6.27,7548,409,7957
174.35.6.28,7549,550,8099
174.35.6.79,7549,457,8006
174.35.6.90,277,553,830
174.36.198.241,4775,1238,6013
174.36.210.39,199,316,515
174.36.210.40,304,396,700
174.36.210.43,364,565,929
174.36.210.44,158,244,402
174.36.210.45,176,244,420
174.36.210.48,268,346,614
174.36.210.50,537,782,1319
174.36.210.52,145,241,386
174.36.210.54,321,231,552
174.36.210.56,145,241,386
174.36.210.58,380,344,724
174.36.244.136,415,960,1375
174.37.186.141,0,908,908
174.37.199.223,63257,692,63949
174.37.231.83,540,299,839
174.37.231.86,395,565,960
174.37.231.88,235,316,551
174.37.231.89,145,172,317
174.37.231.90,309,446,755
174.37.231.93,534,2571,3105
174.37.231.96,163,268,431
174.37.231.97,430,573,1003
174.37.231.99,309,446,755
175.0.13.48,1801,19741,21542
175.0.140.236,227,155,382
175.0.19.88,41,143,184
175.0.201.8,1509,1024,2533
175.0.220.137,205,403,608
175.0.223.164,511,1005,1516
175.0.24.146,512,936,1448
175.1.178.239,79,84,163
175.1.251.169,9537,49,9586
175.1.31.123,408,801,1209
175.1.47.32,9537,52,9589
175.1.49.254,155,23,178
175.1.75.98,9537,53,9590
175.10.100.64,8364,86972,95336
175.100.12.170,958639,64113,1022752
175.100.14.41,1323564,5958,1329522
175.100.9.60,801118,25709,826827
175.102.128.117,3422,1176,4598
175.102.131.26,1708,415,2123
175.102.131.41,3416,940,4356
175.102.133.34,20700,448,21148
175.102.14.227,5535,1599,7134
175.102.2.226,241,268,509
175.102.7.71,9616,462,10078
175.107.194.10,16638,5188,21826
175.11.1.241,2716,1677,4393
175.11.159.38,103,188,291
175.11.20.129,241,158,399
175.11.22.155,619,1121,1740
175.111.56.230,1474,179,1653
175.12.172.96,229750,233,229983
175.12.177.81,157,23,180
175.12.35.76,9541,53,9594
175.120.72.201,433455,9682,443137
175.136.108.34,1240064,45162,1285226
175.137.89.49,832153,5778,837931
175.139.186.78,37392,29263,66655
175.139.203.230,843110,9647167,10490277
175.141.22.98,7286325,88264,7374589
175.143.153.10,260164,12319,272483
175.146.33.208,41,151,192
175.146.93.55,41,151,192
175.148.111.231,41,143,184
175.148.117.179,41,143,184
175.148.205.232,41,151,192
175.149.193.148,82,302,384
175.149.60.247,1087,1494,2581
175.150.235.103,41,151,192
175.150.89.176,41,143,184
175.151.147.112,41,151,192
175.151.222.27,82,302,384
175.151.234.102,129,220,349
175.152.203.183,614,502,1116
175.152.245.157,129,222,351
175.152.245.242,9422,604,10026
175.153.206.87,41,151,192
175.154.80.253,41,151,192
175.154.83.98,41,151,192
175.154.84.115,0,572,572
175.154.84.249,41,143,184
175.154.86.106,41,151,192
175.154.86.93,41,143,184
175.154.92.38,41,143,184
175.154.94.22,41,151,192
175.154.94.225,0,604,604
175.154.94.63,0,604,604
175.155.180.40,0,68,68
175.155.85.139,41,143,184
175.155.85.43,0,604,604
175.155.86.32,41,143,184
175.155.86.84,41,151,192
175.155.87.177,0,1144,1144
175.155.89.101,41,151,192
175.155.89.38,0,604,604
175.155.90.15,41,143,184
175.155.91.16,41,143,184
175.155.92.217,0,68,68
175.155.93.152,41,143,184
175.155.97.114,94,111,205
175.156.212.11,0,130,130
175.156.3.103,1470193,68898,1539091
175.156.52.137,62906,4522065,4584971
175.156.82.243,1363,3143,4506
175.159.122.207,0,68,68
175.16.243.27,191,316,507
175.160.113.88,41,151,192
175.163.67.215,0,92,92
175.163.79.12,0,650,650
175.164.62.176,189967,714,190681
175.166.26.119,41,151,192
175.166.67.191,0,0,0
175.166.82.192,41,151,192
175.168.255.135,129,469,598
175.168.28.103,0,380,380
175.17.44.122,41,151,192
175.171.253.44,129,176,305
175.171.64.143,0,130,130
175.171.73.23,0,260,260
175.173.113.235,0,151,151
175.174.116.35,41,143,184
175.175.147.200,41,151,192
175.175.212.196,82,286,368
175.175.29.231,41,151,192
175.175.46.104,74,285,359
175.175.85.145,41,151,192
175.18.150.215,41,151,192
175.18.54.87,41,151,192
175.181.101.212,935,609,1544
175.181.120.221,928,609,1537
175.181.44.90,1070,3623,4693
175.182.69.80,2760,1023,3783
175.182.75.235,1021,598,1619
175.19.15.227,41,151,192
175.19.238.211,41,151,192
175.195.188.140,13973,8024,21997
175.198.108.137,63816,6627,70443
175.2.11.61,41,151,192
175.2.186.186,961,773,1734
175.2.208.137,261293,122,261415
175.2.241.72,16556,31,16587
175.2.70.182,52859,795,53654
175.20.17.225,41,151,192
175.20.30.79,74,285,359
175.21.100.244,74,277,351
175.21.106.195,41,143,184
175.22.205.40,41,151,192
175.22.6.24,886,250,1136
175.23.207.177,41,151,192
175.25.168.21,19861,931,20792
175.25.168.33,237377,532,237909
175.25.168.35,2537750,48590,2586340
175.25.168.45,386721577,15972900,402694477
175.25.168.47,424661447,1774859,426436306
175.3.165.111,102,199,301
175.3.178.8,10653,6795,17448
175.3.179.243,308,558,866
175.3.242.248,2324,180,2504
175.3.46.190,9537,53,9590
175.3.58.177,204,372,576
175.30.120.206,1620,59010,60630
175.30.184.130,142395,185,142580
175.30.210.71,2009,163,2172
175.30.99.26,5794,237,6031
175.31.115.99,307,602,909
175.31.118.21,9537,49,9586
175.31.126.90,25988,787,26775
175.31.231.27,716,1397,2113
175.31.70.187,155,23,178
175.4.205.91,91,91,182
175.41.10.82,53626,205,53831
175.41.10.90,20616,410,21026
175.41.129.228,8835,5700,14535
175.41.135.77,8820,41752,50572
175.41.136.59,2056,2064,4120
175.41.137.160,12587,12016,24603
175.41.137.247,7073,961,8034
175.41.137.76,0,2160,2160
175.41.140.59,8347,3292,11639
175.41.238.233,2045,1502,3547
175.41.243.124,257884,42795,300679
175.41.243.127,303946,39773,343719
175.41.245.244,4205,2073,6278
175.41.247.192,3350,4354,7704
175.41.251.211,4771,3539,8310
175.41.30.191,211049,1776,212825
175.41.9.229,246,235,481
175.41.9.230,492,470,962
175.42.224.21,1235,432,1667
175.43.122.174,27161,386,27547
175.43.122.211,7102,391,7493
175.43.124.146,571312,148751,720063
175.43.124.147,608522,170297,778819
175.43.124.148,510634,127120,637754
175.43.124.149,504946,154597,659543
175.43.124.150,518995,130020,649015
175.43.124.151,655931,174167,830098
175.43.124.236,278408,193872,472280
175.43.124.237,257508,179098,436606
175.43.124.238,344685,239232,583917
175.43.124.239,203224,138595,341819
175.43.124.240,300374,216790,517164
175.43.124.241,259830,177113,436943
175.43.124.243,252937,168095,421032
175.43.124.244,303263,208194,511457
175.43.124.245,246405,176441,422846
175.43.124.246,281609,187786,469395
175.43.124.250,785472,258913,1044385
175.43.16.182,94204,255,94459
175.45.1.41,740887,107870,848757
175.45.139.20,5831,4861,10692
175.45.17.24,10388,1384,11772
175.5.173.215,9604,829,10433
175.5.2.200,74299,693,74992
175.5.46.107,1637,1056,2693
175.5.50.121,307,559,866
175.5.98.211,9537,52,9589
175.6.0.107,5515,465,5980
175.6.0.109,3807,217,4024
175.6.18.12,0,0,0
175.6.18.13,560,65,625
175.6.18.20,562,65,627
175.6.4.162,1470760,29362,1500122
175.6.4.163,1990072,69384,2059456
175.6.5.110,1084,1254,2338
175.6.9.12,1275,525,1800
175.6.9.226,594055,99505,693560
175.6.9.24,50423,1568,51991
175.6.9.7,7137504,5231,7142735
175.6.9.84,11772153,46801,11818954
175.8.115.255,63908,8016,71924
175.8.174.47,28619,159,28778
175.8.18.188,301,393,694
175.8.19.210,477,480,957
175.8.199.91,141,236,377
175.8.80.242,1282,893,2175
175.8.89.194,4360,2761,7121
175.8.93.86,2678,17604,20282
175.9.197.180,619,1400,2019
176.101.96.80,393,815,1208
176.123.6.230,10397,4373,14770
176.182.161.62,400046,101011,501057
176.221.47.35,3498,360,3858
176.227.205.56,3315,2147,5462
176.32.100.10,116719,133326,250045
176.32.100.183,829,123,952
176.32.100.227,28611,7300,35911
176.32.100.235,51999,14426,66425
176.32.100.38,5953,3794,9747
176.32.103.140,190062,365100,555162
176.32.103.192,99594,47216,146810
176.32.108.183,537162,122502,659664
176.32.108.188,984100,231200,1215300
176.32.108.191,30439,456,30895
176.32.108.192,424009,909378,1333387
176.32.111.76,466,436,902
176.32.230.17,1088995,32552,1121547
176.32.87.145,680,519,1199
176.32.87.60,3016,3069,6085
176.32.88.177,232471,39942,272413
176.32.94.85,228001,30493,258494
176.32.96.135,17892,92292,110184
176.32.96.147,5954,3890,9844
176.32.96.97,250066,16880,266946
176.32.98.123,13449,3968,17417
176.32.98.129,2522,423,2945
176.32.98.171,2017170,581444,2598614
176.32.99.81,11584,12745,24329
176.32.99.82,106643,19614,126257
176.34.102.1,62817,13413,76230
176.34.113.67,7396,3482,10878
176.34.117.70,4896,722,5618
176.34.119.82,4732,1714,6446
176.34.132.67,52592,27960,80552
176.34.144.33,2785,215,3000
176.34.147.68,107185,44329,151514
176.34.148.205,97921,53234,151155
176.34.182.70,28315,9827,38142
176.34.190.209,58735,31353,90088
176.34.22.245,2528,2135,4663
176.34.226.136,13506,12330,25836
176.34.226.21,66450,59783,126233
176.34.23.166,374,0,374
176.34.233.27,532,674,1206
176.34.28.155,6371,6684,13055
176.34.47.177,11469,7777,19246
176.34.54.194,1658216,56391,1714607
176.34.58.23,10237,5386,15623
176.40.29.22,690,533,1223
176.40.62.111,443386,55131,498517
176.43.0.200,16754,2540,19294
176.43.48.30,82400,5019,87419
176.43.48.76,106749,30654,137403
176.58.102.237,0,381,381
176.58.109.121,36849,8042,44891
176.58.114.95,2260,138,2398
176.58.90.82,624,1162,1786
176.58.93.129,624,557,1181
176.74.17.255,812171,2421,814592
176.74.182.161,329,601,930
176.74.182.163,113580,11802,125382
176.9.102.31,85278,21842,107120
176.9.158.31,35224,944,36168
176.9.63.24,158051,6646,164697
176.9.66.114,182700,355,183055
176.9.72.107,11820,860,12680
177.0.114.82,854,5479,6333
177.184.201.7,0,255,255
178.162.204.229,0,144,144
178.162.216.178,4152,1341,5493
178.162.216.179,4018,1021,5039
178.162.216.181,4018,2330,6348
178.17.33.243,830,378,1208
178.189.92.123,34500,252,34752
178.208.90.148,0,215,215
178.21.11.87,8540,2646,11186
178.216.201.227,1584,722,2306
178.23.121.172,190,802,992
178.236.151.69,0,3456,3456
178.236.4.116,5551,2550,8101
178.236.4.164,107730,88030,195760
178.236.4.42,3145,4804,7949
178.236.4.90,1117,173,1290
178.236.6.103,410,444,854
178.236.6.24,22939,7088,30027
178.236.6.247,949364,148513,1097877
178.236.6.252,526880,105089,631969
178.236.6.52,5558,6712,12270
178.236.6.79,1117,173,1290
178.236.7.0,271933,912,272845
178.236.7.142,108791,60009,168800
178.236.7.222,5644,2502,8146
178.236.7.224,1413142,236936,1650078
178.236.7.233,248779,55311,304090
178.236.7.245,140738,485692,626430
178.249.101.28,15689,1648,17337
178.249.101.29,13899,1317,15216
178.250.0.80,5137,9001,14138
178.250.0.83,1625,1235,2860
178.250.2.120,8898,2956,11854
178.250.2.80,2034,3932,5966
178.250.2.83,0,0,0
178.255.153.15,32,158,190
178.255.83.6,116291,37056,153347
178.255.83.7,627503,8088,635591
178.32.101.67,1111,975,2086
178.32.24.109,27776,2394,30170
178.33.152.4,212127,3752,215879
178.33.42.11,600,361,961
178.61.168.100,250565,23263,273828
178.62.120.215,2260537,23949,2284486
178.62.17.184,539,252,791
178.63.103.205,539485,8448,547933
178.63.61.137,4696,940,5636
178.63.96.79,11354,1939,13293
178.77.120.107,4894,15518,20412
178.77.120.11,1315,2297,3612
178.79.131.115,0,6063,6063
178.79.138.242,5132,2014,7146
178.79.154.182,633821,32694,666515
178.79.166.200,5758,2005,7763
179.125.69.83,32798,255,33053
180.102.202.128,101,200,301
180.102.205.68,102,201,303
180.102.250.182,32954,37,32991
180.102.27.211,133,546,679
180.103.153.113,16875,124,16999
180.103.153.228,41,151,192
180.103.167.194,0,53,53
180.103.230.162,238,152,390
180.103.231.234,404,810,1214
180.103.246.191,1075,618,1693
180.103.25.29,9537,49,9586
180.103.4.239,408,1119,1527
180.104.1.220,19085,106,19191
180.104.50.24,38148,208,38356
180.104.75.219,451,280,731
180.105.113.13,279180,1011,280191
180.105.139.12,5604,101,5705
180.105.194.99,41,151,192
180.105.195.14,41,151,192
180.105.199.215,0,1517,1517
180.105.71.156,0,68,68
180.106.12.67,9537,53,9590
180.106.170.56,305,601,906
180.106.179.26,23,32,55
180.106.194.128,471,312,783
180.106.198.169,46,64,110
180.106.198.209,1728,3910,5638
180.106.239.96,3101,5564,8665
180.106.45.166,9537,53,9590
180.107.161.55,514,1002,1516
180.107.193.170,68632,1335,69967
180.107.218.137,0,33,33
180.107.30.203,41,143,184
180.107.95.154,50232,437,50669
180.108.105.44,867,193,1060
180.108.112.116,0,53,53
180.108.124.230,9537,53,9590
180.108.165.140,0,1200,1200
180.108.236.171,85,85,170
180.108.34.10,213,124,337
180.109.123.182,932,585,1517
180.109.15.46,529060,3579,532639
180.109.158.16,409,804,1213
180.109.169.135,478,311,789
180.109.169.148,92,137,229
180.109.181.98,17306,151,17457
180.109.202.132,511,999,1510
180.109.235.148,101,73,174
180.109.245.136,1410,24940,26350
180.109.25.57,2283,1425,3708
180.109.86.42,452,280,732
180.110.101.49,455,277,732
180.110.111.225,4735,1273468,1278203
180.110.204.160,216,123,339
180.110.215.102,1844,452057,453901
180.110.22.90,102,16482,16584
180.110.237.134,32959,47,33006
180.110.244.182,4217230,32317,4249547
180.110.248.207,481,315,796
180.110.5.107,1949,349399,351348
180.110.59.109,167,23,190
180.110.62.79,238,155,393
180.110.77.144,16860,37651,54511
180.111.153.3,433364,75828,509192
180.111.180.79,252,165,417
180.111.195.165,2363,1515,3878
180.111.213.168,409,799,1208
180.111.226.132,265,185,450
180.111.65.92,17027,1815,18842
180.111.91.34,476,311,787
180.112.125.154,306,1005,1311
180.112.131.164,297025,13497,310522
180.112.20.125,217,122,339
180.112.36.213,19074,106,19180
180.112.5.171,474,307,781
180.113.18.45,213,125,338
180.113.19.32,19074,106,19180
180.113.57.39,2619,3743,6362
180.113.6.0,204,398,602
180.113.9.189,103,200,303
180.114.160.178,311729,248,311977
180.114.184.220,2893,650,3543
180.114.187.239,4225,4953505,4957730
180.114.213.91,41,151,192
180.114.215.192,433,277,710
180.114.22.196,479,207,686
180.114.229.96,474,310,784
180.114.242.30,9537,53,9590
180.115.0.209,5282,13774,19056
180.115.128.228,101,201,302
180.115.15.157,216,122,338
180.115.152.17,1469,106,1575
180.115.4.217,9537,52,9589
180.115.62.180,9537,53,9590
180.115.99.236,2395,200061,202456
180.116.106.107,9540,53,9593
180.116.29.33,101843,7095,108938
180.117.129.203,397,704,1101
180.117.173.239,101,16481,16582
180.117.187.118,41,151,192
180.117.225.191,150319,1050,151369
180.117.232.155,9537,53,9590
180.117.26.245,1329,2813,4142
180.117.59.125,67393,183,67576
180.117.85.162,86,95,181
180.118.105.218,9537,53,9590
180.118.169.17,32880,137,33017
180.118.182.66,13677,105,13782
180.118.35.107,11210,170,11380
180.118.37.71,16788,6589769,6606557
180.118.53.69,10856,16166,27022
180.118.91.251,2946,2164,5110
180.119.130.193,9537,52,9589
180.119.219.205,238,122,360
180.119.234.141,84,84,168
180.119.243.131,716,1401,2117
180.119.83.90,204,372,576
180.120.115.29,206,402,608
180.120.120.73,0,53,53
180.120.244.55,239,157,396
180.120.90.182,73,279,352
180.121.117.26,41011,56,41067
180.121.129.159,4143,2585,6728
180.121.136.84,9537,49,9586
180.121.143.117,214,123,337
180.121.186.135,19074,105,19179
180.122.138.126,1350,1082,2432
180.122.235.192,101,200,301
180.123.129.166,9541,53,9594
180.123.157.85,96,1544,1640
180.123.37.21,9537,53,9590
180.123.45.35,276,548,824
180.123.51.250,91,91,182
180.123.55.140,41,151,192
180.123.96.115,32223,132,32355
180.124.0.21,476,676,1152
180.124.10.144,203,98483,98686
180.124.107.55,66531,166,66697
180.124.113.92,41,151,192
180.124.12.228,477,308,785
180.124.132.189,9537,53,9590
180.124.133.205,41,151,192
180.124.135.45,9537,53,9590
180.124.162.151,65750,49,65799
180.124.183.28,49684,55,49739
180.124.2.85,9537,52,9589
180.125.100.222,360913,233,361146
180.125.19.152,0,32,32
180.125.212.60,32880,137,33017
180.125.242.103,215,124,339
180.126.161.199,4091,98,4189
180.126.49.14,0,68,68
180.126.62.185,9537,53,9590
180.127.100.17,41,151,192
180.127.139.89,5425,2960704,2966129
180.127.143.245,98564,600,99164
180.127.170.8,152,363,515
180.127.58.31,101,106,207
180.127.77.234,1577,5876,7453
180.131.56.54,1196,464,1660
180.136.163.37,0,151,151
180.136.22.13,41,143,184
180.136.242.195,41,151,192
180.136.65.152,1198,771,1969
180.136.70.15,201,124,325
180.136.71.79,537,1044,1581
180.136.72.153,717,1304,2021
180.137.240.135,4177,2004,6181
180.137.33.183,5696,244,5940
180.137.37.212,206,373,579
180.139.193.181,715,415,1130
180.139.194.194,368,548,916
180.139.195.45,19074,106,19180
180.140.139.87,41,151,192
180.140.185.156,14019,671589,685608
180.140.186.232,41,151,192
180.140.89.80,43562,2402933,2446495
180.140.98.14,412,750,1162
180.141.14.192,23323,120,23443
180.141.203.53,0,68,68
180.141.66.155,852,1792,2644
180.142.71.193,994386,12185,1006571
180.143.110.178,1011,165860,166871
180.143.116.217,0,156,156
180.145.115.37,52660,172790,225450
180.149.131.103,84186,6057,90243
180.149.131.109,3960961,1145435,5106396
180.149.131.117,16239,5116,21355
180.149.131.135,344773,505156,849929
180.149.131.140,24086,67831,91917
180.149.131.142,20738,26822,47560
180.149.131.143,14644,12295,26939
180.149.131.148,485508,14507,500015
180.149.131.16,1174104,141750,1315854
180.149.131.164,621009,72215,693224
180.149.131.17,1231103,209163,1440266
180.149.131.175,22137853,900323,23038176
180.149.131.176,1470907,205402,1676309
180.149.131.177,249466,17620,267086
180.149.131.178,2306456,296115,2602571
180.149.131.179,639818,42154,681972
180.149.131.18,8153438,2873297,11026735
180.149.131.200,141380225,78762206,220142431
180.149.131.206,988,520,1508
180.149.131.208,3984,4664,8648
180.149.131.211,716094,374450,1090544
180.149.131.214,95980,366280,462260
180.149.131.215,7917959,4105864,12023823
180.149.131.23,915,504,1419
180.149.131.244,269676,166829,436505
180.149.131.245,4374,13576,17950
180.149.131.246,196550,33128,229678
180.149.131.247,81057,150727,231784
180.149.131.248,2654079,1336237,3990316
180.149.131.250,4445613,1279942,5725555
180.149.131.252,9079691,3258928,12338619
180.149.131.253,1533762,161682,1695444
180.149.131.28,77066,25088,102154
180.149.131.29,16454,7213,23667
180.149.131.30,13086,2356,15442
180.149.131.31,99015,37231,136246
180.149.131.37,802050,91475,893525
180.149.131.38,5698755,8011438,13710193
180.149.131.39,35422,14144,49566
180.149.131.40,9562780,31701982,41264762
180.149.131.46,2836,1440,4276
180.149.131.58,14933,75352,90285
180.149.131.61,1582045,2063559,3645604
180.149.131.67,14677186,13808234,28485420
180.149.131.75,42333638,4309887,46643525
180.149.131.78,64033,14639,78672
180.149.131.79,98777,326867,425644
180.149.131.80,1172,11938,13110
180.149.131.81,2012798,215113,2227911
180.149.131.86,124581,55625,180206
180.149.131.93,3355822,403238,3759060
180.149.131.95,3227597,28475346,31702943
180.149.131.98,7892478,4556478,12448956
180.149.132.100,120648,3408,124056
180.149.132.102,241056,10548,251604
180.149.132.104,49741467,82082237,131823704
180.149.132.107,4464,4952,9416
180.149.132.108,89715,71904,161619
180.149.132.112,85417,389317,474734
180.149.132.136,197246,331513,528759
180.149.132.153,7509,7539,15048
180.149.132.154,94428,92057,186485
180.149.132.156,61344,208,61552
180.149.132.157,32498,5795,38293
180.149.132.160,467885,67851,535736
180.149.132.170,327276,1723623,2050899
180.149.132.181,3190845,326937,3517782
180.149.132.189,8934678,3971459,12906137
180.149.132.196,990,1737,2727
180.149.132.20,10334829,299939,10634768
180.149.132.208,1371588,95934,1467522
180.149.132.21,5452,170533,175985
180.149.132.211,21616,1623,23239
180.149.132.212,174310,48310,222620
180.149.132.217,803614,1023516,1827130
180.149.132.22,1404,6518,7922
180.149.132.225,0,0,0
180.149.132.231,30278,244180,274458
180.149.132.235,130224,18733,148957
180.149.132.236,480403,37768,518171
180.149.132.239,17392,1303,18695
180.149.132.244,9986,5776,15762
180.149.132.249,3939283,1239429,5178712
180.149.132.250,1665,1930,3595
180.149.132.253,16191064,54786084,70977148
180.149.132.35,16291,45250,61541
180.149.132.45,184657,10926357,11111014
180.149.132.47,54760,2968,57728
180.149.132.50,411974,80129,492103
180.149.132.52,11385,24957,36342
180.149.132.58,8187,2130,10317
180.149.132.60,4216,54816,59032
180.149.132.63,24,109,133
180.149.132.72,0,0,0
180.149.132.82,17188,17942,35130
180.149.133.164,476266,1931850,2408116
180.149.133.166,190642,642269,832911
180.149.133.167,706,840,1546
180.149.133.169,7831599,8112203,15943802
180.149.133.170,5039471,1330542,6370013
180.149.133.172,12189768,3749673,15939441
180.149.133.174,1922576,222547,2145123
180.149.133.176,8191293,4074958,12266251
180.149.133.177,8944201,2379173,11323374
180.149.133.178,8135469,1270609,9406078
180.149.133.179,14158008,2182288,16340296
180.149.133.181,237067,52223,289290
180.149.133.183,121227,26691,147918
180.149.133.192,8443,4725,13168
180.149.133.193,942,489,1431
180.149.134.110,1969129,37111,2006240
180.149.134.137,401097,97325,498422
180.149.134.146,38011252,11320778,49332030
180.149.134.147,41976377,12618455,54594832
180.149.134.159,1209098,3221218,4430316
180.149.134.161,1649145,3270093,4919238
180.149.134.170,29710,51260,80970
180.149.134.221,19481,34601,54082
180.149.134.222,29012,43085,72097
180.149.134.226,1965210,5416507,7381717
180.149.134.229,5548236,4000747,9548983
180.149.134.233,2273805,4189957,6463762
180.149.134.234,277725,1412142,1689867
180.149.134.235,9136,2706347,2715483
180.149.134.254,409124,459936,869060
180.149.134.46,197871,538372,736243
180.149.134.52,307800,366203,674003
180.149.134.53,626293,1333303,1959596
180.149.134.66,347955,1515468,1863423
180.149.135.1,31418,4429,35847
180.149.135.181,30144148,16638990,46783138
180.149.135.2,203376,49225,252601
180.149.135.223,7618,13957,21575
180.149.135.228,4578530,136556,4715086
180.149.135.229,150044,195279,345323
180.149.135.235,28791038,17189034,45980072
180.149.135.241,53811892,106521134,160333026
180.149.135.244,6270950,6931411,13202361
180.149.135.80,651,3977,4628
180.149.136.198,7339,13249,20588
180.149.136.20,4276105,1786271,6062376
180.149.136.200,22811,14203,37014
180.149.136.205,1425241,736856,2162097
180.149.136.206,6266,215,6481
180.149.136.207,471318,879060,1350378
180.149.136.215,350914,483191,834105
180.149.136.224,470016,1532040,2002056
180.149.136.232,151785,552080,703865
180.149.136.233,370583,11731,382314
180.149.136.236,1559603,1137291,2696894
180.149.136.238,2090241,641363,2731604
180.149.136.252,109090,72325,181415
180.149.136.54,12359021,19516284,31875305
180.149.136.59,8410955,9750746,18161701
180.149.136.60,8999,35132,44131
180.149.136.85,15752,46798,62550
180.149.136.86,15179,54034,69213
180.149.136.87,23200,54168,77368
180.149.136.88,14249,53238,67487
180.149.136.96,613577,484911,1098488
180.149.137.1,7841773,11291535,19133308
180.149.138.101,186284,309329,495613
180.149.138.103,321622,449225,770847
180.149.138.105,300997,596337,897334
180.149.138.108,135960,430718,566678
180.149.138.109,83001,141606,224607
180.149.138.112,6670,10770,17440
180.149.138.114,25980,36840,62820
180.149.138.212,9819,12278,22097
180.149.138.215,1141853,207645,1349498
180.149.138.217,8245,3651,11896
180.149.138.220,2683,8502,11185
180.149.138.222,259214,4156,263370
180.149.138.229,60175,35496,95671
180.149.138.241,1265536,570987,1836523
180.149.138.242,258799,280305,539104
180.149.138.249,61201,15200,76401
180.149.138.251,129486,215475,344961
180.149.138.76,15113,19030,34143
180.149.138.78,27678,34050,61728
180.149.138.80,9435,13755,23190
180.149.138.81,353181,1022325,1375506
180.149.138.83,5002,5715,10717
180.149.138.84,8957,13598,22555
180.149.138.85,223414,296047,519461
180.149.138.98,945279,1523942,2469221
180.149.139.211,38743,222736,261479
180.149.139.212,208339,7902,216241
180.149.139.247,520990,397122,918112
180.149.139.253,12316368,3518039,15834407
180.149.139.54,9388,16174,25562
180.149.144.108,870,679,1549
180.149.144.112,1112881,1094555,2207436
180.149.144.162,2720,6837,9557
180.149.144.166,34548,97807,132355
180.149.144.169,39000,29414,68414
180.149.144.174,2140,2984,5124
180.149.144.186,467908,1432036,1899944
180.149.144.221,15715931,2080439,17796370
180.149.144.28,1072778,186608,1259386
180.149.144.59,468,576,1044
180.149.144.76,79876,127381,207257
180.149.146.156,223838,7836,231674
180.149.146.157,120,129,249
180.149.146.158,34257,431,34688
180.149.148.105,22088,480,22568
180.149.148.184,60053099,1211166,61264265
180.149.153.104,43636,116145,159781
180.149.153.105,23754,92791,116545
180.149.153.151,410768,184683,595451
180.149.153.16,54914476,107128085,162042561
180.149.153.173,426688,606066,1032754
180.149.153.221,6135796,2146483,8282279
180.149.153.73,18899682,103189694,122089376
180.149.153.99,10322,40248,50570
180.149.154.2,1682,1678,3360
180.149.155.107,4564516,242068,4806584
180.149.155.108,3505306,258523,3763829
180.149.155.110,23113082,2583513,25696595
180.149.155.111,23191165,2649745,25840910
180.149.155.112,6842713,738465,7581178
180.149.155.113,5040123,613561,5653684
180.149.155.114,23736138,1378746,25114884
180.149.155.115,529455853,17670003,547125856
180.149.155.116,2325279,533533,2858812
180.149.155.120,30917457,1606204,32523661
180.149.155.125,526092830,18229399,544322229
180.149.155.126,2109021,606706,2715727
180.149.155.45,547828243,21297547,569125790
180.149.155.46,973154,423674,1396828
180.149.155.52,1165816,1203713,2369529
180.149.155.53,5945510,886102,6831612
180.149.155.55,442314001,21854924,464168925
180.149.155.56,1053221,251341,1304562
180.149.155.93,182052,240777,422829
180.149.155.94,262628,196196,458824
180.149.156.128,4010385,1007779,5018164
180.149.156.129,3966982,866135,4833117
180.149.156.130,3703663,1042467,4746130
180.149.156.131,3508927,954896,4463823
180.149.156.132,3261634,650424,3912058
180.149.156.133,4036870,900973,4937843
180.149.156.147,4038847,5700603,9739450
180.149.156.148,3487432,5524895,9012327
180.149.156.152,3317949,1477107,4795056
180.149.156.154,3868199,1693685,5561884
180.149.156.156,1750401,1043179,2793580
180.149.156.157,1598742,1025003,2623745
180.149.156.158,1572565,979397,2551962
180.149.156.159,1580508,958634,2539142
180.149.156.160,1402814,1083132,2485946
180.149.156.39,12164,4279,16443
180.149.156.42,1443,771,2214
180.149.156.72,11132,13262,24394
180.149.156.74,8858090,3680155,12538245
180.149.156.75,4449468,4500358,8949826
180.149.156.76,2507299,4737013,7244312
180.149.156.85,4356,5130,9486
180.149.158.15,236144,88282122,88518266
180.149.244.229,968930,10195,979125
180.150.177.158,51055,1772,52827
180.150.177.163,66827,2121,68948
180.150.177.164,771,977,1748
180.150.177.194,32800,23590,56390
180.150.177.217,1670221,45031,1715252
180.150.178.11,2888183,46256,2934439
180.150.178.114,906,1410,2316
180.150.178.121,2056415,26158,2082573
180.150.178.123,3228,1987,5215
180.150.178.157,1299556,44395,1343951
180.150.178.181,5747,405,6152
180.150.179.16,18301,10058,28359
180.150.179.17,5111753,449211,5560964
180.150.179.18,1585469,575410,2160879
180.150.179.225,8255,3014,11269
180.150.179.226,13603,7212,20815
180.150.179.232,882944,17402,900346
180.150.179.41,12133,5670,17803
180.150.179.43,55320,14013,69333
180.150.179.52,32654,15949,48603
180.150.179.60,1510,2275,3785
180.150.179.72,7774,5036,12810
180.150.179.87,26023,12912,38935
180.150.179.93,26845,45140,71985
180.150.179.94,18265,34557,52822
180.150.179.95,19492,58358,77850
180.150.179.96,13129,42516,55645
180.150.180.108,227976,30800,258776
180.150.186.103,2233250,28607,2261857
180.150.186.128,1011211,43660,1054871
180.150.186.131,53500,32690,86190
180.150.186.136,829118,17801,846919
180.150.186.146,759445,27559,787004
180.150.186.176,10071,7115,17186
180.150.186.182,29917,12921,42838
180.150.186.184,1802948,12009,1814957
180.150.186.240,1123000,87340,1210340
180.150.186.249,437290,16345,453635
180.150.186.80,1010076,190150,1200226
180.150.186.84,2341383,53256,2394639
180.150.186.88,939064,18478,957542
180.150.186.91,504520,40586,545106
180.150.186.95,2740311,33689,2774000
180.150.187.102,1012134,38408,1050542
180.150.187.107,257551,19985,277536
180.150.187.143,22959,2278,25237
180.150.187.156,756692,46253,802945
180.150.187.158,87542,8724,96266
180.150.187.160,10473,4308,14781
180.150.187.162,732061,24732,756793
180.150.187.163,357007,21770,378777
180.150.187.183,3092619,32690,3125309
180.150.187.195,1750559,18529,1769088
180.150.187.198,410,329,739
180.150.187.214,820,658,1478
180.150.187.221,820,658,1478
180.150.187.231,410,329,739
180.150.187.240,820,658,1478
180.150.187.247,1571832,34874,1606706
180.150.187.26,278056,18478,296534
180.150.187.7,21230,21018,42248
180.150.187.70,2124,240,2364
180.150.187.72,2551958,40964,2592922
180.150.187.99,2159390,28572,2187962
180.150.188.101,410,328,738
180.150.188.13,554778,29252,584030
180.150.188.151,1772039,68292,1840331
180.150.188.177,820,658,1478
180.150.188.202,585687,1059,586746
180.150.188.210,2648401,17798,2666199
180.150.188.217,642363,42199,684562
180.150.188.219,1715654,16709,1732363
180.150.188.232,1708,267,1975
180.150.188.248,67010,21112,88122
180.150.188.249,109715,26547,136262
180.150.188.254,443065,18529,461594
180.150.188.37,1095311,18478,1113789
180.150.188.7,371749,36527,408276
180.150.188.73,568089,7608,575697
180.150.188.75,410,328,738
180.150.189.114,545094,27594,572688
180.150.189.217,4358763,38487,4397250
180.150.189.222,573157,21455,594612
180.150.189.56,96640,13437,110077
180.150.189.76,2003242,28607,2031849
180.150.191.16,2123965,37006,2160971
180.150.191.17,507796,18478,526274
180.150.191.18,33650,6499,40149
180.150.191.187,18470,12341,30811
180.150.191.188,407768,37108,444876
180.150.191.189,472508,37108,509616
180.150.191.190,414469,38549,453018
180.150.191.191,46070,3969,50039
180.150.191.192,1632175,30555,1662730
180.150.191.193,127214,18529,145743
180.150.191.194,2213755,18165,2231920
180.150.191.20,2590933,91406,2682339
180.150.191.21,2873545,18841,2892386
180.150.191.22,1615236,32349,1647585
180.150.191.23,620964,24286,645250
180.150.191.238,2403766,3685461,6089227
180.150.191.24,3096758,38045,3134803
180.150.191.25,225888,19256,245144
180.150.191.27,467039,26814,493853
180.150.191.28,2134954,29362,2164316
180.150.191.29,5208544,46076,5254620
180.150.191.31,171201,14122,185323
180.150.191.32,102130,12307,114437
180.150.191.33,3529958,38408,3568366
180.150.191.36,232727,24251,256978
180.150.191.39,673482,22073,695555
180.150.191.40,56949,691,57640
180.150.191.41,374805,53291,428096
180.150.191.42,267360,18478,285838
180.150.191.43,832231,27190,859421
180.150.191.45,647612,18841,666453
180.150.191.47,1507144,23162,1530306
180.150.191.48,506513,18478,524991
180.150.191.49,1008985,7225,1016210
180.150.191.50,154269,18841,173110
180.150.191.51,587220,72858,660078
180.150.191.52,123087,17354,140441
180.150.191.53,2755814,18478,2774292
180.150.191.54,374507,8677,383184
180.150.191.55,1695879,36593,1732472
180.150.191.56,1179399,17389,1196788
180.150.191.57,1065997,23162,1089159
180.150.191.59,3157174,67776,3224950
180.150.191.60,1489173,32963,1522136
180.150.191.61,91350,18164,109514
180.150.191.62,664492,26429,690921
180.150.191.63,2059258,30091,2089349
180.150.191.64,1524166,29362,1553528
180.150.191.65,57110,8677,65787
180.150.191.66,1902863,50855,1953718
180.150.191.92,311112,11084,322196
180.150.191.93,2580537,4198733,6779270
180.150.191.94,2227381,3386586,5613967
180.150.230.39,1070,1199,2269
180.152.108.79,310,596,906
180.153.0.16,0,0,0
180.153.1.38,24556,8038,32594
180.153.100.183,63014,1034,64048
180.153.100.238,357375,3372,360747
180.153.100.32,19320,450,19770
180.153.100.48,16560,454,17014
180.153.102.239,22440,3109,25549
180.153.102.240,43676,460,44136
180.153.105.238,8280,228,8508
180.153.105.239,24942,708,25650
180.153.106.29,4771,5486,10257
180.153.106.30,818,811,1629
180.153.106.32,476,922,1398
180.153.106.91,14800,13090,27890
180.153.106.92,2381,1377,3758
180.153.108.215,11525,1426,12951
180.153.132.102,57436,226371,283807
180.153.132.141,8148,3635,11783
180.153.132.142,13541,6733,20274
180.153.132.157,2957,1592,4549
180.153.132.16,2912,1982,4894
180.153.132.17,2844,4469,7313
180.153.132.18,3247,1328,4575
180.153.132.19,2982,2363,5345
180.153.132.21,1931,1055,2986
180.153.132.22,2424,1293,3717
180.153.132.223,1347,2658,4005
180.153.132.23,1379,705,2084
180.153.132.24,3260,1398,4658
180.153.132.245,300,613,913
180.153.132.253,26740,691299,718039
180.153.132.26,2793,1330,4123
180.153.132.27,1296,513,1809
180.153.132.28,2998,1388,4386
180.153.132.29,2387,820,3207
180.153.132.39,15249,330,15579
180.153.132.46,2680,12766,15446
180.153.132.52,523409,184762,708171
180.153.132.54,4327966,899861,5227827
180.153.132.62,817080,2418538,3235618
180.153.132.70,86129,12028,98157
180.153.132.97,4179,3600,7779
180.153.135.206,9537,53,9590
180.153.139.96,637793,25596,663389
180.153.140.237,4730,4080,8810
180.153.141.1,16560,454,17014
180.153.160.173,0,0,0
180.153.176.141,163382,12523,175905
180.153.176.143,306459,13647,320106
180.153.176.147,3497,2247,5744
180.153.176.149,1145008,11711,1156719
180.153.176.158,152559,6646,159205
180.153.176.166,10310,403,10713
180.153.176.174,92353,5312,97665
180.153.176.205,6388,4332,10720
180.153.176.207,38359,5011,43370
180.153.176.211,201143,8209,209352
180.153.189.3,81787282,1454106,83241388
180.153.189.46,5418350,54088,5472438
180.153.189.49,1221824,49159,1270983
180.153.190.231,330,466,796
180.153.190.233,5373,1058,6431
180.153.190.235,309920,1740,311660
180.153.190.237,93689,7647,101336
180.153.190.239,359705,7835,367540
180.153.190.241,180403,16385,196788
180.153.190.243,4769,2844,7613
180.153.190.245,43676,384,44060
180.153.190.247,389822,9184,399006
180.153.192.140,344,505,849
180.153.192.141,344,455,799
180.153.199.214,21952791,2434747,24387538
180.153.199.217,185724,29735,215459
180.153.201.19,0,0,0
180.153.202.113,62266,756,63022
180.153.206.60,142644,2827,145471
180.153.208.211,984,1117,2101
180.153.208.43,76645,1845,78490
180.153.209.21,11983,152225,164208
180.153.209.22,1581,3093,4674
180.153.209.27,108840,323841,432681
180.153.209.34,4213,2858,7071
180.153.209.90,14423,17276,31699
180.153.209.95,467321,36228,503549
180.153.21.103,14662,11761,26423
180.153.21.104,9385,5925,15310
180.153.21.113,1392,5136,6528
180.153.21.116,1143,2969,4112
180.153.21.122,2000,4450,6450
180.153.21.140,1187,727,1914
180.153.21.153,6845,4381,11226
180.153.21.157,0,0,0
180.153.21.158,1302,1078,2380
180.153.21.161,298,686,984
180.153.21.162,597,1085,1682
180.153.21.174,5677,489,6166
180.153.21.186,9480,28532,38012
180.153.21.209,3960,12686,16646
180.153.21.210,10761,36202,46963
180.153.21.33,9165,29319,38484
180.153.21.37,1070,1677,2747
180.153.21.38,1603,2636,4239
180.153.21.39,10486,38190,48676
180.153.21.40,9809,38325,48134
180.153.21.52,674,1773,2447
180.153.21.53,3789,9286,13075
180.153.21.54,1240,2098,3338
180.153.21.55,2162,2790,4952
180.153.21.56,954,2385,3339
180.153.21.57,3072,3265,6337
180.153.21.81,14102,5424,19526
180.153.21.82,25462,13258,38720
180.153.21.83,37889,20855,58744
180.153.21.91,4824,1233,6057
180.153.210.82,4038,462,4500
180.153.210.89,16560,3395,19955
180.153.217.31,970,2100,3070
180.153.218.176,1694451,12924,1707375
180.153.218.177,719072,20263,739335
180.153.218.237,11603,4020,15623
180.153.224.48,5124584,71793,5196377
180.153.225.13,131827,4480,136307
180.153.225.173,26220,446,26666
180.153.235.255,17989075,58489,18047564
180.153.24.9,68310,2164,70474
180.153.244.152,12420,226,12646
180.153.244.229,26976,450,27426
180.153.245.21,31566,1344,32910
180.153.25.113,1712,2288,4000
180.153.25.125,3804,4181,7985
180.153.25.205,368,183,551
180.153.25.98,12153,4131,16284
180.153.252.130,55553,1035,56588
180.153.252.41,434324,60371,494695
180.153.252.43,274696,164737,439433
180.153.252.47,153092,28324,181416
180.153.252.48,477023,33383,510406
180.153.252.49,9402,6489,15891
180.153.252.50,59052,746,59798
180.153.252.54,3198374,76877,3275251
180.153.252.55,10641,1760,12401
180.153.252.56,418136,138606,556742
180.153.252.60,248332,62834,311166
180.153.252.62,92886,557950,650836
180.153.252.63,411541,99012,510553
180.153.252.64,292764,60094,352858
180.153.252.65,128789,37111,165900
180.153.255.10,1065,1777,2842
180.153.255.11,355,593,948
180.153.27.17,2359,1603,3962
180.153.28.33,7126,10652,17778
180.153.28.54,5207,15121,20328
180.153.29.38,168360,3155,171515
180.153.3.180,0,0,0
180.153.3.181,742,1476,2218
180.153.3.182,0,0,0
180.153.3.183,4235,967,5202
180.153.3.184,0,0,0
180.153.3.185,0,0,0
180.153.3.186,0,0,0
180.153.3.187,11156,535,11691
180.153.3.188,3367,801,4168
180.153.38.25,86780,6612,93392
180.153.38.27,6253,2683,8936
180.153.43.213,60132,1834,61966
180.153.5.222,10881,1904,12785
180.153.72.120,0,0,0
180.153.8.16,2997870,788933,3786803
180.153.8.17,3896851,1106646,5003497
180.153.8.18,3626964,1016681,4643645
180.153.8.19,3564737,830875,4395612
180.153.8.23,1002061,289364,1291425
180.153.8.31,17844,12799,30643
180.153.8.36,981658,21335,1002993
180.153.8.47,249070,80981,330051
180.153.8.53,2544,684,3228
180.153.86.148,82793,9607,92400
180.153.87.8,149957,3670,153627
180.153.89.82,21674,4801,26475
180.153.91.162,8734737,349063,9083800
180.153.94.198,1341072,2612,1343684
180.153.94.199,254927,4388,259315
180.153.94.200,5670,830,6500
180.153.94.204,32750,80505,113255
180.153.94.208,257344,12470,269814
180.153.97.12,468,498,966
180.154.102.130,142,1510,1652
180.154.232.199,5612,8494,14106
180.154.248.10,206,374,580
180.154.249.114,405,800,1205
180.154.29.53,513,932,1445
180.154.65.137,309,557,866
180.155.100.92,102,201,303
180.155.238.31,102,199,301
180.155.4.31,202,396,598
180.155.70.149,1027,2283,3310
180.155.88.206,9867,538622,548489
180.156.148.136,449,279,728
180.156.191.59,278,836,1114
180.156.205.97,918,1948,2866
180.157.121.73,1619,49933,51552
180.157.17.63,361,750,1111
180.157.21.68,709,468,1177
180.157.22.28,1438,2792,4230
180.157.233.255,189,372,561
180.157.88.177,940606,21496,962102
180.158.121.90,220,5551106,5551326
180.158.143.198,103,199,302
180.158.145.208,510,1002,1512
180.158.149.141,513,1004,1517
180.158.254.19,104,199,303
180.158.73.131,408,744,1152
180.159.156.14,21164,10042,31206
180.159.164.10,44490,5067149,5111639
180.159.196.5,308,600,908
180.159.209.201,411,805,1216
180.159.42.252,41,151,192
180.159.46.106,18897,37863829,37882726
180.160.104.246,1548,955,2503
180.160.115.44,820,1596,2416
180.160.118.172,1899,361765,363664
180.160.136.111,4048,6028,10076
180.160.17.94,1871,26068,27939
180.160.170.193,101,198,299
180.160.178.93,0,200,200
180.160.187.249,368,548,916
180.160.190.95,709,468,1177
180.160.192.100,1670,1085,2755
180.160.196.114,956,619,1575
180.160.200.204,213,123,336
180.160.207.92,615,1197,1812
180.160.208.183,1665,1091,2756
180.160.210.133,9537,53,9590
180.160.211.132,653,435,1088
180.160.214.234,130946,38907,169853
180.160.215.94,71977,12210792,12282769
180.160.219.10,559,431,990
180.160.219.211,216,636,852
180.160.22.78,656673,919,657592
180.160.232.173,1509,361669,363178
180.160.240.36,16713,2701,19414
180.160.244.151,207682,3073,210755
180.160.45.152,713,463,1176
180.160.68.88,1228261,1477,1229738
180.160.69.227,0,68,68
180.160.76.215,472,313,785
180.161.153.107,237,155,392
180.161.182.119,1439,35756,37195
180.161.192.164,215,124,339
180.161.193.173,477,310,787
180.161.196.98,368,548,916
180.161.225.103,103,202,305
180.161.238.42,9545,53,9598
180.161.240.169,934,27254,28188
180.161.240.87,614,235,849
180.161.254.248,9537,53,9590
180.163.187.67,41129,99810,140939
180.164.146.160,260,184,444
180.164.185.57,411,1304,1715
180.164.45.195,207,401,608
180.164.48.117,101,188,289
180.164.85.30,693,433,1126
180.164.86.58,675,295,970
180.165.181.150,608,1210,1818
180.165.220.236,587,62809,63396
180.165.62.205,410,746,1156
180.165.7.207,0,68,68
180.166.15.171,16560,454,17014
180.166.18.173,59094,11965,71059
180.166.50.187,238,155,393
180.166.57.227,26220,452,26672
180.166.64.40,44160,908,45068
180.168.114.236,9537,53,9590
180.168.211.15,458,370,828
180.168.212.99,192,156,348
180.168.28.39,261301,14166,275467
180.168.35.187,152370,12260,164630
180.168.41.178,38640,928,39568
180.168.57.81,1214,49494,50708
180.168.84.136,5784,984,6768
180.168.84.142,25800,6060,31860
180.169.111.87,3606,372,3978
180.169.121.139,1403,269,1672
180.169.17.28,474,364,838
180.169.18.136,87667,121008,208675
180.169.18.137,73967,102595,176562
180.169.18.138,112182,120725,232907
180.169.18.139,125902,146208,272110
180.169.18.140,24354,5630,29984
180.169.18.141,33029,6435,39464
180.169.19.136,102340,140501,242841
180.169.19.137,105573,146011,251584
180.169.19.138,110993,117853,228846
180.169.19.139,104265,113272,217537
180.169.19.140,40722,16243,56965
180.169.19.141,80327,38378,118705
180.169.19.144,2987,1139,4126
180.169.20.17,9426,378,9804
180.169.81.9,256,370,626
180.170.156.201,237,156,393
180.170.196.154,124,235,359
180.170.204.233,0,68,68
180.170.59.172,1001,68598,69599
180.171.102.249,1368,369873,371241
180.171.34.62,1864,9185036,9186900
180.171.97.70,92,137,229
180.171.99.104,669,468,1137
180.172.155.106,102,202,304
180.172.164.211,102,202,304
180.172.175.167,1443,958,2401
180.172.241.162,16569,44,16613
180.172.52.5,214,122,336
180.173.103.5,764498,897,765395
180.173.151.169,133,545,678
180.173.162.245,408,747,1155
180.174.109.96,12052,7593,19645
180.174.164.150,271,179,450
180.174.168.119,102,201,303
180.174.219.31,943,620,1563
180.174.38.70,240,157,397
180.175.12.218,1174,2597,3771
180.175.122.142,215,122,337
180.175.14.77,715,1403,2118
180.175.156.182,101,199,300
180.175.202.190,946,98866,99812
180.175.207.66,9537,53,9590
180.175.213.8,368,548,916
180.175.24.163,572,2119,2691
180.175.8.57,437688,24119,461807
180.176.70.254,391,330,721
180.177.18.145,792,461,1253
180.178.34.153,916,454,1370
180.178.40.247,11878,1481,13359
180.178.40.249,5543,2437,7980
180.178.47.218,27600,678,28278
180.178.56.11,5476,454,5930
180.186.38.155,14256,2559,16815
180.186.38.205,1000,2055,3055
180.188.192.39,45540,854,46394
180.188.193.75,3170,850,4020
180.20.195.93,32396,8710,41106
180.210.229.30,54843,3950,58793
180.212.110.45,2274,256440,258714
180.212.122.16,24,158,182
180.212.197.187,52275,47,52322
180.212.203.184,19080,106,19186
180.212.223.210,695,436,1131
180.212.42.218,933,141553,142486
180.212.56.29,84,84,168
180.212.59.182,147540,387,147927
180.212.78.33,454,312,766
180.212.8.228,4829,1274,6103
180.213.125.137,2026,11669,13695
180.213.155.180,206,399,605
180.213.195.99,409,799,1208
180.213.207.60,614,1100,1714
180.213.34.81,284,542155,542439
180.213.58.15,1076,264,1340
180.213.76.171,9537,53,9590
180.213.9.111,166995,5756,172751
180.213.97.216,204,371,575
180.214.32.134,474,399,873
180.235.64.234,128434,835,129269
180.235.66.139,92396,13787,106183
180.235.66.141,1352867,45242,1398109
180.235.66.147,25435,3119,28554
180.235.66.155,475268,119809,595077
180.235.66.160,34015,44195,78210
180.240.233.72,0,8,8
180.250.149.232,0,338,338
180.251.101.85,4447,4839,9286
180.251.96.30,163075,65722,228797
180.253.85.126,2929,42849,45778
180.36.136.119,34681,848702,883383
180.45.95.150,84493,11850518,11935011
180.47.23.208,6865,1396463,1403328
180.76.129.181,81960,770,82730
180.76.134.219,473,1546,2019
180.76.144.71,1696,3050,4746
180.76.152.134,26118,446,26564
180.76.153.65,51294,5152,56446
180.76.22.39,1881,161,2042
180.76.22.53,126960,6180,133140
180.86.106.160,359272,16009,375281
180.86.133.153,29563,3825,33388
180.86.134.175,77188,3788,80976
180.86.134.253,63723,911,64634
180.86.182.56,103500,2270,105770
180.86.215.141,2269427,58826,2328253
180.86.222.181,9616,456,10072
180.86.244.101,8236,468,8704
180.96.0.161,563,1513,2076
180.96.0.167,23803,41697,65500
180.96.0.168,3328,96033,99361
180.96.0.176,222489,59675,282164
180.96.0.177,226347,147469,373816
180.96.0.178,10623,164497,175120
180.96.0.181,12984,109432,122416
180.96.0.185,96,765,861
180.96.22.161,297,2075,2372
180.96.22.172,6234,5221,11455
180.96.22.200,137394,7522,144916
180.96.26.135,513,2176,2689
180.96.26.17,0,0,0
180.96.26.26,3667380,5890,3673270
180.96.26.27,3152275,5755,3158030
180.96.27.96,28935,1145,30080
180.96.38.49,166002,767,166769
180.96.38.52,27599854,88249,27688103
180.96.38.56,4168285,6770,4175055
180.96.50.237,138641,31104,169745
180.96.61.92,0,0,0
180.96.63.242,736,448,1184
180.96.64.155,129091,3600,132691
180.96.7.124,70256,13310,83566
180.96.7.127,1238,1332,2570
180.96.7.130,1402,435,1837
180.96.71.186,7015,1460,8475
180.96.71.205,24320,3556,27876
180.96.71.206,18016,2667,20683
180.96.71.210,381540,86214,467754
180.96.71.211,427420,79927,507347
180.96.71.212,342088,61075,403163
180.96.71.219,20511,4631,25142
180.96.71.220,37749,5994,43743
180.96.71.223,1558006,305843,1863849
180.96.71.224,454419,81427,535846
180.96.71.226,9280,2241,11521
180.96.71.227,20743,3455,24198
180.96.74.38,293960,317067,611027
180.96.81.202,153036,62869,215905
180.96.81.203,15428,1478,16906
180.96.81.204,108058,32719,140777
180.96.81.205,7769,4684,12453
180.96.81.232,232733,18306,251039
180.96.86.169,650738,44910,695648
180.96.86.170,227651,15321,242972
180.96.86.174,1184887,135638,1320525
180.96.86.205,642477,137885,780362
180.96.86.206,396977,23750,420727
180.96.86.208,1205765,159269,1365034
180.96.86.233,1032784,60385,1093169
180.96.86.234,804316,95899,900215
180.96.9.240,290202,767,290969
180.97.104.17,7783,14867,22650
180.97.104.20,5279034,16256,5295290
180.97.144.216,20513338,1700359,22213697
180.97.144.77,15778,1036,16814
180.97.144.79,1318,1318,2636
180.97.150.235,17751,26559,44310
180.97.151.131,379050,2832,381882
180.97.151.167,687421,2991,690412
180.97.151.169,2801,5942,8743
180.97.151.170,327240,5056,332296
180.97.151.174,352080,6333,358413
180.97.151.179,2501363,5129,2506492
180.97.151.195,15922807,96543,16019350
180.97.151.89,15168,14194,29362
180.97.151.95,59346,104754,164100
180.97.152.28,411128,23405,434533
180.97.152.30,1144861,31928,1176789
180.97.152.45,1155852,27666,1183518
180.97.152.48,1103307,28726,1132033
180.97.161.107,2734371,183618,2917989
180.97.161.113,512588,53472,566060
180.97.161.159,403668,54474,458142
180.97.161.173,677333,169128,846461
180.97.161.21,568973,25736,594709
180.97.164.12,100339,848,101187
180.97.164.71,1823589,495310,2318899
180.97.164.72,344900,44924,389824
180.97.164.94,53345,8075,61420
180.97.177.100,8496,2008,10504
180.97.177.103,29792,7028,36820
180.97.177.32,747322,37566,784888
180.97.177.34,4937216,106215,5043431
180.97.177.63,606480,789631,1396111
180.97.177.64,579403,555426,1134829
180.97.177.65,234320,520483,754803
180.97.177.72,9558,2259,11817
180.97.178.151,0,0,0
180.97.178.153,221174,1639,222813
180.97.178.154,752,1285,2037
180.97.178.215,50731712,2276155,53007867
180.97.178.39,375,630,1005
180.97.178.66,319269,1202,320471
180.97.178.68,8683,1276,9959
180.97.180.108,0,0,0
180.97.180.123,520681,95335,616016
180.97.180.98,43655,1108,44763
180.97.182.55,84658,601,85259
180.97.183.131,37996,10984,48980
180.97.183.136,27066,215,27281
180.97.183.138,4847105,4084,4851189
180.97.183.28,1164030,18622,1182652
180.97.183.7,247407,13560,260967
180.97.208.29,0,0,0
180.97.208.42,95008,386,95394
180.97.208.43,363219,34173,397392
180.97.235.141,0,0,0
180.97.235.142,0,0,0
180.97.235.206,1500313,2968,1503281
180.97.235.207,946035,1473,947508
180.97.235.73,411659,19101,430760
180.97.253.17,0,0,0
180.97.33.106,129065,1862,130927
180.97.33.107,219970,81016,300986
180.97.33.112,1621231,90503,1711734
180.97.33.113,2350480,221606,2572086
180.97.33.133,14613159,12181167,26794326
180.97.33.140,18384,132537,150921
180.97.33.144,780792,55817,836609
180.97.33.149,545999,18549,564548
180.97.33.170,42864,93254,136118
180.97.33.171,22428,125106,147534
180.97.33.182,34483,48547,83030
180.97.33.189,4955590,11683424,16639014
180.97.33.19,376505,88563,465068
180.97.33.201,1536,1687,3223
180.97.33.208,983,701,1684
180.97.33.216,63948056,2518990,66467046
180.97.33.32,2167,330,2497
180.97.33.35,113011914,15940633,128952547
180.97.33.42,2928,5667,8595
180.97.33.43,1082,495,1577
180.97.33.44,2094,2877,4971
180.97.33.88,1736459,4001778,5738237
180.97.33.95,13569386,2309858,15879244
180.97.33.97,8380,3006,11386
180.97.33.98,243132,12364,255496
180.97.34.70,593569,390,593959
180.97.46.35,2091842,52237,2144079
180.97.46.6,35880,672,36552
180.97.63.240,1567955,213834,1781789
180.97.63.241,2066366,541379,2607745
180.97.63.242,3225914,14663950,17889864
180.97.63.248,64089052,1961103,66050155
180.97.64.39,1881,161,2042
180.97.66.39,0,161,161
180.97.66.53,156574,7622,164196
180.97.74.101,11466,1018,12484
180.97.74.98,13156,51916,65072
180.97.75.140,2454,10661,13115
180.97.75.143,1514,10423,11937
180.97.75.149,1248,6491,7739
180.97.75.153,27179,35171,62350
180.97.75.170,0,0,0
180.97.75.172,4166,4736,8902
180.97.83.138,90481,2604,93085
182.100.150.251,595,298,893
182.100.204.220,9541,53,9594
182.100.220.226,19074,106,19180
182.101.132.102,41,151,192
182.101.139.255,262514,127,262641
182.101.156.195,478,309,787
182.101.199.158,9541,53,9594
182.101.219.36,405,802,1207
182.101.37.226,37040,3351790,3388830
182.101.52.147,3202,19031,22233
182.101.54.210,306,598,904
182.101.59.35,6103,209271,215374
182.101.93.209,7824,4925,12749
182.101.95.120,113637,9256,122893
182.106.195.27,1535964,35658,1571622
182.106.200.82,222995,781,223776
182.106.224.90,195932,1808,197740
182.107.128.189,19467,2690,22157
182.107.199.91,6984,101,7085
182.107.205.55,49567,149,49716
182.107.248.208,0,68,68
182.107.88.11,67255,219,67474
182.108.109.122,84,84,168
182.108.214.251,118,16498,16616
182.108.24.246,206,399,605
182.108.37.223,2266,3957,6223
182.108.40.195,930,584,1514
182.108.44.168,9537,52,9589
182.108.57.186,34793,12569956,12604749
182.108.80.111,9537,53,9590
182.109.148.58,41,143,184
182.109.151.21,205,373,578
182.109.233.56,16556,31,16587
182.109.96.158,61780,79,61859
182.110.116.22,9541,53,9594
182.110.148.35,221131,233,221364
182.110.175.158,76651,760,77411
182.110.209.39,98468,188,98656
182.110.254.54,41,151,192
182.110.4.60,555,439,994
182.110.52.59,2224,98,2322
182.111.203.179,19074,106,19180
182.111.87.145,377291,166,377457
182.111.93.15,9537,53,9590
182.112.45.192,41,151,192
182.112.59.16,129,222,351
182.113.107.233,258,486,744
182.114.5.218,41,151,192
182.115.67.166,0,130,130
182.116.234.169,3437,628,4065
182.116.85.185,41,151,192
182.118.11.162,8280,853,9133
182.118.125.48,322,115,437
182.118.125.49,322,115,437
182.118.20.194,11014,10015,21029
182.118.3.84,35645,1433,37078
182.118.31.101,33229,76961,110190
182.118.31.114,1440,4389,5829
182.118.31.147,14143,15055,29198
182.118.31.173,67791,3364,71155
182.118.31.178,6781,5502,12283
182.118.31.187,3756,2332,6088
182.118.31.206,78791,4910,83701
182.118.31.231,22643,60065,82708
182.118.31.235,2934,21407,24341
182.118.31.240,23220,31419,54639
182.118.31.249,29352,106189,135541
182.118.31.55,93891,4143,98034
182.118.31.56,121340,11379,132719
182.118.31.60,72840,115294,188134
182.118.31.62,8011,3231,11242
182.118.31.69,35111,1873,36984
182.118.31.76,165333,48625,213958
182.118.37.36,19419,1378,20797
182.118.37.37,3665,367,4032
182.118.37.40,1095,364,1459
182.118.37.44,726689,6270,732959
182.118.41.10,2359760,24831,2384591
182.118.48.61,6561,1380,7941
182.118.49.104,6156,895,7051
182.118.49.127,13994,686,14680
182.118.77.169,99269,1333,100602
182.118.77.170,162399,4063,166462
182.118.82.139,346763,78467,425230
182.118.82.153,1411,263,1674
182.118.82.182,69690,22821,92511
182.119.112.112,41,151,192
182.120.194.2,41,151,192
182.120.200.208,15247,3204,18451
182.120.223.122,41,151,192
182.120.90.173,41,151,192
182.121.194.149,0,130,130
182.121.200.14,181187,1035,182222
182.121.203.25,387,832,1219
182.121.205.180,512,548,1060
182.122.78.108,41,151,192
182.123.160.163,41,151,192
182.123.191.0,41,151,192
182.123.212.241,41,151,192
182.125.111.113,41,151,192
182.125.189.0,5017,744,5761
182.126.130.240,129,178,307
182.127.170.242,41,151,192
182.129.109.54,41,151,192
182.129.3.136,241,155,396
182.130.187.242,1140,776,1916
182.130.21.168,191756,7154,198910
182.131.1.94,3134,454,3588
182.131.125.45,0,144,144
182.131.125.83,24840,687,25527
182.131.18.71,16560,454,17014
182.131.18.93,13195,1264,14459
182.131.19.21,621,269,890
182.131.19.22,621,301,922
182.131.19.63,621,301,922
182.131.20.22,1501537,1875,1503412
182.131.23.30,344108,83978,428086
182.131.23.31,378369,19009,397378
182.131.230.62,41,151,192
182.132.135.6,240,156,396
182.133.33.97,630,407,1037
182.134.13.219,1671,1077,2748
182.134.153.22,32052,412,32464
182.135.3.108,16560,462,17022
182.135.53.36,41,143,184
182.135.90.22,957573,1006,958579
182.136.120.91,1439,415,1854
182.136.124.212,0,604,604
182.136.128.108,41,151,192
182.136.131.185,0,604,604
182.136.16.46,0,604,604
182.136.16.74,0,604,604
182.136.17.73,41,151,192
182.136.184.229,41,143,184
182.136.185.158,41,143,184
182.136.185.198,120368,553,120921
182.136.188.23,0,604,604
182.136.191.156,41,151,192
182.136.20.107,103,201,304
182.136.237.72,368,548,916
182.136.26.214,0,604,604
182.136.76.121,41,143,184
182.136.78.27,41,143,184
182.136.84.96,853,418,1271
182.136.85.133,98818,606,99424
182.136.86.122,9545,53,9598
182.136.87.238,181126,733,181859
182.137.161.195,41,143,184
182.137.165.130,41,151,192
182.137.48.173,41,151,192
182.137.52.83,0,572,572
182.137.65.52,0,572,572
182.137.70.122,41,143,184
182.137.71.17,41,143,184
182.137.85.217,0,1144,1144
182.137.85.66,41,151,192
182.138.128.157,457,278,735
182.138.225.78,693,434,1127
182.139.132.21,1114098,26442,1140540
182.139.133.15,16640,452,17092
182.139.193.122,9537,52,9589
182.139.221.178,32954,37,32991
182.139.36.159,775,606,1381
182.139.44.126,50461,961,51422
182.139.45.226,68729,516,69245
182.139.64.249,202,600,802
182.140.134.20,20050,89469,109519
182.140.134.21,8694,4887,13581
182.140.134.22,18894,92760,111654
182.140.134.23,323127,1747,324874
182.140.134.24,605165,1734,606899
182.140.134.35,5618608,3743,5622351
182.140.134.36,2264107,3739,2267846
182.140.134.37,3326499,3742,3330241
182.140.134.40,268,1272,1540
182.140.144.63,4110134,1315,4111449
182.140.144.77,2717714,1292,2719006
182.140.147.112,546790,171216,718006
182.140.147.62,225256,170492,395748
182.140.147.63,493415,141081,634496
182.140.147.64,546479,164323,710802
182.140.147.65,569097,156069,725166
182.140.147.66,515042,165487,680529
182.140.147.67,519688,160522,680210
182.140.147.68,453340,151956,605296
182.140.147.74,271265,194551,465816
182.140.147.81,573127,163347,736474
182.140.147.82,449938,132913,582851
182.140.147.83,630679,179324,810003
182.140.147.84,482634,162050,644684
182.140.147.85,371977,109328,481305
182.140.147.86,555179,169491,724670
182.140.158.122,8135,57696,65831
182.140.158.123,17160,267325,284485
182.140.158.124,1386,1511,2897
182.140.158.80,30006,939,30945
182.140.158.86,181047,21173,202220
182.140.158.88,146,232,378
182.140.158.89,1352,6451,7803
182.140.162.169,16056,272,16328
182.140.167.31,2290,1095,3385
182.140.167.37,351787,2050,353837
182.140.167.40,7698835,4890,7703725
182.140.167.42,143532,87866,231398
182.140.167.49,494,789,1283
182.140.167.60,469291,12789,482080
182.140.167.61,200256,535,200791
182.140.167.62,81891,540,82431
182.140.167.63,13418327,2393656,15811983
182.140.167.70,2932800,2930,2935730
182.140.174.168,125583,535,126118
182.140.174.180,49983,301,50284
182.140.174.187,12246,6344,18590
182.140.174.190,2807567,3207,2810774
182.140.175.42,11063944,13676,11077620
182.140.183.63,302520,283072,585592
182.140.183.71,267933,263375,531308
182.140.184.101,8300,854,9154
182.140.184.102,119659,2723,122382
182.140.184.103,200581,1831,202412
182.140.184.104,28042,3915,31957
182.140.185.146,7520191,6425,7526616
182.140.185.167,1013720,2928,1016648
182.140.239.10,15180,551,15731
182.140.239.39,477,555,1032
182.140.240.19,64860,1399,66259
182.140.240.20,41400,698,42098
182.140.240.23,72260,905,73165
182.141.151.132,9537,49,9586
182.141.166.34,0,136,136
182.141.70.44,193,157,350
182.141.71.45,41,151,192
182.141.72.112,9537,53,9590
182.143.111.167,9537,53,9590
182.143.22.97,238,156,394
182.143.47.53,23924,132,24056
182.143.71.1,104210,1004,105214
182.143.84.218,104,270,374
182.145.122.176,16483,120,16603
182.145.2.11,2337,465626,467963
182.146.17.170,101,201,302
182.146.38.70,305,601,906
182.147.47.215,150,262,412
182.148.135.225,215,122,337
182.148.210.140,9537,52,9589
182.148.241.65,1380,53,1433
182.148.248.173,236,153,389
182.148.249.6,944,415,1359
182.150.1.214,54905,31522,86427
182.150.1.217,71195,1314,72509
182.150.1.225,2639100,22547,2661647
182.150.1.248,589049,28586,617635
182.150.177.69,65755,63,65818
182.150.210.122,11979,409,12388
182.151.210.178,367733,10245,377978
182.151.210.179,1128922,49349,1178271
182.151.225.242,192,192,384
182.151.225.44,17817,106,17923
182.151.226.137,5645,403,6048
182.151.244.43,5014,3428,8442
182.151.65.247,511,936,1447
182.16.11.151,95334,13403,108737
182.16.6.184,1050,764,1814
182.16.7.162,89765,1113,90878
182.16.8.24,285045,2126,287171
182.171.230.77,158927,2789,161716
182.18.17.207,411211,39285,450496
182.18.20.188,145554,12507,158061
182.18.22.204,114756,9029,123785
182.18.22.96,357263,7797,365060
182.18.23.44,8904,452,9356
182.18.24.192,16560,456,17016
182.18.24.206,23889,2872,26761
182.18.24.48,7112,546,7658
182.18.25.114,3994784,232771,4227555
182.18.47.23,720,224,944
182.18.47.28,2385,1852,4237
182.18.51.109,180846,211,181057
182.18.51.72,63,152,215
182.18.51.74,394925,1950,396875
182.18.51.88,947593,4720,952313
182.18.57.102,609813,27251,637064
182.18.57.59,18279,1856,20135
182.18.58.23,230,439,669
182.18.58.26,1480,1870,3350
182.18.61.73,651441,22590,674031
182.200.106.247,203,125,328
182.200.107.85,159,23,182
182.200.156.146,3928,3181,7109
182.200.158.188,2363,476731,479094
182.200.170.122,523984,443,524427
182.200.170.134,17097,463,17560
182.200.186.12,1637,11457849,11459486
182.200.187.194,689,432,1121
182.200.251.165,204,404,608
182.200.74.96,452,13104,13556
182.200.82.152,9537,53,9590
182.201.108.156,3065,6008,9073
182.201.110.144,689,430,1119
182.201.15.250,9540,53,9593
182.201.151.123,9537,53,9590
182.201.208.89,655,61731,62386
182.201.217.74,720,1406,2126
182.201.71.24,3326,1381381,1384707
182.201.91.73,3109,6577,9686
182.201.95.137,189,157,346
182.202.105.241,9537,53,9590
182.202.109.143,41,151,192
182.202.142.117,21172,10393,31565
182.203.0.76,94866,489,95355
182.203.126.157,32992,113,33105
182.203.15.133,2760,53,2813
182.203.157.40,66572,166,66738
182.203.206.98,2349,2425,4774
182.203.248.91,1643,3214,4857
182.203.249.97,311714,199,311913
182.203.25.115,9537,53,9590
182.203.253.154,0,302,302
182.203.254.0,41,143,184
182.203.46.113,711,13973,14684
182.204.102.230,733,491,1224
182.204.13.158,19074,102,19176
182.204.29.140,80,85,165
182.207.159.109,379403,20736,400139
182.207.168.122,2787,1806,4593
182.207.74.17,19074,102,19176
182.22.28.128,102042,2935,104977
182.234.148.196,0,68,68
182.235.102.166,480,596,1076
182.235.122.106,5781,32053,37834
182.235.131.174,0,1192,1192
182.237.0.242,590135,44888,635023
182.237.0.64,720,450,1170
182.237.1.247,180832,2558,183390
182.239.95.142,621,255,876
182.240.114.63,0,68,68
182.240.128.173,9537,53,9590
182.240.187.186,9537,53,9590
182.240.245.209,718299,1331,719630
182.240.60.48,9537,49,9586
182.240.65.236,41,151,192
182.240.79.99,160,78,238
182.241.185.208,260,187,447
182.241.222.198,9537,53,9590
182.241.225.223,80,80,160
182.241.231.17,19074,106,19180
182.241.248.113,1333,2607,3940
182.241.27.223,46682,139,46821
182.241.3.35,95,120,215
182.241.67.132,9537,49,9586
182.241.77.136,235,156,391
182.241.80.19,91,91,182
182.242.244.144,612,1202,1814
182.242.244.36,19078,106,19184
182.242.36.108,95,202,297
182.243.147.41,149098,10549814,10698912
182.243.148.180,9541,53,9594
182.243.16.23,9537,53,9590
182.243.178.172,1291,1964,3255
182.243.181.118,74,74,148
182.243.21.25,2848,105,2953
182.243.30.11,9537,53,9590
182.243.40.174,41,143,184
182.243.65.235,9537,53,9590
182.243.76.97,9537,53,9590
182.243.77.93,19074,106,19180
182.243.91.37,16560,460,17020
182.243.94.187,0,68,68
182.244.133.198,14601,123,14724
182.244.138.240,19074,106,19180
182.244.191.13,131333,87,131420
182.244.2.162,239,157,396
182.244.218.85,57652,283,57935
182.244.252.80,19074,106,19180
182.245.170.67,32880,138,33018
182.245.213.2,4128,2122,6250
182.245.222.51,216,444,660
182.245.64.89,5265,489253,494518
182.246.116.213,19074,102,19176
182.246.126.163,22082,758,22840
182.246.130.135,9537,49,9586
182.246.191.94,16,153,169
182.246.231.9,28852,55,28907
182.246.57.49,4641,457130,461771
182.246.7.25,268,273,541
182.247.102.192,3172,25600,28772
182.247.114.69,19074,106,19180
182.247.156.98,9537,53,9590
182.247.171.114,111,93,204
182.247.176.38,9537,53,9590
182.247.20.49,10917,106,11023
182.247.21.232,180939,20057,200996
182.247.221.27,207,400,607
182.247.232.199,104096,1699,105795
182.247.232.200,280634,2623,283257
182.247.232.24,665940,922,666862
182.247.232.246,428895,52774,481669
182.247.232.37,23037,3448,26485
182.247.39.255,248,253,501
182.247.41.226,9537,106,9643
182.247.42.136,9537,53,9590
182.247.59.40,9537,53,9590
182.247.82.175,9537,53,9590
182.253.178.167,997146,29323,1026469
182.253.72.41,7131,255,7386
182.253.73.173,508,255,763
182.254.1.171,1439,2172,3611
182.254.10.16,0,0,0
182.254.10.91,2760,298,3058
182.254.11.145,1247128,2395,1249523
182.254.11.151,241784,460,242244
182.254.116.121,2199,3179,5378
182.254.116.122,120664,170905,291569
182.254.118.123,1954,2431,4385
182.254.118.124,103252,146685,249937
182.254.132.170,1210,322,1532
182.254.133.116,493,346,839
182.254.133.131,116309,355,116664
182.254.138.251,26261,345,26606
182.254.146.202,928,331,1259
182.254.147.53,8280,198,8478
182.254.152.218,27591,41969,69560
182.254.16.28,0,0,0
182.254.17.68,69465,1140,70605
182.254.179.128,317957,1720,319677
182.254.18.159,51457,33336,84793
182.254.18.184,135892,15037,150929
182.254.18.186,24941965,572182,25514147
182.254.18.21,0,0,0
182.254.183.137,232900,12388,245288
182.254.20.114,75,289,364
182.254.216.58,560,232,792
182.254.219.184,1282154,294829,1576983
182.254.230.31,1245,2136,3381
182.254.231.51,173660,14320,187980
182.254.232.225,1958,375,2333
182.254.233.28,13711,1348,15059
182.254.3.152,832,7292,8124
182.254.3.173,805,5225,6030
182.254.4.156,142517,3653,146170
182.254.8.148,2652,12556,15208
182.254.8.190,471,353,824
182.254.98.165,4762,734,5496
182.32.155.85,132196,449,132645
182.32.183.19,69138,755,69893
182.32.209.213,10203,409,10612
182.32.32.241,194,113,307
182.32.49.61,238,156,394
182.32.57.134,510,1004,1514
182.32.80.83,474,311,785
182.32.91.164,304,597,901
182.32.94.161,1420,194329,195749
182.33.132.69,16563,323,16886
182.33.140.54,9541,53,9594
182.33.16.151,19078,106,19184
182.33.168.206,5897,3824,9721
182.33.190.153,9537,53,9590
182.33.207.181,19078,106,19184
182.33.232.55,147735,78,147813
182.33.243.239,7681,1038062,1045743
182.33.33.57,0,179,179
182.33.43.235,9540,53,9593
182.34.107.39,5913,3812,9725
182.34.109.171,25,31,56
182.34.111.26,5687,221,5908
182.34.124.183,15200,10997,26197
182.34.124.229,2567133,91368,2658501
182.34.124.230,9822795,174213,9997008
182.34.127.80,23503,1619,25122
182.34.143.197,57069,82275,139344
182.34.182.53,14600,10210652,10225252
182.34.187.45,1353,833,2186
182.34.212.13,9537,53,9590
182.34.226.192,333615,871,334486
182.34.58.2,32958,45,33003
182.35.165.109,0,68,68
182.35.184.203,7729,409,8138
182.35.225.28,0,68,68
182.36.208.228,454,277,731
182.37.112.219,663457,54066,717523
182.37.140.65,456,278,734
182.37.212.16,213,122,335
182.37.53.183,1122,65921,67043
182.38.19.75,41,143,184
182.38.88.95,41,143,184
182.38.92.212,41,151,192
182.38.94.14,214,155,369
182.39.137.3,308,595,903
182.39.161.148,14535,200,14735
182.39.2.44,412,801,1213
182.39.21.150,307,598,905
182.39.216.72,114935,50,114985
182.39.237.102,160,23,183
182.39.250.195,217,124,341
182.39.9.7,815,1320,2135
182.39.97.1,707336,3179,710515
182.40.115.129,811,3327,4138
182.40.154.241,9537,53,9590
182.40.185.22,387,310,697
182.40.233.147,41,151,192
182.40.46.241,5888,8905,14793
182.41.103.159,1868,522,2390
182.41.138.158,1282,2828,4110
182.41.155.113,308,602,910
182.41.190.234,9537,53,9590
182.41.21.229,203,372,575
182.41.211.152,4047,409,4456
182.41.22.76,180515,50,180565
182.41.228.197,2179,493118,495297
182.41.41.158,13691,46583434,46597125
182.41.86.169,406,804,1210
182.42.110.151,9537,53,9590
182.42.50.214,9177,2514248,2523425
182.42.80.183,14002,11025506,11039508
182.43.66.73,4093,692264,696357
182.43.91.209,308,601,909
182.44.0.87,206596,203,206799
182.44.134.90,1346,167081,168427
182.44.5.38,772,623,1395
182.45.162.40,114932,41,114973
182.45.192.144,1925,1272,3197
182.45.223.43,9537,53,9590
182.45.31.87,310,599,909
182.45.40.84,309,561,870
182.45.6.34,6072,9590,15662
182.45.63.130,0,53,53
182.48.113.15,17940,454,18394
182.50.136.242,6099061,2118,6101179
182.50.136.244,199489,23486,222975
182.50.155.67,9522,1662,11184
182.50.3.203,1196,464,1660
182.84.164.208,2224,98,2322
182.84.203.254,9537,53,9590
182.85.12.82,0,68,68
182.85.139.220,9537,53,9590
182.85.186.92,453,283,736
182.85.192.247,160,23,183
182.85.220.121,3058,615,3673
182.85.232.154,61995,6183,68178
182.85.233.0,10546,1074,11620
182.85.44.187,472,310,782
182.85.48.146,149383,319,149702
182.86.118.22,107,107,214
182.86.172.142,41,151,192
182.86.213.55,312,599,911
182.86.41.51,22,219,241
182.86.84.245,373,463,836
182.86.84.255,312139,11183,323322
182.86.94.147,264592,919,265511
182.87.125.157,0,201,201
182.87.185.10,41,143,184
182.87.212.103,9537,53,9590
182.87.44.40,9537,53,9590
182.87.54.187,41,151,192
182.87.55.115,41,151,192
182.87.60.161,9537,53,9590
182.87.85.33,213,125,338
182.88.93.205,258,350,608
182.89.198.66,209605,833,210438
182.89.207.66,440,640,1080
182.90.69.180,129,218,347
182.91.152.31,41,151,192
182.91.235.8,17264,601,17865
182.91.28.248,5827,10912,16739
182.91.29.197,9527,768,10295
182.91.54.78,1195,633,1828
182.92.100.134,1682,773,2455
182.92.106.36,0,0,0
182.92.113.93,1074616,167829,1242445
182.92.128.46,199822,8879,208701
182.92.128.73,18410,672,19082
182.92.129.139,453969,6239,460208
182.92.129.202,5006,6838,11844
182.92.129.245,72568,14254,86822
182.92.150.240,52440,928,53368
182.92.154.213,24840,456,25296
182.92.155.226,24875,666,25541
182.92.155.232,567049,20614,587663
182.92.158.13,8544,364,8908
182.92.163.151,3175,1643,4818
182.92.163.219,272843,30396,303239
182.92.163.240,4016,1817,5833
182.92.166.108,16560,472,17032
182.92.167.83,28980,460,29440
182.92.169.2,59717,3238,62955
182.92.170.175,2102,821,2923
182.92.170.198,1641,265,1906
182.92.173.37,165941,85844,251785
182.92.174.188,159745,24351,184096
182.92.175.156,104381,5983,110364
182.92.176.132,659916,70563,730479
182.92.177.64,8990,3936,12926
182.92.18.20,8944376,206013,9150389
182.92.18.82,982093,8335,990428
182.92.18.9,1180657,39136,1219793
182.92.183.67,2581,3860,6441
182.92.184.204,200097,2993,203090
182.92.190.68,2420328,64342,2484670
182.92.190.73,27600,454,28054
182.92.191.205,393,378,771
182.92.20.122,18796,11789,30585
182.92.20.24,62729,7995,70724
182.92.20.39,1227,712,1939
182.92.20.97,2095080,415141,2510221
182.92.21.147,1404,846,2250
182.92.21.173,2438,2583,5021
182.92.21.183,22542,450,22992
182.92.21.25,10232,452,10684
182.92.214.57,198,897,1095
182.92.216.246,0,0,0
182.92.22.116,4662,11160,15822
182.92.22.127,30258,2072,32330
182.92.22.139,216977,4642,221619
182.92.22.191,214,656,870
182.92.22.208,19233,7434,26667
182.92.220.8,15700,24049,39749
182.92.221.242,16560,404,16964
182.92.224.174,234866,2181,237047
182.92.227.76,2646,1811,4457
182.92.229.143,537,548,1085
182.92.229.19,397499,6096,403595
182.92.229.89,0,0,0
182.92.23.187,11484,11258,22742
182.92.23.255,16863,479,17342
182.92.23.39,377926,47266,425192
182.92.23.64,23893,14102,37995
182.92.230.119,3442,846,4288
182.92.233.54,400655,22401,423056
182.92.239.28,516,2476,2992
182.92.24.227,114411,11509,125920
182.92.241.55,614831,125179,740010
182.92.25.157,10327,1954,12281
182.92.25.207,31006,5733,36739
182.92.25.26,516005,36804,552809
182.92.26.12,241278,46811,288089
182.92.26.212,284518,70308,354826
182.92.26.231,101638,107417,209055
182.92.26.29,2402971,58846,2461817
182.92.26.56,3430,540,3970
182.92.26.99,3925023,104241,4029264
182.92.27.114,8862,1869,10731
182.92.27.34,316,1096,1412
182.92.4.107,1246487,9226,1255713
182.92.6.100,27600,454,28054
182.92.65.76,5077,1696,6773
182.92.67.224,24500,835,25335
182.92.68.85,503205,4119,507324
182.92.72.95,398163,15542,413705
182.92.75.90,36848,3213,40061
182.92.8.227,20654,1554,22208
182.92.80.215,1757217,22005,1779222
182.92.81.75,238984,2793,241777
182.92.83.195,16560,462,17022
182.92.9.134,632,515,1147
182.92.97.221,369137,743,369880
182.92.97.53,33870,1318,35188
182.96.181.67,309,606,915
182.96.195.113,32896,145,33041
182.96.204.44,418,518,936
182.96.22.76,102,185,287
182.96.221.191,25271,645,25916
182.96.3.29,201,124,325
182.96.52.192,452,281,733
182.98.22.228,19074,105,19179
182.98.24.29,6344,302,6646
182.99.181.174,34053,507,34560
182.99.228.53,0,68,68
182.99.23.57,26756,17021,43777
182.99.26.33,515,932,1447
182.99.29.173,168,124,292
183.0.204.21,41,151,192
183.10.209.17,240,158,398
183.10.220.232,25,32,57
183.10.48.47,3369,814547,817916
183.10.7.235,6018,3841,9859
183.10.87.88,0,302,302
183.103.206.221,45023,15964,60987
183.11.129.149,19074,105,19179
183.11.182.221,237,142,379
183.11.49.210,1428,933,2361
183.11.56.10,238,154,392
183.11.7.19,307,597,904
183.110.254.83,0,426,426
183.111.161.99,1334,4478,5812
183.12.157.152,409,799,1208
183.12.223.243,512,934,1446
183.12.249.156,9537,49,9586
183.12.53.252,266,183,449
183.12.65.185,9537,53,9590
183.12.73.204,409,795,1204
183.128.188.237,9540,53,9593
183.128.202.210,23,33,56
183.128.21.121,2500,1549,4049
183.128.67.107,0,190,190
183.129.144.185,15854,26450,42304
183.129.155.39,22080,450,22530
183.129.161.190,235499,13851,249350
183.129.177.43,31377,8961,40338
183.129.178.199,195317,11307,206624
183.129.178.204,9618,17120,26738
183.129.178.58,9458,2027,11485
183.129.178.61,313799,18255,332054
183.129.178.66,251,1004,1255
183.129.179.102,481498,18824,500322
183.129.179.44,5244,2544,7788
183.129.179.45,35972,2605,38577
183.129.194.167,11903,2368,14271
183.129.194.169,34783,1761,36544
183.129.194.173,158838,17787,176625
183.129.194.174,237510,3753,241263
183.129.194.176,45112,7156,52268
183.129.205.143,776198,74190,850388
183.129.205.72,7157,17123,24280
183.129.205.73,7695,16843,24538
183.129.205.74,9837,18456,28293
183.129.205.75,7117,15813,22930
183.129.205.76,3812,8035,11847
183.129.205.77,7441,15533,22974
183.129.205.78,7257,17072,24329
183.129.205.79,10052,19934,29986
183.129.205.80,4791,12736,17527
183.129.205.81,6880,21415,28295
183.129.205.82,8187,18489,26676
183.129.205.83,15137,30316,45453
183.129.205.84,7102,14914,22016
183.129.205.86,8747,21183,29930
183.129.205.87,8169,19961,28130
183.129.205.88,12974,26171,39145
183.129.205.89,6581,15410,21991
183.129.205.90,15360,30894,46254
183.129.205.91,9172,23226,32398
183.129.205.92,6943,17408,24351
183.129.205.93,5425,12895,18320
183.129.205.94,3648,9265,12913
183.129.205.95,2972,6775,9747
183.129.205.96,2468,5583,8051
183.129.205.97,4939,8030,12969
183.129.205.98,5618,11365,16983
183.129.206.155,34500,687,35187
183.129.206.26,56029,11558,67587
183.129.207.172,1564,1428,2992
183.129.220.224,19320,456,19776
183.129.224.226,27600,452,28052
183.129.228.131,20178,979,21157
183.129.228.163,44708,71252,115960
183.129.228.255,2299,4478,6777
183.129.244.241,30360,684,31044
183.129.245.65,943,528,1471
183.129.249.137,55651,214880,270531
183.129.249.138,63535,231623,295158
183.129.249.139,56445,228273,284718
183.129.249.81,14547,672,15219
183.13.113.10,5879,3872,9751
183.13.149.171,19074,105,19179
183.13.152.43,1593,522,2115
183.13.16.194,708,465,1173
183.13.164.73,215,122,337
183.13.171.248,213,122,335
183.13.238.36,195,155,350
183.13.31.94,19078,106,19184
183.13.32.217,49281,158,49439
183.13.78.109,238,156,394
183.13.92.127,214321,4271,218592
183.130.113.220,41,151,192
183.130.141.247,9537,53,9590
183.130.58.121,0,53,53
183.130.67.167,150977,53,151030
183.131.11.46,4829355,16737,4846092
183.131.11.51,718,6781,7499
183.131.116.61,7042592,9418,7052010
183.131.119.44,139560,153,139713
183.131.119.49,384,662,1046
183.131.119.55,356016,541,356557
183.131.119.94,4286649,3416,4290065
183.131.119.95,8259296,67771,8327067
183.131.12.145,1782091,134293,1916384
183.131.12.150,1608,576,2184
183.131.12.184,272700,48037,320737
183.131.12.186,90705,448960,539665
183.131.12.187,3011892,203995,3215887
183.131.12.188,1298596,177253,1475849
183.131.12.189,884963,114540,999503
183.131.12.190,1901505,150857,2052362
183.131.12.192,1112004,112518,1224522
183.131.12.235,65069,37105,102174
183.131.12.247,6061,2010,8071
183.131.12.248,30061,112518,142579
183.131.12.250,1042469,119400,1161869
183.131.12.251,2311848,108165,2420013
183.131.128.141,0,0,0
183.131.128.204,927,1732,2659
183.131.128.205,893373,3241,896614
183.131.128.37,23233,6630,29863
183.131.13.0,2339222,117742,2456964
183.131.13.1,2423750,159640,2583390
183.131.13.2,388249,79007,467256
183.131.13.3,2984042,197195,3181237
183.131.146.12,352,265,617
183.131.148.155,4557,14884,19441
183.131.149.78,10824,23862,34686
183.131.161.13,8948631,72481,9021112
183.131.34.18,47648,4209292,4256940
183.131.34.24,9018738,18681,9037419
183.131.74.37,2112314,55155,2167469
183.131.74.38,289033,4997,294030
183.131.74.39,196938,4640,201578
183.131.78.79,23460,818,24278
183.131.79.144,222,74,296
183.132.129.45,642,540,1182
183.132.28.199,242,154,396
183.133.161.108,310,181,491
183.133.43.116,190,155,345
183.135.174.155,33171,149,33320
183.135.178.132,101,200,301
183.135.33.178,28611,157,28768
183.136.128.12,27600,450,28050
183.136.130.47,43158,3303,46461
183.136.133.195,698882,33997,732879
183.136.133.210,963306,46494,1009800
183.136.133.211,4029986,322422,4352408
183.136.133.212,441198,110500,551698
183.136.133.213,577795,41532,619327
183.136.133.214,13678,447,14125
183.136.133.215,972263,60884,1033147
183.136.133.216,826042,61269,887311
183.136.133.217,26564,2276,28840
183.136.133.218,341775,24339,366114
183.136.133.219,5100879,61762,5162641
183.136.133.220,158275,1647,159922
183.136.133.221,6227288,20929,6248217
183.136.133.222,826599,25875,852474
183.136.133.223,23200,446,23646
183.136.133.224,2191485,71822,2263307
183.136.133.226,167804,5895,173699
183.136.133.227,2919625,37656,2957281
183.136.133.228,191206,31840,223046
183.136.133.229,128488,20013,148501
183.136.133.230,16000,448,16448
183.136.133.231,186813,10726,197539
183.136.133.232,2288862,91627,2380489
183.136.133.234,3191103,280718,3471821
183.136.133.235,28649,3339,31988
183.136.133.236,71999,6281,78280
183.136.133.237,12484738,303966,12788704
183.136.133.238,448560,56193,504753
183.136.133.239,356723,5059,361782
183.136.133.240,455074,14855,469929
183.136.133.241,5446947,199015,5645962
183.136.133.242,901370,45555,946925
183.136.133.243,3131886,183448,3315334
183.136.133.244,168840,14736,183576
183.136.133.245,4472342,58191,4530533
183.136.133.246,227094,86835,313929
183.136.133.247,198652,76832,275484
183.136.133.248,756,4150,4906
183.136.133.249,777009,63289,840298
183.136.133.250,206753,6781,213534
183.136.133.251,1009890,128438,1138328
183.136.133.252,529444,19407,548851
183.136.133.253,4405189,136369,4541558
183.136.133.254,16065177,5506870,21572047
183.136.133.255,2526043,66083,2592126
183.136.134.0,104717,1461,106178
183.136.134.1,781925,14201,796126
183.136.134.2,521342,16477,537819
183.136.135.226,267587,7339,274926
183.136.135.227,12418,856,13274
183.136.135.233,927505,7714,935219
183.136.136.190,343,23,366
183.136.137.32,139531,32813,172344
183.136.137.45,43082982,334212,43417194
183.136.139.16,15949,5601,21550
183.136.139.17,216063,13464,229527
183.136.139.22,58275,8979,67254
183.136.139.23,213900,9518,223418
183.136.141.156,6368063,139080,6507143
183.136.141.27,2390,2198,4588
183.136.141.28,2602,2061,4663
183.136.141.29,212875,324950,537825
183.136.158.207,2878761,19636,2898397
183.136.160.10,125563,181115,306678
183.136.160.101,11848,19810,31658
183.136.160.102,16706,32147,48853
183.136.160.103,1855,3066,4921
183.136.160.107,29550,16057,45607
183.136.160.108,20352,12555,32907
183.136.160.11,174693,158794,333487
183.136.160.12,23207,26630,49837
183.136.160.13,82113,117746,199859
183.136.160.14,261858,391845,653703
183.136.160.15,267768,353060,620828
183.136.160.16,142040,206294,348334
183.136.160.17,7276,10184,17460
183.136.160.18,153276,200947,354223
183.136.160.19,215549,296215,511764
183.136.160.22,4558,767,5325
183.136.160.23,57678,5375,63053
183.136.160.30,83250,60874,144124
183.136.160.31,279758,55650,335408
183.136.160.32,146188,181731,327919
183.136.160.33,589254,136592,725846
183.136.160.34,395734,117646,513380
183.136.160.37,279312,362802,642114
183.136.160.38,78459,117998,196457
183.136.160.39,68199,87023,155222
183.136.160.40,133310,185403,318713
183.136.160.41,129657,184655,314312
183.136.160.42,103363,128250,231613
183.136.160.43,63452,79501,142953
183.136.160.44,163000,235545,398545
183.136.160.45,213177,20378,233555
183.136.160.53,1010701,188327,1199028
183.136.160.54,625384,144958,770342
183.136.160.55,1006544,555027,1561571
183.136.160.56,583770,592448,1176218
183.136.160.57,55250,4016,59266
183.136.160.58,34562,1985,36547
183.136.160.60,27316,2889,30205
183.136.160.61,56955,53759,110714
183.136.160.63,20014,7354,27368
183.136.160.7,601527,195014,796541
183.136.160.70,33045,35712,68757
183.136.160.71,34617,36661,71278
183.136.160.72,203218,286779,489997
183.136.160.73,104976,149345,254321
183.136.160.74,9830,14474,24304
183.136.160.75,90643,95413,186056
183.136.160.76,146904,139898,286802
183.136.160.81,7507,2521,10028
183.136.160.92,11290,450,11740
183.136.160.93,27856,1350,29206
183.136.163.119,337595,34047,371642
183.136.163.120,412900,47922,460822
183.136.163.121,798531,68736,867267
183.136.163.122,211924,23297,235221
183.136.163.123,123285,14078,137363
183.136.163.124,216766,22131,238897
183.136.163.125,129258,16110,145368
183.136.163.126,49219,6682,55901
183.136.163.127,54256,80469,134725
183.136.163.128,628694,440605,1069299
183.136.163.129,1201929,496488,1698417
183.136.163.130,1355,11104,12459
183.136.163.131,17569,50315,67884
183.136.163.132,1144889,471771,1616660
183.136.163.136,214474,266453,480927
183.136.163.139,19853,62686,82539
183.136.163.140,277454,208866,486320
183.136.163.142,180409,20283,200692
183.136.163.143,59352,6230,65582
183.136.163.167,233,440,673
183.136.163.168,17151,891,18042
183.136.163.212,238311,156856,395167
183.136.164.23,3590471,677020,4267491
183.136.164.24,2818839,511569,3330408
183.136.164.26,6300,14160,20460
183.136.164.27,421454,422554,844008
183.136.164.28,125146,141095,266241
183.136.164.29,234141,273377,507518
183.136.164.30,87846,136262,224108
183.136.164.31,1199393,246103,1445496
183.136.164.32,183506,264261,447767
183.136.164.41,449,557,1006
183.136.164.58,1693,6001,7694
183.136.165.0,111247,39338,150585
183.136.168.54,15821,54952,70773
183.136.168.55,1660,3065,4725
183.136.168.57,714,549,1263
183.136.168.63,83144,12526,95670
183.136.184.27,44805,1440,46245
183.136.188.14,1925,362,2287
183.136.190.227,24840,452,25292
183.136.203.13,1014775,50213,1064988
183.136.203.16,901611,35052,936663
183.136.203.22,1597773,3150,1600923
183.136.203.23,13853,7344,21197
183.136.203.25,219059,49140,268199
183.136.203.31,126704,1781,128485
183.136.203.33,22827,615,23442
183.136.203.36,17837,20789,38626
183.136.203.57,40565,1017,41582
183.136.208.119,770759,11242,782001
183.136.211.29,947591,3612,951203
183.136.211.54,399376,4871,404247
183.136.211.57,0,567,567
183.136.214.102,16560,452,17012
183.136.216.45,137219,2199,139418
183.136.217.18,31477467,1051880,32529347
183.136.217.19,27151631,1973779,29125410
183.136.217.20,22694013,1745543,24439556
183.136.217.21,23152391,1373593,24525984
183.136.217.62,651278,149879,801157
183.136.217.63,623968,162581,786549
183.136.217.64,183996,31971,215967
183.136.217.65,482861,130311,613172
183.136.217.66,613914,166255,780169
183.136.217.67,508214,165683,673897
183.136.217.71,515080,134760,649840
183.136.217.78,647020,159487,806507
183.136.217.79,395869,111526,507395
183.136.217.80,621010,152878,773888
183.136.217.81,576158,158592,734750
183.136.217.82,582077,173102,755179
183.136.217.83,466214,129307,595521
183.136.217.85,911703,43869,955572
183.136.217.87,596795,161806,758601
183.136.218.199,1669,368,2037
183.136.218.224,89363,52443,141806
183.136.218.225,678558,24055,702613
183.136.218.226,336294,38297,374591
183.136.218.231,84635,29551,114186
183.136.218.246,3585,404,3989
183.136.219.182,0,189,189
183.136.219.61,0,567,567
183.136.219.73,698914,3507,702421
183.136.220.192,38372,4006,42378
183.136.220.193,300,554,854
183.136.223.42,91166,22996,114162
183.136.223.46,498,221,719
183.136.232.138,1619278,96806,1716084
183.136.232.190,291504,21192,312696
183.136.233.189,48235,4883,53118
183.136.233.190,64235,4373,68608
183.136.233.31,63249,2047,65296
183.136.236.18,1283,222,1505
183.136.237.179,16660,10121,26781
183.136.237.231,0,0,0
183.136.237.232,5079,11214,16293
183.136.237.27,29756,6300,36056
183.136.239.225,507,334,841
183.136.28.115,2052,298470,300522
183.138.30.230,225,154,379
183.138.53.118,9537,53,9590
183.138.54.188,9537,53,9590
183.138.82.39,4464,410929,415393
183.138.89.246,216,122,338
183.14.116.223,1517,320622,322139
183.14.121.90,408,803,1211
183.14.157.43,0,68,68
183.14.68.192,102,185,287
183.140.113.70,9540,53,9593
183.140.21.201,1125,25007,26132
183.141.178.196,9537,53,9590
183.141.245.91,2885,32415,35300
183.142.115.114,30329,118,30447
183.142.16.178,9537,53,9590
183.142.185.210,0,68,68
183.142.24.123,1212,115207,116419
183.142.33.239,1053,1341,2394
183.143.67.112,9540,53,9593
183.144.29.174,103,199,302
183.144.38.253,9537,53,9590
183.144.40.110,418860,957,419817
183.144.43.201,33072,312,33384
183.144.44.204,17136,304,17440
183.144.45.53,84,84,168
183.144.51.108,9541,53,9594
183.146.161.55,9537,53,9590
183.147.15.6,85,85,170
183.147.235.96,33124,55,33179
183.147.34.92,9537,52,9589
183.148.35.124,0,68,68
183.148.85.39,412,804,1216
183.148.92.100,207,400,607
183.149.123.230,137274,251,137525
183.149.151.230,15057,106,15163
183.149.154.12,9537,49,9586
183.149.156.71,9537,53,9590
183.149.182.138,0,68,68
183.149.192.48,9537,53,9590
183.149.64.123,9537,53,9590
183.149.67.25,3474,7206,10680
183.149.75.98,9537,52,9589
183.15.166.33,2458,4808,7266
183.15.168.107,5045,10187,15232
183.15.244.254,0,1117,1117
183.15.28.189,9537,53,9590
183.15.46.85,410,809,1219
183.152.148.156,1354,38738,40092
183.152.251.204,17439,463,17902
183.152.39.65,9537,53,9590
183.152.48.7,0,68,68
183.152.6.91,202,400,602
183.153.125.121,720,1407,2127
183.153.126.161,154,65674,65828
183.154.129.201,16964,237,17201
183.154.239.208,3720,1333,5053
183.155.48.187,2208,3425,5633
183.156.178.68,1157,636,1793
183.156.40.39,276,411,687
183.156.54.119,223941,64994342,65218283
183.157.135.195,41,151,192
183.157.142.237,19074,106,19180
183.157.157.121,1506,1155,2661
183.157.176.223,9537,49,9586
183.157.187.247,101,202,303
183.157.64.87,9537,53,9590
183.157.84.139,0,1330,1330
183.158.136.183,9537,53,9590
183.158.143.195,1125,7841,8966
183.158.16.239,19074,105,19179
183.158.167.116,513,999,1512
183.158.203.61,17662,550656,568318
183.158.212.176,9537,53,9590
183.158.228.73,9537,53,9590
183.158.255.170,39032,1646357,1685389
183.158.43.139,74,79,153
183.159.11.173,12515,130,12645
183.159.4.177,28611,159,28770
183.16.120.109,103,202,305
183.16.148.128,191,153,344
183.16.165.68,306,560,866
183.16.200.74,9541,53,9594
183.16.248.200,959,1580,2539
183.16.8.169,706,466,1172
183.160.10.225,477,309,786
183.160.132.10,1427,922,2349
183.160.167.94,9537,49,9586
183.160.176.195,2408,542443,544851
183.160.190.191,1499,990,2489
183.160.7.253,715,470,1185
183.160.71.102,9032,1155,10187
183.161.149.134,669,396,1065
183.161.17.9,574667,2184,576851
183.161.235.175,105349,1628,106977
183.161.62.86,5768,3639,9407
183.161.63.107,28611,157,28768
183.161.79.236,9537,53,9590
183.163.49.198,411,794,1205
183.163.72.194,9537,53,9590
183.163.76.206,4140,53,4193
183.163.85.60,17018,115,17133
183.164.152.199,120,32880,33000
183.164.172.220,9537,53,9590
183.164.177.214,9545,53,9598
183.164.195.148,0,68,68
183.164.195.192,19074,106,19180
183.164.207.91,284,319223,319507
183.164.230.243,4060,10130,14190
183.164.235.160,32897,145,33042
183.164.37.115,310158,1410,311568
183.164.55.185,19074,106,19180
183.164.65.29,944,622,1566
183.164.87.145,308,1003,1311
183.165.180.205,942,115,1057
183.165.183.232,0,67,67
183.165.185.210,9537,53,9590
183.165.203.63,1379,415,1794
183.165.220.170,164125,65,164190
183.165.234.29,103,201,304
183.165.254.97,446,309,755
183.165.40.146,9537,52,9589
183.166.117.50,19074,106,19180
183.166.140.211,192,192,384
183.166.158.120,514,1002,1516
183.166.187.194,39420,970,40390
183.166.209.116,352,145,497
183.166.221.174,0,145,145
183.166.235.213,0,182,182
183.166.250.81,53814,41,53855
183.166.34.239,19960,914,20874
183.167.104.143,19078,102,19180
183.167.173.117,26917,781,27698
183.167.219.150,60339,1610,61949
183.167.246.183,1550,1130,2680
183.167.50.129,0,68,68
183.17.130.213,0,68,68
183.17.219.23,9537,53,9590
183.17.225.216,490,309,799
183.17.253.55,1750,1181,2931
183.17.35.165,85,102,187
183.17.49.70,238,152,390
183.175.153.44,0,53,53
183.176.25.180,292,793,1085
183.176.86.10,5552,6176,11728
183.178.207.181,0,3089,3089
183.178.88.224,0,68,68
183.179.47.108,0,68,68
183.18.150.153,233,310,543
183.185.99.145,82,302,384
183.187.201.225,41,151,192
183.189.209.200,0,130,130
183.189.254.61,0,0,0
183.189.80.133,9369,800,10169
183.19.120.221,132,32910,33042
183.19.17.224,238,156,394
183.19.17.55,9537,53,9590
183.190.12.38,41,151,192
183.190.185.102,1797,1888,3685
183.190.35.9,41,143,184
183.191.133.30,0,3516,3516
183.191.211.150,0,302,302
183.192.241.73,0,68,68
183.196.128.236,5423,255,5678
183.200.0.81,41,151,192
183.203.144.73,0,68,68
183.203.188.47,33120,906,34026
183.203.208.178,1201,252,1453
183.203.36.12,398571,15212,413783
183.207.224.55,281184,765,281949
183.207.228.14,375,255,630
183.207.228.46,93880,255,94135
183.21.106.35,203,397,600
183.21.167.243,4508,2954088,2958596
183.22.171.43,236,153,389
183.22.219.100,237,157,394
183.22.249.122,610,1286,1896
183.224.79.10,0,252,252
183.224.79.12,0,252,252
183.224.79.9,0,252,252
183.23.153.37,514,929,1443
183.23.18.96,1457,960,2417
183.23.199.143,32963,55,33018
183.23.203.94,408,806,1214
183.230.3.6,8236,452,8688
183.232.103.185,364,550,914
183.232.121.164,2496,4219,6715
183.232.125.175,880,407,1287
183.232.125.177,172,222,394
183.232.17.77,6840,9501,16341
183.232.22.53,131161,6386,137547
183.232.29.211,96,168,264
183.232.29.213,62,140,202
183.232.29.230,909,791,1700
183.232.29.252,21824,50159,71983
183.232.29.253,25792,56392,82184
183.232.29.254,862,1713,2575
183.232.38.224,16616,31950,48566
183.232.38.225,10992,27787,38779
183.232.40.151,18600,37991,56591
183.232.42.209,740,867,1607
183.232.42.230,34,93,127
183.232.42.231,810,997,1807
183.232.71.89,845,385,1230
183.232.93.181,253,484,737
183.232.94.153,0,0,0
183.232.95.154,297,4573,4870
183.232.96.239,2465,782,3247
183.232.98.169,628,688,1316
183.232.98.183,682,3786,4468
183.232.98.186,285,23,308
183.233.224.206,4711,17619,22330
183.234.43.56,16560,458,17018
183.237.66.11,27732,1308,29040
183.238.123.233,215347,197461,412808
183.238.205.228,16560,452,17012
183.239.207.70,7644,35238,42882
183.24.170.206,223,157,380
183.24.184.126,4329,1139254,1143583
183.247.204.96,17622,742,18364
183.25.127.46,0,397,397
183.25.175.83,204,374,578
183.25.180.201,205,372,577
183.25.231.93,306,605,911
183.25.61.67,0,68,68
183.25.67.97,827,1603,2430
183.26.103.180,238,157,395
183.26.113.181,2241,1464,3705
183.26.114.115,955,599,1554
183.26.157.66,104,27969,28073
183.26.168.137,2128,76940,79068
183.26.181.194,225,154,379
183.26.191.52,598,415,1013
183.26.217.76,9537,53,9590
183.26.228.54,0,67,67
183.26.29.95,1620,1028,2648
183.26.85.203,62857,1442,64299
183.27.207.22,0,1337,1337
183.27.231.116,9537,53,9590
183.27.43.212,49362,71,49433
183.27.44.67,3093,1061778,1064871
183.27.48.103,227,157,384
183.28.178.102,65920,79,65999
183.28.250.122,103,201,304
183.28.35.137,16482,111,16593
183.28.74.85,1046,1350,2396
183.28.83.87,92,137,229
183.29.193.80,192,154,346
183.29.225.173,265,186,451
183.29.242.188,41,143,184
183.29.28.179,22,122,144
183.29.87.127,365,276,641
183.30.170.221,297930,672,298602
183.30.199.41,9537,53,9590
183.30.20.217,102,201,303
183.30.35.44,85,85,170
183.30.56.36,202,122,324
183.30.65.34,212,749,961
183.31.11.128,740,496,1236
183.31.119.215,619,1307,1926
183.31.163.76,711,11309,12020
183.31.164.244,0,68,68
183.31.173.178,155,23,178
183.31.232.109,245,147665,147910
183.31.57.47,19074,106,19180
183.31.8.127,16561,36,16597
183.32.115.111,236,627,863
183.32.173.172,193,185,378
183.32.243.113,204,402,606
183.32.55.156,2391,1310087,1312478
183.32.58.225,192,157,349
183.32.62.98,160,23,183
183.32.96.88,9537,53,9590
183.33.101.84,745,588,1333
183.33.152.225,416,800,1216
183.33.160.28,9537,53,9590
183.33.168.186,16564,39,16603
183.33.217.88,1846,415,2261
183.33.218.153,116350,595,116945
183.33.219.90,1123,415,1538
183.33.23.137,308,602,910
183.34.128.217,239,154,393
183.34.205.14,41,143,184
183.34.221.24,1481,1331512,1332993
183.34.41.252,424,280,704
183.34.49.48,236,154,390
183.34.68.196,667,402,1069
183.34.82.220,224,155,379
183.34.83.30,409,804,1213
183.35.171.47,584,393636,394220
183.35.238.227,19074,102,19176
183.35.42.9,102,402,504
183.35.99.61,9537,53,9590
183.36.156.80,688,434,1122
183.36.177.238,1532,1058,2590
183.37.141.134,72,93,165
183.37.142.207,2028,17870,19898
183.37.144.51,239,156,395
183.37.233.144,240,155,395
183.37.233.70,663487,15739,679226
183.37.238.75,6136,4018,10154
183.38.102.216,195,143,338
183.39.188.164,9537,53,9590
183.39.191.14,411,802,1213
183.39.192.202,9537,53,9590
183.39.197.137,9537,49,9586
183.39.245.141,2477,511,2988
183.39.74.185,2942,510331,513273
183.4.174.253,8312,963351,971663
183.44.143.136,101,187,288
183.44.144.43,74773,2185,76958
183.44.172.103,128742,87,128829
183.44.61.119,84,84,168
183.44.8.55,32881,138,33019
183.45.125.214,1126,2201,3327
183.45.182.143,0,30,30
183.45.42.96,148027,507,148534
183.45.61.172,3744,2974,6718
183.46.24.44,224,154,378
183.46.245.235,12789,34,12823
183.46.247.163,128,306,434
183.46.38.134,613,1202,1815
183.46.41.171,92,137,229
183.47.65.135,58721,1059,59780
183.47.66.0,25205,5956388,5981593
183.47.67.120,412,745,1157
183.47.68.20,302,444,746
183.47.71.66,1838,333897,335735
183.48.166.180,1583,272831,274414
183.48.174.166,413,798,1211
183.48.27.228,8280,53,8333
183.49.147.46,1240,575371,576611
183.5.182.121,104,199,303
183.50.252.151,386768,21484,408252
183.51.140.137,214,125,339
183.51.19.8,241,153,394
183.51.248.38,9537,53,9590
183.51.90.184,5384,2672,8056
183.53.16.204,9537,53,9590
183.53.188.0,215,122,337
183.53.206.22,41,151,192
183.53.24.148,2873,1580,4453
183.53.26.0,368,548,916
183.53.29.39,223397,1425,224822
183.53.35.178,716,1405,2121
183.54.122.49,476,312,788
183.54.247.34,897,3779305,3780202
183.55.161.234,9541,53,9594
183.55.231.178,43080,772,43852
183.55.252.59,14577,8625,23202
183.56.128.57,4060,1800,5860
183.56.130.237,2882,8206,11088
183.56.131.235,1740,675,2415
183.56.131.241,1740,675,2415
183.56.146.183,13479,197,13676
183.56.146.195,313547,270744,584291
183.56.146.85,127345,183150,310495
183.56.149.15,0,0,0
183.56.162.105,7563,8830,16393
183.56.171.207,286715,12673,299388
183.56.171.252,132675,3477,136152
183.56.208.38,6259,37482,43741
183.57.144.195,88479,442,88921
183.57.36.108,6053,489,6542
183.57.36.11,0,125,125
183.57.36.12,46398,283,46681
183.57.36.15,229,571,800
183.57.36.16,45106,56208,101314
183.57.36.72,8642,490,9132
183.57.39.222,56065,14530,70595
183.57.39.48,73681,9730,83411
183.57.39.51,12140,1066,13206
183.57.39.76,398560,8111,406671
183.57.39.86,35233,3641,38874
183.57.39.89,5915,14283,20198
183.57.43.74,0,1931,1931
183.57.48.48,2244,1648,3892
183.57.76.79,23460,454,23914
183.57.81.234,20,445,465
183.57.81.235,20,1119,1139
183.58.197.41,1503,16651,18154
183.58.203.231,9540,52,9592
183.58.208.161,0,33,33
183.58.210.147,629808,5098,634906
183.58.234.16,9537,49,9586
183.58.235.31,41,151,192
183.58.252.12,311638,915,312553
183.58.47.218,259529,2117,261646
183.59.68.71,700,432,1132
183.60.1.68,1619,711,2330
183.60.1.71,4596,1067,5663
183.60.1.75,4003,1070,5073
183.60.1.78,0,714,714
183.60.1.79,1563,357,1920
183.60.1.84,282777,280695,563472
183.60.10.57,49590,139482,189072
183.60.10.58,41354,116154,157508
183.60.106.132,2926,3796,6722
183.60.109.180,165,1767,1932
183.60.11.205,60720,377,61097
183.60.11.36,4402,1846,6248
183.60.11.37,5662,2972,8634
183.60.111.114,2476,3357,5833
183.60.118.192,4666,718,5384
183.60.118.21,94976,1125,96101
183.60.118.214,4467,283,4750
183.60.118.236,5857,8406,14263
183.60.126.174,450,1481,1931
183.60.126.176,942,4366,5308
183.60.13.195,27012,36721,63733
183.60.13.215,1492,359,1851
183.60.13.217,1273,359,1632
183.60.13.219,1639,717,2356
183.60.13.234,23097,780,23877
183.60.13.237,156,422,578
183.60.130.123,0,0,0
183.60.131.42,10414,56482,66896
183.60.131.50,304157,22557,326714
183.60.131.53,65044,4581,69625
183.60.131.54,188019,15969,203988
183.60.133.143,1120961,23781,1144742
183.60.136.184,10284,771,11055
183.60.136.186,15426,957,16383
183.60.137.19,3887,1877,5764
183.60.137.21,54053,3041,57094
183.60.137.37,114206,15076,129282
183.60.137.81,4404,852,5256
183.60.139.52,3523,16671,20194
183.60.14.100,162041,449,162490
183.60.14.45,7017327,2868860,9886187
183.60.14.65,13714,3222,16936
183.60.143.63,19320,446,19766
183.60.15.147,5408,6157,11565
183.60.15.148,1315,2342,3657
183.60.15.150,17032,54794,71826
183.60.15.152,135060,549602,684662
183.60.15.160,19691,26933,46624
183.60.15.163,7611422,6366203,13977625
183.60.15.166,1638,8575,10213
183.60.15.167,9382737,4216249,13598986
183.60.15.171,40073,32118,72191
183.60.15.172,51626,80903,132529
183.60.15.173,851010,3978284,4829294
183.60.15.178,442099,190982,633081
183.60.15.179,203141,316982,520123
183.60.15.181,5251318,7252968,12504286
183.60.15.184,449147,862739,1311886
183.60.15.185,23814265,817734,24631999
183.60.15.186,22646722,58739615,81386337
183.60.15.187,178607,5153,183760
183.60.15.192,700872,12405,713277
183.60.15.193,13012501,2397703,15410204
183.60.15.194,105889,373684,479573
183.60.15.203,5823,15715,21538
183.60.15.212,15544,25858,41402
183.60.15.215,15292,5176,20468
183.60.15.223,218706,171449,390155
183.60.15.229,150793,124119,274912
183.60.15.231,12429,1301,13730
183.60.15.233,13474,853,14327
183.60.15.243,7489841,396884,7886725
183.60.15.245,47283,35574,82857
183.60.15.246,114073,53917,167990
183.60.15.247,154358,81238,235596
183.60.15.250,13523057,5572241,19095298
183.60.153.103,642214,56667,698881
183.60.153.104,6630,884,7514
183.60.153.105,16805,4174,20979
183.60.153.121,3406,378,3784
183.60.153.122,1230,945,2175
183.60.156.105,1064,936,2000
183.60.16.147,21760,20574,42334
183.60.16.2,195125,129425,324550
183.60.16.212,29638,83268,112906
183.60.16.213,4140,7905,12045
183.60.16.216,0,3240,3240
183.60.16.218,6097,1624,7721
183.60.16.219,3870,7480,11350
183.60.16.225,9634,18584,28218
183.60.16.228,68672,192780,261452
183.60.16.26,29988,76248,106236
183.60.16.3,156158,120186,276344
183.60.16.41,29484,77226,106710
183.60.17.154,2924,2916,5840
183.60.17.166,138024,132030,270054
183.60.17.167,82898,79704,162602
183.60.17.178,10640,10368,21008
183.60.17.185,12152,11826,23978
183.60.17.196,1020,972,1992
183.60.17.216,707550,2643181,3350731
183.60.171.22,0,0,0
183.60.18.184,22291,150436,172727
183.60.18.198,2251,1540,3791
183.60.18.33,5096,1646,6742
183.60.18.37,166772,164106,330878
183.60.18.43,21882,20898,42780
183.60.18.58,99657,6248,105905
183.60.18.60,1517,482,1999
183.60.18.65,1190,1134,2324
183.60.18.66,54910,53460,108370
183.60.18.69,30219,159289,189508
183.60.18.75,23744,121852,145596
183.60.189.57,429567,4361,433928
183.60.189.58,121754,10146,131900
183.60.19.117,9326,8910,18236
183.60.19.182,6460,6318,12778
183.60.19.50,133952,128304,262256
183.60.192.170,7688,5020,12708
183.60.192.171,153061,6182,159243
183.60.192.172,1425303,13815,1439118
183.60.196.16,237910,18156,256066
183.60.198.191,18113,836,18949
183.60.198.192,13743,418,14161
183.60.2.192,590643,60807,651450
183.60.2.197,2875,14814,17689
183.60.2.198,3945,19867,23812
183.60.2.199,1982,11110,13092
183.60.2.200,4429,20966,25395
183.60.201.162,258784,7091,265875
183.60.201.81,1160,1474,2634
183.60.203.170,191002,5807,196809
183.60.207.145,24840,450,25290
183.60.207.160,23460,448,23908
183.60.209.11,632032,96740,728772
183.60.209.110,7023,10897,17920
183.60.209.116,244094,18444,262538
183.60.209.117,654274,62352,716626
183.60.209.118,6644869,195705,6840574
183.60.209.119,6336053,228501,6564554
183.60.209.120,10663137,154258,10817395
183.60.209.121,565732,7123,572855
183.60.209.13,107227,25143,132370
183.60.209.23,32143,16713,48856
183.60.209.27,381163,23942,405105
183.60.209.39,282475,54988,337463
183.60.209.40,398196,78696,476892
183.60.209.41,435194,71968,507162
183.60.209.55,15460,7147,22607
183.60.209.62,4819739,96250,4915989
183.60.209.86,3756,2725,6481
183.60.209.89,28986,16909,45895
183.60.209.90,31796,2757,34553
183.60.209.92,2253,1885,4138
183.60.209.95,1701,1497,3198
183.60.211.173,99572,11282,110854
183.60.217.105,5912,2926,8838
183.60.217.44,0,405,405
183.60.217.68,559447,6157,565604
183.60.217.76,59987,5365,65352
183.60.217.79,676,682,1358
183.60.217.84,1347,1003,2350
183.60.217.85,2409,246,2655
183.60.217.86,12785,1841,14626
183.60.217.87,8568,2606,11174
183.60.232.43,88288,78801,167089
183.60.232.47,7832,6895,14727
183.60.235.57,957026,485357,1442383
183.60.235.58,757300,119409,876709
183.60.235.59,737614,4007,741621
183.60.235.60,763122,34516,797638
183.60.235.63,2822359,95750,2918109
183.60.235.64,1691440,100883,1792323
183.60.235.65,18263,2089,20352
183.60.235.66,17916,702,18618
183.60.235.67,152169,15046,167215
183.60.235.68,220982,32512,253494
183.60.235.70,1358997,51802,1410799
183.60.235.71,0,0,0
183.60.235.72,188228,9020,197248
183.60.243.204,64359,6746,71105
183.60.243.212,68296,58544,126840
183.60.243.225,509785,11965,521750
183.60.243.235,12465,1855,14320
183.60.244.44,72108,15933,88041
183.60.244.78,402036,23919,425955
183.60.26.203,13800,230,14030
183.60.26.204,13800,230,14030
183.60.3.140,22751,11868,34619
183.60.3.154,5650135,511279,6161414
183.60.3.158,116897,8399,125296
183.60.3.169,6798343,512739,7311082
183.60.3.178,53283,1400,54683
183.60.3.181,96182,57722,153904
183.60.3.193,5820775,445720,6266495
183.60.3.49,2664,9313,11977
183.60.35.88,12688,3472,16160
183.60.36.20,1558,34016,35574
183.60.36.233,62,61,123
183.60.36.32,16120,53376,69496
183.60.36.34,1092,184,1276
183.60.36.89,17608,83376,100984
183.60.38.45,821727,447213,1268940
183.60.38.47,1819,744,2563
183.60.38.50,761,635,1396
183.60.38.56,1305844,275141,1580985
183.60.38.60,262783,144578,407361
183.60.38.61,372517,175060,547577
183.60.38.62,93043,76270,169313
183.60.38.64,32691,1647,34338
183.60.41.184,1870,430,2300
183.60.41.208,86231,17419,103650
183.60.41.209,35120,37184,72304
183.60.41.26,1497,416,1913
183.60.44.85,420303,31024,451327
183.60.44.90,3535875,21804,3557679
183.60.44.92,2540654,65297,2605951
183.60.44.93,1376994,1278,1378272
183.60.48.252,164737,146058,310795
183.60.48.253,16996,19497,36493
183.60.48.255,59350,56302,115652
183.60.49.187,21624,23715,45339
183.60.49.188,173165,182629,355794
183.60.49.203,3261,3194,6455
183.60.49.209,8745,1452,10197
183.60.49.253,13234,6409,19643
183.60.50.124,16830,16686,33516
183.60.50.130,12014,11502,23516
183.60.50.147,17486,16686,34172
183.60.50.154,243784,245750,489534
183.60.50.224,801402,93546,894948
183.60.50.235,3230,3078,6308
183.60.50.236,3325,484,3809
183.60.50.245,14293,852,15145
183.60.50.28,98858,71372,170230
183.60.50.30,688,2175,2863
183.60.50.31,16876,41938,58814
183.60.50.39,1476,482,1958
183.60.51.149,170,162,332
183.60.51.187,2060,4282,6342
183.60.53.198,680621,95174,775795
183.60.55.159,72426,28978,101404
183.60.56.116,3028,2916,5944
183.60.56.149,23112,22194,45306
183.60.56.161,9342,8910,18252
183.60.56.176,4420,4212,8632
183.60.56.83,510,486,996
183.60.58.227,9309,982,10291
183.60.59.225,890,5504,6394
183.60.59.226,178,961,1139
183.60.59.227,1246,8269,9515
183.60.62.149,4300,1846,6146
183.60.62.163,17393,7294,24687
183.60.62.168,4988,2059,7047
183.60.62.176,5332,2201,7533
183.60.62.190,151902,425574,577476
183.60.62.50,181730,255353,437083
183.60.69.236,1399,2108,3507
183.60.69.238,10687,7994,18681
183.60.69.245,241,396,637
183.60.72.21,154230,15585,169815
183.60.72.230,505,1463,1968
183.60.72.25,336618,18741,355359
183.60.72.26,271826,21032,292858
183.60.72.27,136616,11233,147849
183.60.72.28,216737,9121,225858
183.60.72.29,199248,16527,215775
183.60.72.31,1104577,25745,1130322
183.60.72.34,271556,18412,289968
183.60.80.221,24840,450,25290
183.60.83.200,114392,14896,129288
183.60.84.151,9464,4603,14067
183.60.84.159,9869,1226,11095
183.60.9.144,4454,17491,21945
183.60.9.145,4716,18869,23585
183.60.9.151,3930,17521,21451
183.60.9.198,70006,196012,266018
183.60.92.211,1645,3588,5233
183.60.92.254,15046,25161,40207
183.60.93.3,379859,54833,434692
183.60.99.96,344592,3329,347921
183.61.0.145,12376,452,12828
183.61.106.147,381,495,876
183.61.109.113,11312,454,11766
183.61.109.127,5324,1088,6412
183.61.109.188,12166,4389,16555
183.61.109.235,18507,6419,24926
183.61.111.39,211013,38225,249238
183.61.111.53,594,422,1016
183.61.111.54,65944,5089,71033
183.61.112.103,358793,705,359498
183.61.112.121,17940,751,18691
183.61.112.27,1815334,24779,1840113
183.61.112.87,411,815,1226
183.61.112.99,548,463,1011
183.61.116.110,40939,145895,186834
183.61.116.111,46831,169421,216252
183.61.116.28,165041,607126,772167
183.61.116.29,214603,907034,1121637
183.61.116.30,228319,833208,1061527
183.61.116.57,47566,170718,218284
183.61.116.58,56661,202998,259659
183.61.116.59,29418,90371,119789
183.61.116.60,40256,148297,188553
183.61.116.61,28664,105106,133770
183.61.116.62,534109,1623273,2157382
183.61.116.63,176712,640784,817496
183.61.116.64,163061,594089,757150
183.61.116.65,194435,716583,911018
183.61.116.66,237921,859981,1097902
183.61.116.67,496239,30422,526661
183.61.116.68,981807,94464,1076271
183.61.117.42,145100,22599,167699
183.61.118.102,75038,1362,76400
183.61.119.212,1150,2440,3590
183.61.128.44,40024,33117,73141
183.61.13.108,0,0,0
183.61.134.18,3600,1638,5238
183.61.134.49,11251,6897,18148
183.61.135.15,5213,1865,7078
183.61.143.86,19225,64673,83898
183.61.16.139,5603,584,6187
183.61.16.140,15237,2093,17330
183.61.16.146,43297,2451,45748
183.61.16.163,379,440,819
183.61.16.178,151036,14566,165602
183.61.16.194,198498,94034,292532
183.61.16.199,1477,1456,2933
183.61.16.40,496386,36868,533254
183.61.16.58,2455856,272998,2728854
183.61.16.60,1708,385,2093
183.61.16.61,3416,222,3638
183.61.16.62,4272,2086,6358
183.61.16.67,17080,3739,20819
183.61.16.72,9590,2348,11938
183.61.177.61,7676,1722,9398
183.61.177.70,938,1690,2628
183.61.177.76,6500,207,6707
183.61.179.212,1034,1004,2038
183.61.180.115,338,333,671
183.61.180.68,89575,687,90262
183.61.180.69,728241,3327,731568
183.61.180.79,676,718,1394
183.61.180.85,80838,453,81291
183.61.181.245,469,752,1221
183.61.181.255,0,0,0
183.61.189.158,19320,450,19770
183.61.19.157,35205,3735,38940
183.61.19.199,175646,44808,220454
183.61.224.115,1073,805,1878
183.61.224.153,0,0,0
183.61.236.248,27257,25092,52349
183.61.238.47,37237,2429,39666
183.61.238.83,3331,8518,11849
183.61.238.84,2169,3923,6092
183.61.238.92,985,2662,3647
183.61.238.95,3360,17624,20984
183.61.239.16,276159,6239,282398
183.61.239.17,1708,384,2092
183.61.239.19,47369,2676,50045
183.61.239.21,1708,383,2091
183.61.239.27,235099,12734,247833
183.61.239.33,31043,1051,32094
183.61.239.35,1708,383,2091
183.61.239.36,11791,402,12193
183.61.241.145,65286,986,66272
183.61.241.155,15541,5109,20650
183.61.243.190,3322884,27246,3350130
183.61.244.231,502031,21181,523212
183.61.244.77,153377,19951,173328
183.61.252.234,7087,10799,17886
183.61.252.245,728206,1163248,1891454
183.61.252.248,2287487,1080704,3368191
183.61.252.249,927924,1761254,2689178
183.61.32.186,1443279,959616,2402895
183.61.32.187,4962062,2618606,7580668
183.61.32.188,2066573,1364308,3430881
183.61.32.189,1031592,3516899,4548491
183.61.32.190,21304090,563540,21867630
183.61.34.180,4464,74888,79352
183.61.37.169,66277,27767,94044
183.61.37.172,42486,22102,64588
183.61.37.173,71169,29582,100751
183.61.37.174,50818,26700,77518
183.61.37.19,3172,875,4047
183.61.37.28,885754,60366,946120
183.61.37.29,1212364,89775,1302139
183.61.38.167,1575,7926,9501
183.61.38.184,1233985,7084426,8318411
183.61.38.185,513932,1406561,1920493
183.61.38.186,107936,192922,300858
183.61.38.187,405,745,1150
183.61.38.194,16667,3834,20501
183.61.38.197,0,0,0
183.61.38.198,881230,27709,908939
183.61.38.207,560557,16949,577506
183.61.38.213,195220,15150,210370
183.61.38.215,10310562,623721,10934283
183.61.38.218,7597638,504351,8101989
183.61.38.223,14190,1589,15779
183.61.38.225,4775,988,5763
183.61.40.74,214,1374,1588
183.61.46.144,297129,147305,444434
183.61.46.145,488,3347,3835
183.61.46.165,1712604,1043508,2756112
183.61.46.166,1354608,559709,1914317
183.61.46.168,1240,4237,5477
183.61.46.169,5040,25696,30736
183.61.46.174,65333,70941,136274
183.61.46.175,3088023,659381,3747404
183.61.46.182,1528705,58986,1587691
183.61.46.188,3685840,58425,3744265
183.61.46.191,24993,31344,56337
183.61.46.198,316,2445,2761
183.61.46.200,15514,485015,500529
183.61.46.201,10033,750948,760981
183.61.46.203,357132,49321,406453
183.61.46.204,12280,49183,61463
183.61.46.231,181395,119907,301302
183.61.46.242,11871,5404,17275
183.61.47.1,17418,4226,21644
183.61.47.37,1037811,269,1038080
183.61.49.155,1370209,452187,1822396
183.61.49.158,19400,12266,31666
183.61.49.160,1215,3082,4297
183.61.49.166,7980,48172,56152
183.61.49.180,10279831,22026913,32306744
183.61.49.181,5241992,471175,5713167
183.61.49.183,1000353,516280,1516633
183.61.49.185,2816802,1063700,3880502
183.61.49.200,2290,848,3138
183.61.49.201,433071,190925,623996
183.61.49.202,6458071,504130,6962201
183.61.51.163,48392,24231,72623
183.61.51.164,60264,25870,86134
183.61.51.171,57021,24074,81095
183.61.51.172,48701,27427,76128
183.61.51.173,85945,34046,119991
183.61.51.174,85505,34666,120171
183.61.6.186,57351,7980,65331
183.61.6.89,12058,227,12285
183.61.70.107,7360,8503,15863
183.61.70.108,490,372,862
183.61.70.135,708,744,1452
183.61.70.154,329,361,690
183.61.70.170,7930,9405,17335
183.61.70.171,6405,8433,14838
183.61.70.172,2940,3623,6563
183.61.70.62,1652,1302,2954
183.61.70.75,980,744,1724
183.61.70.99,18147,13763,31910
183.61.80.120,606858,4540,611398
183.61.80.226,2693,267,2960
183.61.83.15,162898,11692,174590
183.61.83.7,516486,9253,525739
183.61.83.8,270034,7206,277240
183.61.83.9,895,1012,1907
183.61.86.167,55200,928,56128
183.61.89.104,421,837,1258
183.61.89.250,658,2473,3131
183.61.89.89,379,391,770
183.61.9.102,257404,4500,261904
183.61.9.245,30765,5724,36489
183.61.9.246,2564095,9501,2573596
183.61.9.249,13159,8775,21934
183.61.9.50,1559884,612801,2172685
183.61.9.65,0,0,0
183.61.91.251,79872408,2796764,82669172
183.61.91.253,4048702,340306,4389008
183.61.92.171,222881,91259,314140
183.61.92.60,52441,12007,64448
183.62.104.189,8465,1586,10051
183.62.104.192,744,1248,1992
183.62.104.195,158629,71769,230398
183.62.104.58,44964,2354,47318
183.62.107.213,355410,11078,366488
183.62.113.193,65693,3802,69495
183.62.113.88,127557,25559,153116
183.62.118.163,8139,17259,25398
183.62.125.229,4816,1988,6804
183.62.127.13,154,688,842
183.62.127.14,2079,9273,11352
183.62.127.15,847,3624,4471
183.62.127.18,2002,8969,10971
183.62.127.20,3773,17255,21028
183.62.127.21,1386,5865,7251
183.62.127.36,1878953,74115,1953068
183.62.139.100,16560,452,17012
183.62.160.37,1620,452,2072
183.62.18.21,990,1181,2171
183.62.18.22,321354,13962,335316
183.62.210.124,71898,48797,120695
183.62.210.13,527432,10650,538082
183.62.210.15,115643,11002,126645
183.62.210.39,2416066,83708,2499774
183.62.231.203,16560,450,17010
183.62.234.6,119177,2746,121923
183.62.56.127,62720,1140,63860
183.63.233.253,16560,452,17012
183.63.238.48,9537,53,9590
183.63.34.181,21840,934,22774
183.63.41.10,1616478,314457,1930935
183.63.51.71,16816,3220,20036
183.63.74.138,36093,12039,48132
183.64.106.73,19500,452,19952
183.66.105.17,41,151,192
183.66.164.77,16560,35,16595
183.66.208.6,9545,53,9598
183.66.46.143,19074,106,19180
183.66.7.82,120,32880,33000
183.67.174.209,49356,53,49409
183.67.179.125,0,181,181
183.67.233.115,9537,53,9590
183.67.233.125,9537,53,9590
183.68.186.75,4140,53,4193
183.68.22.217,29956,149,30105
183.68.80.13,9537,53,9590
183.69.106.6,12505,107,12612
183.69.166.60,84,84,168
183.69.168.91,45017,390,45407
183.69.81.255,0,68,68
183.7.128.226,216,122,338
183.7.166.156,618,1205,1823
183.7.238.91,475,340,815
183.7.88.206,648,427,1075
183.70.0.245,943,1183,2126
183.70.22.119,119308,377,119685
183.70.237.227,9541,53,9594
183.70.96.250,88,122,210
183.71.126.248,19080,106,19186
183.71.32.91,9537,53,9590
183.71.40.252,129,178,307
183.71.40.71,101,201,302
183.79.119.250,4888,945,5833
183.79.226.164,4963,1040,6003
183.8.164.45,41,143,184
183.8.177.77,41,151,192
183.8.58.116,477,309,786
183.8.62.73,114987,312,115299
183.9.110.1,22791,55,22846
183.9.212.57,990,73590,74580
183.90.191.31,665759,22712,688471
183.91.55.130,863,296,1159
183.92.199.98,41,143,184
183.93.60.254,33936,24852,58788
183.94.136.161,41,151,192
183.94.233.158,17647,631,18278
183.95.152.7,273234,15128,288362
183.95.19.61,41,151,192
183.99.194.196,130405,15923072,16053477
184.105.178.93,17721,776,18497
184.105.178.96,17079,4069,21148
184.105.233.239,556140,214,556354
184.106.2.99,158351,15280,173631
184.106.28.199,0,2585,2585
184.107.240.184,387,4936,5323
184.107.80.150,6344,932,7276
184.154.247.211,0,3325,3325
184.154.45.161,2197,754,2951
184.168.131.218,658,402,1060
184.168.138.133,469,460,929
184.168.166.6,40564,490,41054
184.168.221.109,103618,22352,125970
184.168.221.36,216,366,582
184.168.221.41,189,706,895
184.168.221.42,291,1145,1436
184.168.221.45,0,1021,1021
184.168.221.47,0,1008,1008
184.168.221.74,0,532,532
184.168.221.79,47403,46316,93719
184.168.41.224,3276,2081,5357
184.168.47.230,1535433,61031,1596464
184.169.130.21,79595,908,80503
184.169.131.96,0,218,218
184.169.142.221,497,1269,1766
184.169.150.236,738,509,1247
184.169.150.247,831,544,1375
184.169.166.113,229,187,416
184.169.166.165,7499,1186,8685
184.169.179.251,0,0,0
184.173.147.42,196,271,467
184.173.147.43,3342,552,3894
184.173.147.44,9898,1380,11278
184.173.147.58,339,509,848
184.173.147.59,392,545,937
184.173.147.61,571,706,1277
184.173.147.63,158,218,376
184.173.147.67,8910,11108,20018
184.173.161.171,667,920,1587
184.173.161.173,557,787,1344
184.173.161.174,309,446,755
184.173.161.178,99,218,317
184.173.167.103,499,1079,1578
184.173.179.42,145,241,386
184.173.179.43,340,446,786
184.173.179.44,10828,3088,13916
184.173.179.46,451,727,1178
184.173.179.49,99,291,390
184.173.179.51,307,466,773
184.173.179.52,803,1152,1955
184.173.179.53,593,2338,2931
184.173.179.54,142,406,548
184.173.195.64,38025,692,38717
184.173.204.59,87331,692,88023
184.173.204.61,28287,692,28979
184.173.250.58,96244,627,96871
184.173.85.157,664783,2470068,3134851
184.175.125.60,374066,9168,383234
184.24.196.51,8362,1122,9484
184.24.201.33,3982,456,4438
184.24.203.37,24070,4063,28133
184.25.110.13,17876,2709,20585
184.25.110.229,16608,3680,20288
184.25.110.71,1074,295,1369
184.25.111.236,3390,1640,5030
184.25.111.243,28176,4944,33120
184.25.111.34,18987,735,19722
184.25.146.229,2076,460,2536
184.25.221.102,23728,1279,25007
184.25.221.143,17640,148,17788
184.25.231.83,11707,1818,13525
184.25.234.152,114177,842,115019
184.25.238.172,1128,1136,2264
184.25.56.121,8552,199,8751
184.25.56.143,8552,208,8760
184.25.56.201,2037,2451,4488
184.25.56.226,17488,7049,24537
184.25.56.234,537,291,828
184.25.56.241,248,587,835
184.25.56.242,1156,2483,3639
184.25.56.249,7634,281,7915
184.25.56.250,0,0,0
184.25.56.255,465,566,1031
184.25.56.39,565143,4183,569326
184.25.56.40,244,370,614
184.25.56.41,1664804,6764,1671568
184.25.56.42,2912,588,3500
184.25.56.47,5298363,4643,5303006
184.25.56.49,153655,5742,159397
184.25.56.50,7137,250,7387
184.25.56.55,0,0,0
184.25.56.56,593103,2906,596009
184.25.56.57,0,0,0
184.25.56.58,1702,380,2082
184.25.56.63,8706,1487,10193
184.25.56.64,1260686,3534,1264220
184.25.56.65,3352,520,3872
184.25.56.66,3163,1055,4218
184.25.56.72,1152603,8223,1160826
184.25.56.73,105969,2842,108811
184.25.56.74,305620,6029,311649
184.25.56.79,1267986,877,1268863
184.25.56.80,444516,639,445155
184.25.56.81,1739362,12288,1751650
184.25.56.82,0,0,0
184.25.56.87,0,0,0
184.25.57.0,248,593,841
184.25.57.14,0,0,0
184.25.57.15,20896,3075,23971
184.25.57.2,16677,19263,35940
184.25.57.22,496,1493,1989
184.25.57.32,179,97,276
184.25.57.37,51991,1374,53365
184.25.63.24,6236,1118,7354
184.25.63.32,2121,530,2651
184.25.63.46,0,409,409
184.26.143.119,0,0,0
184.26.143.200,419,65,484
184.26.242.115,4215,1132,5347
184.26.249.97,225375,6832,232207
184.26.251.168,216554,772,217326
184.26.251.52,3316,1984,5300
184.26.252.249,1010354,46144,1056498
184.26.253.204,9202,1414,10616
184.26.253.38,4693,268,4961
184.26.255.154,63235,3925,67160
184.26.72.159,132314,585,132899
184.27.107.137,4601,707,5308
184.27.164.23,4583,5074,9657
184.27.168.159,3610213,53042,3663255
184.27.168.184,1448272,268729,1717001
184.27.17.165,3980,1484,5464
184.27.18.243,65560,778,66338
184.27.188.13,5870,884,6754
184.27.21.34,2995836,420508,3416344
184.27.46.135,2264,2734,4998
184.28.188.103,335332,228036,563368
184.28.188.104,2245,492,2737
184.28.188.110,5124,603,5727
184.28.188.117,179,97,276
184.28.188.118,29571,10611,40182
184.28.188.144,24371,19067,43438
184.28.188.173,6710,186,6896
184.28.188.182,1257,195,1452
184.28.188.183,419,65,484
184.28.188.184,0,0,0
184.28.188.189,7421,1691,9112
184.28.188.190,1676,260,1936
184.28.188.191,3771,585,4356
184.28.188.192,419,65,484
184.28.188.197,4375,761,5136
184.28.188.198,4190,650,4840
184.28.188.199,419,65,484
184.28.188.200,1097921,968,1098889
184.28.188.205,419,65,484
184.28.188.206,419,65,484
184.28.188.208,4722,1279,6001
184.28.188.214,5907,7221,13128
184.28.188.221,751697,55911,807608
184.28.188.231,537,291,828
184.28.188.239,18979,3714,22693
184.28.188.254,233,280,513
184.28.188.255,4130,2912,7042
184.28.188.31,179,97,276
184.28.188.38,6594,966,7560
184.28.188.56,2198,322,2520
184.28.188.78,2263,2679,4942
184.28.188.85,6705,138,6843
184.28.188.94,0,1940,1940
184.28.188.96,24182,16550,40732
184.28.30.13,12006,1825,13831
184.28.30.71,17421,2572,19993
184.28.36.25,123354,11633,134987
184.28.51.1,1090,5891,6981
184.28.51.184,252669,3847,256516
184.29.106.135,0,0,0
184.29.11.76,4125,820,4945
184.29.45.102,24992,1279,26271
184.29.46.232,0,0,0
184.29.47.167,18340,2816,21156
184.29.58.13,434,726,1160
184.29.58.144,78024,1145,79169
184.29.58.68,20744,932,21676
184.29.59.113,10569,321,10890
184.29.67.158,2076,460,2536
184.30.120.159,451614,1002,452616
184.30.141.20,1020,655,1675
184.31.151.155,31529,38146,69675
184.31.156.213,743,1438,2181
184.31.239.114,31454,148,31602
184.31.65.101,171765,8088,179853
184.31.65.232,20952,2280,23232
184.31.65.238,82658,13794,96452
184.31.65.3,66240,705,66945
184.31.66.16,8299,1326,9625
184.31.66.9,44516,1736,46252
184.31.67.11,1484,1856,3340
184.31.67.252,3276,14150,17426
184.31.67.94,1859,2655,4514
184.31.69.242,4607,3448,8055
184.31.69.55,769359,59564,828923
184.31.69.72,12819,2118,14937
184.31.70.185,28665,776,29441
184.31.70.235,563360,99396,662756
184.31.71.225,42780,454,43234
184.31.71.245,9010,1829,10839
184.31.71.80,17616,2198,19814
184.31.72.121,136754,9749,146503
184.31.72.165,14,386,400
184.31.72.212,291637,37896,329533
184.31.72.35,1703,254,1957
184.31.72.66,91004,17361,108365
184.31.73.106,9389,1883,11272
184.31.73.154,436,379,815
184.31.73.174,75559,3541,79100
184.31.74.174,18818,1025,19843
184.31.74.87,27582,994,28576
184.31.75.203,71024,15745,86769
184.31.75.240,1496015,156018,1652033
184.31.75.76,745141,25320,770461
184.31.76.151,52892,687,53579
184.31.76.216,4173,557,4730
184.31.76.246,2112,1334,3446
184.50.1.215,7297,1602,8899
184.50.11.234,225,1762,1987
184.50.127.156,247,307,554
184.50.15.121,3310,896,4206
184.50.192.42,64795,6582,71377
184.50.193.44,83704,2729,86433
184.50.194.115,100745,13031,113776
184.50.194.28,235,450,685
184.50.195.195,72483111,29862,72512973
184.50.195.56,195251,14112,209363
184.50.196.154,3310,896,4206
184.50.197.15,44612,687,45299
184.50.199.101,21898,14009,35907
184.50.199.253,95980,444,96424
184.50.2.54,19308,2116,21424
184.50.200.126,3990,6683,10673
184.50.201.33,66674,8463,75137
184.50.201.45,22080,235,22315
184.50.201.97,2182448,13427,2195875
184.50.203.161,328,138,466
184.50.203.168,22007,5765,27772
184.50.204.249,416896,19032,435928
184.50.205.204,23005,3535,26540
184.50.206.120,44658,831,45489
184.50.207.132,1275810,22450,1298260
184.50.207.144,359535,7538,367073
184.50.207.58,5026,5282,10308
184.50.238.13,165694,2476,168170
184.50.238.14,419520,3869,423389
184.50.238.15,6493,2725,9218
184.50.238.24,3527,1783,5310
184.50.238.29,0,0,0
184.50.238.30,0,0,0
184.50.238.32,3946,1437,5383
184.50.27.47,24415,3660,28075
184.50.27.70,253823,56974,310797
184.50.87.103,1133,1362,2495
184.50.87.125,13420,370,13790
184.50.87.128,2037,2451,4488
184.50.87.152,6710,185,6895
184.50.87.190,13419,370,13789
184.50.87.193,27195,1182,28377
184.50.87.63,2266,2724,4990
184.50.87.80,6700,201,6901
184.50.87.86,437,56,493
184.50.90.132,7344,207,7551
184.50.91.131,34367,47365,81732
184.50.91.91,3859,2355,6214
184.50.92.237,2634,435,3069
184.51.108.14,0,258,258
184.51.108.69,56595,518,57113
184.51.126.111,419,65,484
184.51.126.112,838,130,968
184.51.126.85,5783,2545,8328
184.51.126.93,138329,1264,139593
184.51.126.94,2579,1357,3936
184.51.126.95,642,308,950
184.51.126.96,2371219,12878,2384097
184.51.198.101,8792,1288,10080
184.51.198.120,17104,407,17511
184.51.198.125,8552,199,8751
184.51.198.127,1771,1841,3612
184.51.198.142,1051,1541,2592
184.51.198.16,2430,608,3038
184.51.198.167,126,220,346
184.51.198.190,6718,182,6900
184.51.198.199,6710,182,6892
184.51.198.46,23335,5080,28415
184.51.198.72,309,180,489
184.51.198.85,40692,1090,41782
184.51.198.96,45539,8818,54357
184.51.200.63,27276,1115,28391
184.6.148.44,191301,2170250,2361551
184.72.212.140,636,2680,3316
184.72.220.13,8411469,3313611,11725080
184.72.224.159,11101,1845,12946
184.72.225.101,20050,16625,36675
184.72.234.59,541,2018,2559
184.72.238.113,6306,1137,7443
184.72.239.52,6454,3414,9868
184.72.241.0,287,404,691
184.72.242.89,3354243,1215132,4569375
184.72.244.62,6040,7991,14031
184.72.248.176,122601,6449,129050
184.72.253.32,1944891,895971,2840862
184.72.38.234,564,1246,1810
184.72.48.233,1134249,497711,1631960
184.72.51.28,6551,534,7085
184.72.60.206,31748,3044,34792
184.72.62.255,3331,3472,6803
184.73.148.64,769,218,987
184.73.154.207,2094,1150,3244
184.73.157.144,48548,8643,57191
184.73.159.237,72614,10616,83230
184.73.168.180,1173382,521768,1695150
184.73.172.245,5537,2535,8072
184.73.174.118,6306,1729,8035
184.73.174.148,46935,939,47874
184.73.178.70,0,0,0
184.73.186.194,2817656,1277422,4095078
184.73.187.255,28745,6454,35199
184.73.189.0,153,3209,3362
184.73.191.34,51,1222,1273
184.73.193.155,1787003,854655,2641658
184.73.207.188,13921,13377,27298
184.73.208.83,68146,13191,81337
184.73.211.234,56608,12413,69021
184.73.212.121,2502609,1133705,3636314
184.73.214.155,51,1244,1295
184.73.217.18,4855511,1850254,6705765
184.73.220.106,535547,69610,605157
184.73.220.132,213,671,884
184.73.226.105,6009,2387,8396
184.73.232.102,19303,2174,21477
184.73.237.225,12732,1929,14661
184.73.239.163,102,2407,2509
184.73.243.47,271,977,1248
184.73.247.225,6758,1430,8188
184.73.254.251,0,372,372
184.73.64.196,182705,3720,186425
184.80.40.53,0,0,0
184.84.147.185,5067,361,5428
184.84.88.159,118472,576,119048
184.85.223.135,106070,520,106590
184.86.168.159,2753006,37208,2790214
184.86.211.201,10839,433,11272
184.86.27.44,591172,683,591855
184.86.40.159,22772,204,22976
184.87.49.174,19242,390,19632
184.87.50.115,458,1184,1642
184.87.63.144,107994,643,108637
185.19.145.37,470211,48886,519097
185.19.145.38,3074,398,3472
185.21.152.92,1292,372,1664
185.21.216.146,3989709,37668,4027377
185.26.182.77,261222,571,261793
185.26.230.135,512,364,876
185.27.134.55,0,255,255
185.28.220.10,52069,7591,59660
185.28.220.7,282909,4416,287325
185.28.220.9,19426,2684,22110
185.31.40.182,5322,188,5510
185.49.145.74,1222,787,2009
185.49.145.92,353,331,684
185.49.84.121,3263008,18589,3281597
185.53.177.11,18313,800,19113
185.53.179.12,460,544,1004
185.54.150.85,1257,1573,2830
186.233.147.67,0,155,155
186.237.127.38,65747,252,65999
186.237.159.246,0,252,252
187.3.251.71,751,131,882
187.61.25.196,0,222,222
187.74.55.176,205,428,633
188.117.19.201,31331,1791,33122
188.120.243.223,0,270,270
188.121.36.244,2198,219,2417
188.121.62.149,93253,5779,99032
188.121.63.240,93886,252,94138
188.125.66.241,20532,2661,23193
188.128.213.17,355,138,493
188.132.206.185,0,4073,4073
188.138.122.28,11372,342,11714
188.165.0.221,3880,1640,5520
188.165.157.4,0,438,438
188.165.178.147,520065,44960,565025
188.165.19.114,675,1575,2250
188.165.195.35,67117,1067,68184
188.165.2.249,205133,6436,211569
188.165.210.67,33493,1496,34989
188.165.222.61,0,5687,5687
188.165.226.126,9319,2471,11790
188.165.49.154,54928,894,55822
188.190.120.79,5878,11760,17638
188.226.140.21,7244,1066,8310
188.226.208.0,0,1571,1571
188.37.181.130,1027225,45395,1072620
188.40.105.88,86328,4980,91308
188.40.57.192,39403,313,39716
188.40.60.201,0,1810,1810
188.5.4.101,0,2061,2061
188.87.78.115,2049,6601,8650
188.93.10.156,1527323,47657,1574980
189.112.179.103,0,255,255
189.197.181.69,6491130,48901,6540031
189.47.120.150,0,1448,1448
189.58.248.115,1514,255,1769
189.78.130.174,12441429,48649,12490078
189.85.20.18,93728,255,93983
190.191.83.255,124897,36826,161723
190.198.81.34,204,255,459
190.201.111.209,9277,631,9908
190.201.22.196,466,289,755
190.48.67.120,108,396,504
190.73.131.16,5366,255,5621
190.78.91.65,129,222,351
190.93.240.149,38845,3358,42203
190.93.240.160,0,0,0
190.93.240.194,15295,913,16208
190.93.240.20,188988,8797,197785
190.93.240.205,0,0,0
190.93.240.237,9306,1827,11133
190.93.241.149,5596,344,5940
190.93.241.20,3442,388,3830
190.93.241.205,208600,844,209444
190.93.241.70,25256,2441,27697
190.93.242.79,387365,6082,393447
190.93.244.105,103891,1949,105840
190.93.244.20,24346,33905,58251
190.93.244.35,574,352,926
190.93.244.63,849692,33184,882876
190.93.245.15,0,0,0
190.93.245.20,23452,2461,25913
190.93.245.63,1180456,48891,1229347
190.93.246.14,28980,536,29516
190.93.246.15,6593,311,6904
190.93.246.20,2551,3230,5781
190.93.246.35,141114,1371,142485
190.93.246.63,887167,39703,926870
190.93.247.14,0,680,680
190.93.247.63,2663983,77996,2741979
190.93.248.67,287071,8021,295092
190.93.249.67,682879,5749,688628
190.93.252.14,370705,9285,379990
190.93.253.14,225,568,793
191.178.48.88,0,252,252
191.232.80.60,146394,541978,688372
191.232.80.63,624511,1636417,2260928
191.232.80.67,907419,2491495,3398914
191.234.140.199,303,341,644
191.234.140.39,333,184,517
191.234.17.9,17218,9507,26725
191.234.4.55,1936986,57198,1994184
191.234.5.85,419450,309558,729008
191.234.55.182,548060,38204,586264
191.235.217.187,6214,17181,23395
191.235.218.112,5019,13870,18889
191.235.218.224,1434,4027,5461
191.235.218.24,10516,29155,39671
191.236.154.54,2595786,135723,2731509
191.236.155.68,3075587,4215864,7291451
191.236.29.166,131440,50337,181777
191.236.29.252,95294,39279,134573
191.236.29.82,105970,38778,144748
191.236.30.102,105152,39127,144279
191.236.30.82,108438,39752,148190
191.236.80.123,25682,2511,28193
191.237.154.226,111979,57556,169535
191.237.156.236,73871,36568,110439
191.237.159.54,131100,58208,189308
191.237.218.244,610756,39734,650490
191.237.32.139,502188,19458,521646
191.238.148.61,82150,32625,114775
191.238.149.152,62434,23734,86168
191.238.149.165,118015,46110,164125
191.238.45.2,2629,7270,9899
191.238.50.164,42303,118490,160793
191.238.53.22,4302,11935,16237
191.238.54.159,98580,38792,137372
191.238.54.163,10994,30801,41795
191.238.64.205,20843,955055,975898
191.239.1.166,257300,52658,309958
191.239.19.7,27223,5487,32710
191.239.20.191,5434,1188,6622
192.0.31.119,126754,4983,131737
192.0.32.13,324869,5595,330464
192.0.65.218,277,313,590
192.0.65.221,1056,927,1983
192.0.72.21,0,483,483
192.0.72.22,22947,1491,24438
192.0.72.26,0,3104,3104
192.0.72.27,68701,1277,69978
192.0.72.31,6338,396,6734
192.0.72.32,25914,1657,27571
192.0.76.8,141422,47731,189153
192.0.77.7,393484,42188,435672
192.0.78.17,35532,2674,38206
192.0.78.18,10279,1403,11682
192.0.78.23,7982,1392,9374
192.0.78.24,5977,223,6200
192.0.78.29,0,782,782
192.0.78.30,9617,851,10468
192.0.79.37,273,181,454
192.0.79.38,273,181,454
192.0.80.244,335602,59618,395220
192.0.80.245,165030,47495,212525
192.0.80.246,467010,150520,617530
192.0.80.247,658543,108243,766786
192.107.175.205,34324,706,35030
192.116.242.11,4252,1154,5406
192.124.27.127,2492,192,2684
192.126.112.205,6394,417,6811
192.126.115.75,352363,16040,368403
192.133.83.240,0,255,255
192.150.16.119,96605,614,97219
192.150.16.122,0,0,0
192.150.16.229,10171,4799,14970
192.150.16.69,2049797,195139,2244936
192.150.19.181,731,3445,4176
192.151.148.175,2646,364,3010
192.151.154.185,319,1065,1384
192.154.100.92,12393,717,13110
192.155.212.207,6684,1104,7788
192.155.212.208,10026,1582,11608
192.155.82.178,290932,3459,294391
192.155.83.81,18493,3254,21747
192.157.178.17,2367,731,3098
192.157.242.157,9566,2119,11685
192.161.147.6,956274,50423,1006697
192.169.58.135,229613,20301,249914
192.169.96.109,2998,364,3362
192.184.43.23,0,204,204
192.184.63.208,351638,41892,393530
192.184.88.148,167970,6570,174540
192.185.112.193,2140,448,2588
192.185.116.34,39014,7838,46852
192.185.17.132,86915,3338,90253
192.185.36.121,374,428,802
192.185.38.182,416033,34034,450067
192.185.41.190,1536,369,1905
192.185.48.181,13179,1796,14975
192.186.214.63,41021,2736,43757
192.186.237.6,568272,16775,585047
192.187.101.64,106647,6276,112923
192.187.112.239,1761,5003,6764
192.187.125.255,179045,439,179484
192.187.98.232,130427,2954,133381
192.193.133.165,1091281,65212,1156493
192.198.198.111,126902,36885,163787
192.200.113.138,221433,10974,232407
192.200.98.250,2074032,81222,2155254
192.210.206.231,1424,1016,2440
192.210.209.146,231300,21032,252332
192.210.58.24,123899,4930,128829
192.212.250.35,246,360,606
192.225.158.14,111426,46740,158166
192.225.225.252,29101,6037,35138
192.225.227.20,79265,11455,90720
192.229.144.190,645758,15529,661287
192.229.144.43,1640871,303395,1944266
192.229.145.205,51427299,1012486,52439785
192.229.163.21,4440481,12957,4453438
192.229.233.30,0,435,435
192.229.237.42,4726092,214940,4941032
192.229.237.48,37913,18860,56773
192.231.106.20,77820,1241,79061
192.232.249.188,666,2681,3347
192.240.175.22,100664,1386,102050
192.241.132.143,0,0,0
192.241.185.190,46377,5578,51955
192.241.186.156,76822,5689,82511
192.243.232.165,261,307,568
192.243.92.247,144857,2835,147692
192.254.189.242,54180,493,54673
192.254.191.188,1465720,16179,1481899
192.254.233.108,69735,3328,73063
192.254.91.73,3912,326,4238
192.254.91.74,59706,36409,96115
192.254.91.77,60125,35102,95227
192.30.252.133,6806129,1649057,8455186
192.30.252.134,5987094,1694214,7681308
192.30.252.135,6703368,1625147,8328515
192.30.252.136,7558318,1332156,8890474
192.30.252.141,979319,2377168,3356487
192.30.252.142,1158963,2572104,3731067
192.30.252.143,1024688,2107617,3132305
192.30.252.144,800970,1873350,2674320
192.30.252.149,470847,2919,473766
192.30.252.150,154837,2157,156994
192.30.252.151,1434111,2198,1436309
192.30.252.152,71178,1320,72498
192.30.252.158,4914449,181891,5096340
192.30.252.159,4431467,123838,4555305
192.30.252.91,277910,302343,580253
192.30.252.92,278693,292800,571493
192.30.252.93,401048,573064,974112
192.30.252.94,352967,411886,764853
192.30.252.95,246300,239235,485535
192.30.252.96,336644,264433,601077
192.33.252.11,510,413,923
192.33.31.61,20079,959,21038
192.5.151.196,99973,496,100469
192.64.147.157,2650,561,3211
192.65.40.31,548,523,1071
192.69.209.247,431752,2774,434526
192.73.244.176,2635,1061,3696
192.74.234.242,124103,9671,133774
192.74.246.144,20092,812,20904
192.74.246.146,1432,916,2348
192.80.13.208,1424,322,1746
192.80.13.39,838,130,968
192.80.13.46,419,65,484
192.80.13.77,8832,5710,14542
192.80.13.86,678,4589,5267
192.80.161.70,336,366,702
192.81.130.148,370048,5626,375674
192.81.131.114,144006,9666,153672
192.81.135.171,26100,2776,28876
192.81.221.221,1275,910,2185
192.88.209.254,43059,5127,48186
192.99.12.223,73979,19907,93886
192.99.150.178,879,381,1260
192.99.33.103,165060,376,165436
192.99.6.200,161483,1286,162769
193.1.132.176,1313,520,1833
193.1.193.71,2487231,16516,2503747
193.1.193.72,2832250,284,2832534
193.104.215.61,181388,1226,182614
193.104.215.67,6211,2800,9011
193.104.215.71,70161,19355,89516
193.105.145.163,0,0,0
193.106.248.76,0,4966,4966
193.113.4.175,676,892,1568
193.120.75.239,70949,1589,72538
193.120.75.240,75633,1356,76989
193.155.127.103,310130,44900,355030
193.167.239.15,0,0,0
193.169.104.6,637,426,1063
193.169.234.239,26556,23180,49736
193.178.146.22,3024,8268,11292
193.205.194.65,0,0,0
193.222.87.145,102393,2452,104845
193.222.87.208,9413,1277,10690
193.24.209.1,30592,7774,38366
193.28.86.126,7977,3234,11211
193.55.60.83,4535,1158,5693
193.58.238.21,26616105,22090,26638195
193.58.238.29,25142,12680,37822
193.85.184.21,88658,1995,90653
194.0.197.168,0,780,780
194.109.6.103,78561,7135,85696
194.109.6.96,54323,428,54751
194.109.6.97,629,428,1057
194.140.247.115,138,379,517
194.187.94.11,0,5426,5426
194.219.21.140,0,350,350
194.224.199.198,1704,869,2573
194.224.199.226,27632,832,28464
194.224.199.236,404,340,744
194.224.199.238,358,595,953
194.224.199.241,100658,9016,109674
194.28.175.22,0,8604,8604
195.149.210.216,293,2409,2702
195.154.166.196,324018,13103,337121
195.154.170.211,61746,4498092,4559838
195.154.231.48,93808,255,94063
195.170.168.12,129614,21465,151079
195.20.46.224,3016,770,3786
195.219.216.13,8747,2633,11380
195.219.216.53,1359,1626,2985
195.219.216.56,2416,5343,7759
195.219.216.63,248,582,830
195.219.217.127,248,559,807
195.219.217.62,116076,2308,118384
195.219.217.64,2198,322,2520
195.219.217.72,1940,2521,4461
195.219.217.80,44329,1825,46154
195.219.217.81,232,286,518
195.219.217.86,0,0,0
195.219.217.88,226,2451,2677
195.219.217.95,3395,4061,7456
195.219.217.97,5689,1281,6970
195.219.234.204,12568,2498,15066
195.22.26.253,2827,1529,4356
195.22.27.1,1211,1447,2658
195.22.27.2,1494,1317,2811
195.220.108.113,76560,712,77272
195.245.201.15,0,4136,4136
195.3.147.104,314798,9071,323869
195.42.179.207,6488,1132,7620
195.43.52.81,373,382,755
195.50.88.23,1072,1523,2595
195.50.88.24,8178,881,9059
195.54.48.14,35556,7049,42605
195.66.166.153,1450,261,1711
195.70.10.46,23820,3055,26875
195.81.24.111,0,791,791
195.93.85.14,7361,4556,11917
195.93.85.54,15926,728,16654
196.1.113.228,1791,255,2046
197.155.77.13,3782580,12073,3794653
197.89.118.253,3081,8779,11860
197.89.179.45,635684,33102,668786
198.1.133.74,307209,19622,326831
198.1.87.34,0,823,823
198.101.26.61,0,0,0
198.11.132.205,254,715,969
198.11.133.3,9573,3937,13510
198.11.172.247,10924,4931,15855
198.11.174.158,1017791,21015,1038806
198.11.181.57,3365699,41097,3406796
198.11.188.17,17857,1718,19575
198.11.188.9,56609,1561,58170
198.11.189.0,27342,200059,227401
198.11.217.204,82260,627,82887
198.11.254.221,0,1492,1492
198.143.143.41,107038,850930,957968
198.144.96.109,5432,6506,11938
198.144.96.110,3901,419,4320
198.144.96.118,1708,195,1903
198.144.96.119,1882,194,2076
198.144.96.125,5075,1455,6530
198.144.96.133,3803,356,4159
198.144.96.61,11175,5095,16270
198.144.96.63,248,660,908
198.144.96.64,1438,1824,3262
198.144.96.79,1158,2035,3193
198.145.13.27,522,664,1186
198.148.89.126,469485,18836,488321
198.148.92.61,727,257,984
198.148.92.63,922,587,1509
198.148.92.67,228,225,453
198.148.92.92,0,0,0
198.148.92.93,4362,2522,6884
198.15.135.0,92460,801,93261
198.15.135.23,674,821,1495
198.15.135.26,29466,3929,33395
198.172.88.103,179,97,276
198.172.88.14,12408,2463,14871
198.172.88.21,1358,1610,2968
198.172.88.229,4400,9008,13408
198.172.88.231,9064,3614,12678
198.172.88.232,248,654,902
198.172.88.240,13419,371,13790
198.172.88.248,13419,368,13787
198.172.88.29,1708,201,1909
198.172.88.46,1708,201,1909
198.172.88.62,232,286,518
198.172.88.77,7018,8448,15466
198.172.88.78,24698,16526,41224
198.172.88.86,3657,1894,5551
198.172.88.87,1940,487,2427
198.172.88.94,2198,322,2520
198.177.127.133,333615,21337,354952
198.178.127.25,1359,195,1554
198.185.19.56,6687,849,7536
198.186.193.239,13089,1415,14504
198.199.102.195,4769,1980,6749
198.199.118.117,389,266,655
198.199.66.180,86657,5035,91692
198.2.214.41,186791,11626,198417
198.200.50.156,194740,1792,196532
198.202.70.30,444,383,827
198.204.251.179,14090,1388,15478
198.208.86.26,10704,544,11248
198.211.31.140,294267,34641,328908
198.211.52.125,493,984,1477
198.211.52.126,425,985,1410
198.211.60.146,28039,4714,32753
198.23.250.146,1650,2893,4543
198.23.80.30,94392,690,95082
198.23.87.77,179791,616,180407
198.23.87.80,248186,690,248876
198.23.88.253,8059,2937,10996
198.232.124.102,47354,835,48189
198.232.124.140,16881,1230,18111
198.232.124.197,142156,3892,146048
198.232.124.201,805015,16612,821627
198.232.124.230,34019,25671,59690
198.232.124.62,6536,2124,8660
198.232.125.143,5122,472,5594
198.232.125.59,20457,1700,22157
198.24.174.91,0,1655,1655
198.245.49.139,465,812,1277
198.247.86.165,0,2368,2368
198.251.67.129,170447,391358,561805
198.251.67.131,20996,70838,91834
198.251.67.132,1486906,777795,2264701
198.252.106.78,40957,9573,50530
198.252.107.45,14555,11298,25853
198.252.109.96,10208,2450,12658
198.252.206.145,918039,78136,996175
198.252.206.146,111896,94233,206129
198.252.206.150,67023,12790,79813
198.252.206.154,8024,2220,10244
198.252.206.21,1931419,167086,2098505
198.252.206.22,236763,191295,428058
198.252.206.26,178212,35324,213536
198.252.206.30,56526,24323,80849
198.252.96.248,4295,326,4621
198.35.26.101,3793853,341541,4135394
198.35.26.111,6677939,274425,6952364
198.35.26.113,19812,1384,21196
198.35.26.117,6757902,369739,7127641
198.37.144.104,5216,11133,16349
198.37.144.97,3108,6203,9311
198.40.55.71,53979,1182,55161
198.40.55.83,33373,1904,35277
198.41.177.86,84775,1254,86029
198.41.190.43,15584,11149,26733
198.41.191.43,21126,6362,27488
198.41.202.19,96799,3887,100686
198.41.203.19,10632,836,11468
198.41.208.127,0,0,0
198.41.208.142,1083,385,1468
198.41.208.143,3418,2481,5899
198.41.208.145,843,1148,1991
198.41.209.128,7397,628,8025
198.41.209.141,946,497,1443
198.41.209.147,2660,2012,4672
198.41.209.148,1083,413,1496
198.41.214.12,204198,5617,209815
198.41.214.13,261129,9272,270401
198.41.214.159,4539,768,5307
198.41.215.11,187957,8902,196859
198.41.215.12,327006,12600,339606
198.41.215.13,150695,3573,154268
198.41.247.161,152829,10933,163762
198.41.247.162,5359,2308,7667
198.41.247.165,868,3631,4499
198.41.249.105,1111917,6344,1118261
198.41.249.11,174318,1605,175923
198.41.249.215,44395,6705,51100
198.41.249.51,0,0,0
198.41.30.202,288963,8240,297203
198.41.30.203,1808323,46681,1855004
198.41.30.204,1945736,18084,1963820
198.41.30.205,0,1099,1099
198.44.183.63,5544,458,6002
198.44.249.16,253013,36771,289784
198.44.250.90,67820,3216,71036
198.47.103.40,6718,184,6902
198.47.103.48,13420,366,13786
198.47.103.80,0,0,0
198.50.109.151,58236,1329,59565
198.50.200.163,93830,255,94085
198.50.200.209,2307977,16063,2324040
198.52.103.96,2658,1002,3660
198.52.106.15,220846,13560,234406
198.52.106.20,1190,712,1902
198.52.106.21,844,360,1204
198.54.233.87,9605,6149,15754
198.54.233.88,11746,7279,19025
198.57.152.158,2688,417,3105
198.57.202.253,0,1347,1347
198.57.30.36,1744,3500,5244
198.58.102.140,1373091,91468,1464559
198.58.104.134,1437105,60866,1497971
198.58.117.138,4094,1597,5691
198.58.117.50,0,9108,9108
198.58.117.94,174345,28425,202770
198.58.123.175,0,2674,2674
198.60.22.18,656082,1869,657951
198.61.150.246,3910277,537940,4448217
198.61.250.255,207536,18711,226247
198.7.31.54,1714,287,2001
198.71.196.40,2418,255,2673
198.71.59.202,111097,370208,481305
198.71.84.69,49876,1296,51172
198.71.92.152,250275,9150,259425
198.72.114.202,5310,1476,6786
198.74.114.60,55527,17651,73178
198.74.120.178,41400,1125,42525
198.74.120.206,8557,4174,12731
198.74.120.232,40210,2218,42428
198.74.57.201,4044,802,4846
198.84.60.203,599604,106529,706133
198.84.60.205,2052479,14780,2067259
198.87.188.13,4396,644,5040
198.87.188.21,867,899,1766
198.87.188.29,0,0,0
198.87.188.56,333482,15074,348556
198.89.124.184,33647,3500,37147
198.98.102.54,48250,13935,62185
198.98.120.92,494891,16328,511219
199.101.162.226,0,995,995
199.101.163.134,5717,4825,10542
199.102.165.97,770,735,1505
199.107.21.53,49320,1512,50832
199.115.105.27,22669,5013,27682
199.115.115.183,92179,1125,93304
199.115.119.75,0,0,0
199.115.119.92,0,0,0
199.116.179.114,0,681,681
199.119.126.73,2051841,110899,2162740
199.119.126.75,387853,28078,415931
199.119.136.159,16560,456,17016
199.15.212.23,0,0,0
199.15.213.165,1164588,10217,1174805
199.15.213.201,237141,13830,250971
199.15.213.216,1461,2028,3489
199.15.213.28,0,0,0
199.15.213.36,4333,1702,6035
199.15.213.40,3603,1127,4730
199.15.213.53,2684,3378,6062
199.15.214.170,6403,3568,9971
199.15.214.224,5952,13365,19317
199.15.215.117,204338,12309,216647
199.15.215.118,511,633,1144
199.15.215.126,3433,5239,8672
199.15.215.130,14412,2268,16680
199.15.215.136,325,441,766
199.15.215.179,0,0,0
199.15.215.183,6643,8577,15220
199.15.215.71,2995,3103,6098
199.16.156.125,84793,26471,111264
199.16.156.206,72575,29469,102044
199.16.156.246,61377,14331,75708
199.16.156.26,53136,51055,104191
199.16.156.57,86899,70633,157532
199.16.156.78,4531,1153,5684
199.16.157.110,103659,67880,171539
199.16.172.125,680,1520,2200
199.16.172.126,5528,5862,11390
199.166.0.205,33848,7486,41334
199.180.253.138,73565,6035,79600
199.180.254.61,11148,1290,12438
199.182.122.103,21667,5659,27326
199.188.106.102,1209,765,1974
199.188.204.148,1045690,37054,1082744
199.189.126.120,646747,35152,681899
199.19.70.161,4896,2763,7659
199.192.75.68,8741,3741,12482
199.193.117.49,240754,16961,257715
199.193.196.29,21280,15068,36348
199.195.140.23,9898,308,10206
199.195.248.115,1448,384,1832
199.201.110.83,221373,192,221565
199.239.182.151,22852,3288,26140
199.239.182.246,58090,1636,59726
199.239.182.248,11630,862,12492
199.239.183.15,374,565,939
199.239.183.21,1921,542,2463
199.255.32.38,325,356,681
199.255.32.39,29708,20121,49829
199.27.134.146,26559,8143,34702
199.27.134.204,82955,3510,86465
199.27.74.138,15958449,1383071,17341520
199.27.75.138,9851832,1094772,10946604
199.27.76.138,5851,422,6273
199.27.78.138,14519169,1217431,15736600
199.27.79.135,922058,61655,983713
199.27.79.180,0,861,861
199.27.79.198,337698,2895,340593
199.27.79.201,1574035,94175,1668210
199.27.79.69,197316,70899,268215
199.33.126.1,317,1015,1332
199.38.164.155,7617,3003,10620
199.38.164.160,782,1880,2662
199.38.164.161,2171,2279,4450
199.38.166.160,11231,3706,14937
199.38.166.170,530,404,934
199.47.168.117,43802,1519,45321
199.47.168.68,2357021,35386,2392407
199.48.164.250,13555,3813,17368
199.58.210.21,51107,4327,55434
199.58.87.115,0,0,0
199.59.148.15,577450,486766,1064216
199.59.148.16,14190,4828,19018
199.59.148.17,7852,7332,15184
199.59.148.87,254091,138804,392895
199.59.148.89,8885,3133,12018
199.59.149.203,620505,386142,1006647
199.59.149.205,14933,5222,20155
199.59.149.235,549376,749736,1299112
199.59.149.248,15729,3759,19488
199.59.150.12,251307,997964,1249271
199.59.150.44,1025127,352554,1377681
199.59.150.49,14888,7236,22124
199.59.243.125,11766,1487,13253
199.7.167.47,763,907,1670
199.79.48.116,0,446,446
199.79.62.20,490925,22930,513855
199.80.54.55,240629,3187,243816
199.83.128.156,2363310,121181,2484491
199.83.132.213,907,409,1316
199.83.133.32,25089,7615,32704
199.87.235.19,57880,10083,67963
199.93.47.128,197261,3651,200912
199.93.53.1,380952,14442,395394
199.96.156.202,231,182,413
199.96.156.236,547,189,736
199.96.57.11,3377897,143180,3521077
199.96.57.12,36557371,1378122,37935493
199.96.57.13,51880,37284,89164
2.1.1.7,0,4020,4020
2.110.181.226,732,896,1628
2.16.162.16,15500,3530,19030
2.16.189.243,317899,15677,333576
2.16.4.221,419,65,484
2.16.54.102,179,97,276
2.16.94.25,13528,2070,15598
2.16.95.236,1535,7179,8714
2.17.235.25,105220,15346,120566
2.17.45.20,405426,25062,430488
2.20.142.160,0,229,229
2.20.183.157,2900,2674,5574
2.20.183.168,5067,230,5297
2.20.183.173,3078,4288,7366
2.20.183.183,21586,936,22522
2.20.183.190,0,0,0
2.21.18.115,11419,2403,13822
2.21.237.219,138493,1079,139572
2.21.238.191,129461,219689,349150
2.21.239.191,23110,849,23959
2.21.31.144,118846,2855,121701
2.21.31.9,232684,42654,275338
2.21.61.20,204,131,335
2.22.133.168,150366,659,151025
2.22.139.32,95315,13224,108539
2.22.236.13,26401,6777,33178
2.22.236.21,0,0,0
2.22.236.22,5356,889,6245
2.22.236.37,4396,644,5040
2.22.236.62,1257,195,1452
2.22.236.64,7064,1090,8154
2.22.236.69,18973,10321,29294
2.22.244.229,8204,1988,10192
2.22.65.174,27345,320,27665
2.22.66.115,8377,1140,9517
2.22.72.102,14,738,752
2.22.73.97,4206,1045,5251
2.22.75.37,8316,1557,9873
2.22.77.137,107029,8144,115173
2.22.79.144,53665,366,54031
2.22.84.216,62879,1015,63894
2.22.90.148,4690,3344,8034
2.22.90.158,7780,862,8642
2.22.90.28,18851,3454,22305
2.223.36.192,1047684,124143,1171827
2.23.82.194,38089,1265,39354
2.23.91.37,634,3061,3695
2.23.95.168,2923,420,3343
2.49.4.240,37146,10163,47309
2.51.137.235,206,934,1140
2.92.237.187,997228,14165,1011393
20.139.56.5,0,2510,2510
200.117.237.47,586,2036,2622
200.131.32.75,0,63,63
200.195.138.51,93914,255,94169
200.236.31.8,653,233,886
200.25.233.133,0,252,252
200.46.24.119,3811,252,4063
200.97.6.136,93734,255,93989
201.143.137.252,1127,411,1538
202.10.77.201,6738,456,7194
202.10.77.46,26220,729,26949
202.100.198.81,15804,687,16491
202.100.200.208,1308,458,1766
202.100.202.24,29859,1398,31257
202.100.73.59,689100,12084,701184
202.100.74.245,823968,188145,1012113
202.100.74.255,318376,10204,328580
202.100.78.123,16560,456,17016
202.100.78.127,0,68,68
202.100.81.128,20400,1374,21774
202.100.85.202,67090,1800,68890
202.100.86.36,125580,674,126254
202.100.98.17,20730,1392,22122
202.101.111.151,9537,53,9590
202.101.165.231,903,340,1243
202.101.233.24,31740,908,32648
202.101.234.200,26624,690,27314
202.101.244.108,1323,184,1507
202.101.244.185,31740,681,32421
202.101.26.148,209383,8914,218297
202.101.42.182,336,893,1229
202.101.64.115,0,0,0
202.101.64.125,64704,46743,111447
202.102.100.2,32649438,723216,33372654
202.102.127.149,9541,53,9594
202.102.135.99,19703,1329,21032
202.102.144.56,13701,681,14382
202.102.144.81,189003,1356,190359
202.102.221.75,3720,450,4170
202.102.221.84,107821,3160,110981
202.102.227.28,193,551,744
202.102.227.34,99213,537,99750
202.102.251.255,23234,726,23960
202.102.253.82,540,446,986
202.102.27.76,18746,9585,28331
202.102.40.45,116032,1072,117104
202.102.41.95,32609,2431,35040
202.102.48.161,689868,46665,736533
202.102.48.66,131945,8276,140221
202.102.61.29,4560,949,5509
202.102.61.9,666,1509,2175
202.102.68.43,1387,1602,2989
202.102.68.44,3067,5029,8096
202.102.74.47,466842,817,467659
202.102.74.49,2140815,2938,2143753
202.102.74.54,952602,905,953507
202.102.76.1,398184,6447,404631
202.102.81.0,618487,87188,705675
202.102.81.107,8671,1099,9770
202.102.81.108,8071,1388,9459
202.102.81.109,5866,8190,14056
202.102.81.110,12203,1845,14048
202.102.81.111,17529,4578,22107
202.102.81.70,6198931,243560,6442491
202.102.81.71,4277560,212116,4489676
202.102.81.72,7097395,281221,7378616
202.102.81.73,4710113,202906,4913019
202.102.81.74,4772656,207909,4980565
202.102.81.75,6351026,242129,6593155
202.102.83.153,60720,1115,61835
202.102.85.63,9020,10758,19778
202.102.85.77,17485,446,17931
202.102.85.93,0,0,0
202.102.88.138,728477,1813,730290
202.102.88.140,2828626,2326,2830952
202.102.88.143,2804108,20020,2824128
202.102.88.147,881855,3650,885505
202.102.88.183,109177,3247,112424
202.102.88.188,522042,841,522883
202.102.88.189,5361794,4186,5365980
202.102.88.211,90166,509,90675
202.102.88.212,1885178,6762,1891940
202.102.88.215,3037476,35014,3072490
202.102.88.241,3059933,2750,3062683
202.102.88.244,1329676,15449,1345125
202.102.88.246,18342,899,19241
202.102.88.247,775962,771,776733
202.102.88.250,35880,1071,36951
202.102.89.79,5360,458,5818
202.102.89.89,17686,781,18467
202.102.90.122,107380,9727,117107
202.102.90.123,642967,29370,672337
202.102.90.95,1816961,28234,1845195
202.102.93.139,186702,875,187577
202.102.93.143,12866499,97205,12963704
202.102.93.144,85640,506,86146
202.102.93.177,402,337,739
202.102.93.182,1072695,2304,1074999
202.102.93.187,804540,533,805073
202.102.93.188,3549491,14358,3563849
202.102.93.190,68853,599,69452
202.102.94.124,39208,35672,74880
202.102.94.125,4522,4172,8694
202.102.94.126,15225,9875,25100
202.102.94.245,76194,41486,117680
202.102.94.249,236370,93363,329733
202.102.95.167,46920,1548,48468
202.102.95.241,403,1083,1486
202.102.99.250,443383,83293,526676
202.103.124.68,1524,273,1797
202.103.210.26,41400,696,42096
202.103.221.23,33532,1128,34660
202.103.229.163,16560,452,17012
202.103.39.41,16560,454,17014
202.104.101.144,17940,452,18392
202.104.101.212,37260,900,38160
202.104.120.56,1054,1695,2749
202.104.149.92,16560,456,17016
202.104.151.211,282280,27728,310008
202.104.177.107,27600,681,28281
202.104.188.145,16560,452,17012
202.104.205.80,16560,452,17012
202.104.208.144,526454,48001,574455
202.104.208.153,22080,452,22532
202.104.208.161,574,267,841
202.104.237.165,205974,2964,208938
202.104.237.173,32672,13063,45735
202.104.242.85,10720,450,11170
202.104.26.119,3336912,5183,3342095
202.105.124.170,484780,29907,514687
202.105.208.242,5679,268,5947
202.105.21.218,0,473,473
202.105.232.23,156088,16137,172225
202.105.232.28,841,2396,3237
202.105.235.193,265,182,447
202.105.50.145,24840,684,25524
202.105.62.246,397,115,512
202.106.106.155,20618,452,21070
202.106.156.147,1363,269,1632
202.106.162.231,20700,452,21152
202.106.169.181,793935,73544,867479
202.106.169.190,878,3723,4601
202.106.183.1,297,1916,2213
202.106.48.212,0,130,130
202.107.117.188,319176,882,320058
202.107.192.21,19380,498,19878
202.107.209.97,20700,448,21148
202.107.232.234,8957,19136,28093
202.107.233.116,3214,5090,8304
202.107.233.119,3237,966,4203
202.107.233.151,373334,10613,383947
202.107.233.152,645663,30056,675719
202.107.233.80,1181356,65911,1247267
202.107.233.85,1471684,13262,1484946
202.107.243.255,20614,948,21562
202.107.244.29,0,0,0
202.107.35.71,53044,1496,54540
202.108.119.198,678059,5992,684051
202.108.119.199,250519,4614,255133
202.108.12.60,407,351,758
202.108.124.235,1468,186,1654
202.108.14.155,965,399,1364
202.108.14.165,322,133,455
202.108.14.190,17001,2486,19487
202.108.14.236,379,617,996
202.108.14.32,321,266,587
202.108.14.81,436,1882,2318
202.108.154.206,47020,1150,48170
202.108.16.49,516,911,1427
202.108.16.50,222,560,782
202.108.2.173,121408,4461,125869
202.108.2.174,176562,1035,177597
202.108.212.71,371788,23502,395290
202.108.23.105,91713,24391,116104
202.108.23.110,4373,17462,21835
202.108.23.112,941,3972,4913
202.108.23.114,1803,2768,4571
202.108.23.138,115,1797,1912
202.108.23.140,8760,8937,17697
202.108.23.189,87136,132189,219325
202.108.23.238,1044,1476,2520
202.108.23.32,7695,7869,15564
202.108.23.34,26645,54867,81512
202.108.23.89,535908,34266,570174
202.108.23.90,411,1951,2362
202.108.249.242,22303,1223,23526
202.108.249.243,54863,2995,57858
202.108.249.245,0,0,0
202.108.249.255,62286,15206,77492
202.108.250.205,133127,11438,144565
202.108.250.240,298471,14474,312945
202.108.250.245,225027,17944,242971
202.108.250.253,668289,3116,671405
202.108.250.254,368264,751,369015
202.108.250.255,568886,82437,651323
202.108.253.42,143307,37665,180972
202.108.253.44,119071,109185,228256
202.108.253.62,11040,225,11265
202.108.255.211,251,350,601
202.108.255.217,612771,5499,618270
202.108.255.25,513,1880,2393
202.108.33.65,217474,129651,347125
202.108.33.75,5734,260,5994
202.108.33.83,0,0,0
202.108.33.84,17113,13031,30144
202.108.33.87,3899,7565,11464
202.108.33.88,288243,51827,340070
202.108.33.91,240,1852,2092
202.108.33.94,0,0,0
202.108.33.95,76104,16215,92319
202.108.35.53,6894,1130,8024
202.108.37.107,40459,74622,115081
202.108.44.1,366883,51174,418057
202.108.44.2,9319,11976,21295
202.108.5.138,2191378,102063,2293441
202.108.5.187,847757,21697,869454
202.108.5.189,2636340,245415,2881755
202.108.5.224,320678,10215,330893
202.108.59.123,21556,8991,30547
202.108.6.127,3732,15981,19713
202.108.6.233,229365,709263,938628
202.108.7.105,108632,3689,112321
202.108.7.138,8302,3852,12154
202.108.7.186,2586,1985,4571
202.108.7.191,3024,6899,9923
202.108.7.203,2815,1572,4387
202.108.7.228,921,1877,2798
202.108.9.118,271,562,833
202.108.90.127,20700,452,21152
202.108.90.74,824,368,1192
202.109.106.106,9683,9542,19225
202.109.106.108,8320,11539,19859
202.109.106.117,333,1051,1384
202.109.106.120,4458,1410,5868
202.109.106.121,716,1100,1816
202.109.106.126,13833,5414,19247
202.109.106.153,39979,57830,97809
202.109.106.59,4350,3347,7697
202.109.106.6,47648,5572,53220
202.109.143.51,922465,449,922914
202.109.182.148,9537,53,9590
202.109.187.110,368025,2302,370327
202.109.194.202,17688,684,18372
202.109.197.134,13227,687,13914
202.109.209.8,19320,448,19768
202.109.210.21,59698,1563,61261
202.109.228.191,237,154,391
202.109.244.207,47905,2208,50113
202.109.248.167,37501,3049,40550
202.109.255.76,17940,454,18394
202.11.166.55,1592792,23040,1615832
202.110.121.208,13800,458,14258
202.110.154.227,309,557,866
202.110.217.72,13800,454,14254
202.110.80.10,8679,3967,12646
202.110.80.11,34129,1477,35606
202.111.128.66,247483,3363,250846
202.111.175.67,18760,448,19208
202.112.114.33,3641,255,3896
202.112.128.124,56580,1135,57715
202.112.128.71,24744,1140,25884
202.112.181.24,40020,1155,41175
202.113.128.114,19320,504,19824
202.113.16.36,19244,468,19712
202.113.80.10,24840,454,25294
202.114.107.136,9698,452,10150
202.114.108.249,90701,905,91606
202.114.18.165,0,0,0
202.114.196.138,14788,946,15734
202.114.224.9,23460,456,23916
202.114.234.116,27600,456,28056
202.114.64.147,1183,267,1450
202.114.88.26,1453,268,1721
202.114.90.104,27600,687,28287
202.115.118.129,778,540,1318
202.115.22.226,5776118,433688,6209806
202.115.54.27,45462,2366,47828
202.115.64.151,18471,540,19011
202.115.65.158,1954,1384,3338
202.116.64.217,16560,462,17022
202.117.119.6,0,287,287
202.117.120.231,322426,10489,332915
202.117.120.234,16160,448,16608
202.117.61.31,9537,53,9590
202.118.1.69,27827,594,28421
202.118.32.41,16560,482,17042
202.118.40.11,16560,468,17028
202.118.80.2,27600,702,28302
202.119.25.75,1836907,18494,1855401
202.119.32.12,854722,13148,867870
202.120.127.135,24840,462,25302
202.120.188.109,5152,255,5407
202.120.189.128,10354,464,10818
202.120.80.155,3274,1211,4485
202.120.80.162,28,2068,2096
202.120.88.14,3548,976,4524
202.122.145.208,476247,150856,627103
202.122.145.209,530303,163733,694036
202.122.145.210,517942,143233,661175
202.122.145.219,559425,165897,725322
202.122.145.80,529702,183539,713241
202.122.145.81,475481,134452,609933
202.122.145.82,435040,146645,581685
202.122.145.91,614790,185863,800653
202.123.106.111,4010,7742,11752
202.123.107.26,3394,460,3854
202.123.107.27,21148,1131,22279
202.125.90.17,0,940,940
202.127.160.93,17324,192,17516
202.127.20.79,12420,681,13101
202.127.42.131,16560,474,17034
202.127.42.236,24180,960,25140
202.128.105.106,253559,78778,332337
202.130.106.47,715995,24659,740654
202.130.245.38,196134,5424,201558
202.131.200.75,4903,6300,11203
202.131.69.157,28980,693,29673
202.131.78.94,183504,3410,186914
202.139.251.172,492,697,1189
202.14.238.43,281377,6924,288301
202.141.160.115,0,0,0
202.141.160.119,48975834,90360,49066194
202.141.162.128,25472,2780,28252
202.152.177.135,16560,446,17006
202.152.183.87,21701,4322,26023
202.152.190.25,3966,534,4500
202.152.190.55,1403,267,1670
202.152.211.129,5154,464,5618
202.156.252.220,0,68,68
202.158.162.8,17330,454,17784
202.162.185.12,472554,2678,475232
202.162.187.12,2298,184,2482
202.168.194.227,0,0,0
202.172.28.116,920,3255,4175
202.173.11.36,8540,4941,13481
202.174.115.69,946,366,1312
202.177.203.129,239407,143510,382917
202.181.196.35,422,268,690
202.194.48.37,25490,452,25942
202.195.64.110,27600,454,28054
202.198.16.97,20122,1747,21869
202.198.176.10,471,183,654
202.199.128.130,57960,1362,59322
202.199.128.86,64444,1362,65806
202.200.112.19,24840,454,25294
202.200.59.12,16560,454,17014
202.201.1.190,9660,226,9886
202.201.18.30,22016,456,22472
202.204.80.117,64860,1120,65980
202.205.109.111,1694,611,2305
202.205.145.60,1141,269,1410
202.205.158.17,1323,186,1509
202.205.180.72,0,0,0
202.206.160.18,103182,2144,105326
202.206.64.184,17310,972,18282
202.207.14.106,9741,130,9871
202.207.177.47,245778,7536,253314
202.207.251.138,9537,53,9590
202.207.251.144,9537,53,9590
202.214.2.16,609,653,1262
202.216.58.169,45369,1396141,1441510
202.224.83.128,21853,1057,22910
202.228.189.13,487,138,625
202.230.15.206,86505,109529,196034
202.230.48.16,762,489,1251
202.230.48.17,758,552,1310
202.230.48.18,0,473,473
202.230.48.20,0,0,0
202.230.48.26,0,0,0
202.232.238.25,2737,2449,5186
202.248.110.248,46995,1140,48135
202.38.97.235,0,0,0
202.39.48.117,5205,882,6087
202.47.66.103,1421,1076,2497
202.55.10.146,0,0,0
202.55.10.160,0,0,0
202.55.10.194,0,0,0
202.58.9.205,14366,13469,27835
202.58.9.206,31318,15807,47125
202.6.244.148,137216,409,137625
202.60.112.13,60842,1074,61916
202.63.168.12,244,383,627
202.64.240.33,12850,1416,14266
202.65.214.139,153474,22601,176075
202.67.43.190,88391,4870,93261
202.69.21.63,19235,52283,71518
202.69.26.16,441801,49189,490990
202.69.26.18,608,1764,2372
202.69.26.23,238928,18478,257406
202.69.26.29,92700,13221,105921
202.69.26.53,43291,3605,46896
202.71.56.126,1122,4060,5182
202.72.54.23,20700,472,21172
202.75.216.171,20700,448,21148
202.75.216.32,84795,2135,86930
202.75.219.238,20175,1147,21322
202.75.220.10,10378,17453,27831
202.75.220.11,10974,26391,37365
202.75.220.12,9006,22904,31910
202.75.220.14,5559,13195,18754
202.75.220.15,3384,7039,10423
202.75.220.16,9069,19008,28077
202.75.220.17,3921,7530,11451
202.75.220.18,3180,5904,9084
202.75.220.19,2970,5716,8686
202.75.220.191,11818,458,12276
202.75.220.20,9792,23931,33723
202.75.220.22,1847,5396,7243
202.75.220.23,2020,4830,6850
202.75.220.24,84232,364122,448354
202.75.220.25,2246,5154,7400
202.75.220.26,9473,20404,29877
202.75.220.27,7642,16865,24507
202.75.220.28,4155,9034,13189
202.75.220.29,5109,12203,17312
202.75.220.30,8006,18062,26068
202.75.220.31,355267,182337,537604
202.75.220.32,10863,19287,30150
202.75.220.33,4909,11671,16580
202.75.220.35,14405,28305,42710
202.75.222.108,44988,1324,46312
202.75.222.139,22336,675,23011
202.75.222.169,81643,5951,87594
202.78.251.90,0,187,187
202.8.156.23,24840,450,25290
202.85.209.109,2976622,30166,3006788
202.85.213.27,49680,1160,50840
202.85.213.78,17514,450,17964
202.85.215.101,19320,450,19770
202.85.217.95,60720,1145,61865
202.85.218.212,40036,1755,41791
202.85.219.19,6847,312,7159
202.85.220.225,21662,1796,23458
202.85.221.143,23460,923,24383
202.86.214.112,16395,2166,18561
202.88.114.56,32143,146275,178418
202.88.114.57,21958,107306,129264
202.88.114.58,29627,136497,166124
202.89.232.130,45031,128051,173082
202.89.232.131,10357,9129,19486
202.89.232.76,36180,7734,43914
202.89.232.77,2458,962,3420
202.89.232.83,1109,646,1755
202.89.232.85,601,463,1064
202.89.232.99,23143,7700,30843
202.89.233.106,23225005,7445060,30670065
202.89.233.85,148128,8215,156343
202.89.233.89,434153,32400,466553
202.89.235.128,37189,27113,64302
202.91.227.136,1189,1901,3090
202.91.227.137,886,1137,2023
202.91.227.139,3570,5360,8930
202.91.227.140,737,832,1569
202.91.227.143,445,510,955
202.91.227.144,426,450,876
202.91.227.146,796,1236,2032
202.91.238.16,23460,452,23912
202.91.244.232,63988,816,64804
202.91.244.64,33120,908,34028
202.91.246.10,14546,1330,15876
202.91.246.143,27872,672,28544
202.91.247.135,212104,1057,213161
202.91.247.9,26220,372,26592
202.91.249.137,148679,8945,157624
202.91.250.124,437046,277851,714897
202.91.250.94,165282,22240,187522
202.91.251.136,2073,4951,7024
202.91.251.137,5141,11662,16803
202.91.251.138,3552,6516,10068
202.91.251.139,3074,4383,7457
202.91.251.140,2401,5278,7679
202.91.251.141,4289,8973,13262
202.91.251.143,6085,13139,19224
202.91.251.144,7002,15363,22365
202.91.251.145,9566,19678,29244
202.91.251.146,6062,14457,20519
202.92.185.147,0,130,130
202.96.127.177,16560,464,17024
202.96.140.82,5918,267,6185
202.96.155.115,2276,753,3029
202.96.155.145,5544,1883,7427
202.96.155.178,8751,5980,14731
202.96.155.254,108485,1356,109841
202.96.155.40,75729,10968,86697
202.96.191.236,59037,10361,69398
202.96.191.237,554390,804,555194
202.96.255.181,15333,3416,18749
202.96.57.27,2730,1386,4116
202.96.86.17,20700,681,21381
202.97.135.179,5120,458,5578
202.97.136.79,8387,934,9321
202.97.146.75,27954,4882,32836
202.97.174.215,0,0,0
202.97.174.243,52440,904,53344
202.97.177.51,12910,924,13834
202.97.181.96,16560,448,17008
202.97.187.232,473,271,744
202.97.199.24,358344,306929,665273
202.98.116.10,27600,470,28070
202.98.222.128,22080,458,22538
202.98.56.136,17940,446,18386
202.98.60.121,149132,4779,153911
202.99.195.24,430727,901,431628
202.99.20.239,69170,213,69383
202.99.20.251,10337,981,11318
202.99.219.235,16560,448,17008
202.99.223.108,5264,940,6204
202.99.45.45,22620,1492,24112
202.99.59.215,2633,228,2861
202.99.99.16,1664,266,1930
203.106.73.88,14571,6704,21275
203.110.169.150,80657,7820,88477
203.110.169.55,33063,4486,37549
203.110.169.83,201601,6890,208491
203.110.169.92,94956,6548,101504
203.114.101.220,10542,33665,44207
203.114.101.252,0,3301,3301
203.114.27.27,103651,1876,105527
203.117.37.109,0,5679,5679
203.124.11.224,602,378,980
203.124.119.6,4140,187,4327
203.124.13.110,16560,446,17006
203.124.13.142,16616,678,17294
203.124.13.81,11256,896,12152
203.124.14.75,3174,458,3632
203.130.41.236,24,179,203
203.130.41.237,18,131,149
203.130.41.51,18595,582,19177
203.130.41.52,394,3168,3562
203.130.41.79,20,119,139
203.130.41.99,539,804,1343
203.130.42.110,12313,9941,22254
203.130.42.111,27226,32253,59479
203.130.42.112,3877,5245,9122
203.130.42.113,1895,9060,10955
203.130.42.114,3329,8377,11706
203.130.42.115,8507,5431,13938
203.130.42.147,31294,926,32220
203.130.42.223,6469357,1276348,7745705
203.130.42.253,1843110,137971,1981081
203.130.42.88,17222,44830,62052
203.130.42.89,11560,25212,36772
203.130.42.90,15084,34705,49789
203.130.42.91,5863,14259,20122
203.130.42.92,8483,17994,26477
203.130.42.93,7081,17202,24283
203.130.42.94,1967,4288,6255
203.130.45.164,196413,75962,272375
203.130.45.165,356159,118627,474786
203.130.45.194,2828,2052,4880
203.130.46.161,151792,294427,446219
203.142.20.137,695452,22670,718122
203.148.56.13,2244,1374,3618
203.156.193.15,22198,996,23194
203.156.193.94,36575,11014,47589
203.156.199.146,71583,2087,73670
203.156.205.140,10184,458,10642
203.156.231.25,18499,6685,25184
203.156.231.26,16141,4519,20660
203.156.253.136,6035,942,6977
203.158.16.179,946,615,1561
203.158.22.223,35880,914,36794
203.161.176.52,2574,543,3117
203.161.176.72,565,593,1158
203.161.230.176,0,3456,3456
203.161.4.62,1424,366,1790
203.165.52.54,1723164,9616721,11339885
203.168.227.132,1042,671,1713
203.171.225.39,338263,71981,410244
203.171.226.13,330,787,1117
203.171.226.154,5176,446,5622
203.171.230.111,9616,456,10072
203.171.230.137,9537,52,9589
203.171.230.186,8584,448,9032
203.171.230.33,96560,9624,106184
203.171.230.60,11771,479,12250
203.171.232.78,51060,912,51972
203.171.233.88,32150,2303,34453
203.171.234.24,23460,456,23916
203.171.235.107,1330,2885,4215
203.171.236.125,1749,182,1931
203.171.236.157,16354,960,17314
203.171.236.27,17940,450,18390
203.171.236.66,33120,900,34020
203.171.236.89,10746,798,11544
203.171.237.14,19320,446,19766
203.171.237.162,1237056,21294,1258350
203.171.237.177,24245,1110,25355
203.171.237.208,40020,892,40912
203.174.45.200,395,182,577
203.183.62.208,598821,16352,615173
203.185.28.131,0,1978,1978
203.185.36.226,0,6670,6670
203.186.10.65,22491,2456,24947
203.186.246.42,3590,376,3966
203.186.75.203,3497,2331,5828
203.187.181.236,1323,272,1595
203.187.181.243,8934,529,9463
203.187.183.160,72122,1021,73143
203.190.124.16,15451,26531,41982
203.190.124.17,20485,26472,46957
203.190.124.18,18488,6489,24977
203.190.124.19,72444,44833,117277
203.190.124.20,29837,14790,44627
203.190.124.21,23789,7465,31254
203.190.124.22,10803,6343,17146
203.190.124.23,62963,23646,86609
203.190.124.24,38000,21276,59276
203.190.124.25,94925,56718,151643
203.190.124.26,25831,10895,36726
203.190.124.27,44693,17344,62037
203.190.124.28,44539,21018,65557
203.190.124.29,33887,32864,66751
203.190.124.30,36091,17304,53395
203.190.124.31,45617,22105,67722
203.190.124.32,37758,29799,67557
203.190.124.33,31299,14304,45603
203.190.124.34,2277,7027,9304
203.190.124.35,32732,59539,92271
203.190.126.18,891,424,1315
203.190.126.20,349024,13525,362549
203.190.126.21,146300,2236,148536
203.191.144.209,2238971,121305,2360276
203.191.148.20,12376,464,12840
203.191.149.39,2092,1013,3105
203.192.10.105,84058,50979,135037
203.192.147.156,470,359,829
203.192.2.75,121102,80923,202025
203.192.25.10,843159,61086,904245
203.192.25.9,1485,2616,4101
203.192.6.176,567552,8704,576256
203.192.6.177,447,516,963
203.192.7.69,5234,4449,9683
203.192.9.14,50789,13504,64293
203.192.9.17,7411,7402,14813
203.192.9.23,9988,3068,13056
203.192.9.26,9552,2047,11599
203.194.162.15,4481,1479,5960
203.195.128.123,3251,3249,6500
203.195.143.122,102172,49609,151781
203.195.143.131,55532,55403,110935
203.195.143.173,85129,46082,131211
203.195.143.26,26718,2642,29360
203.195.143.70,13256,393,13649
203.195.143.90,144429,2565,146994
203.195.144.242,41997,3810,45807
203.195.145.16,82994,27985,110979
203.195.146.153,408775,25524,434299
203.195.146.155,69741,9834,79575
203.195.146.198,26959,448,27407
203.195.147.2,331,538,869
203.195.148.247,625,1020,1645
203.195.150.218,16560,450,17010
203.195.160.54,7748,920,8668
203.195.162.86,382,399,781
203.195.166.204,2760,386,3146
203.195.184.145,8207,17461,25668
203.195.185.41,786236,18232,804468
203.195.186.79,158154,19808,177962
203.195.200.151,50543,1854,52397
203.195.204.70,7566,11282,18848
203.195.205.192,682628,26342,708970
203.195.207.183,26220,675,26895
203.195.208.112,27711,41559,69270
203.195.209.158,26976,41605,68581
203.195.210.183,1534483,10800,1545283
203.195.217.71,2134,947,3081
203.195.221.97,1242342,254531,1496873
203.199.57.86,0,2835,2835
203.205.143.158,824,1848,2672
203.207.196.170,39279,4753,44032
203.208.40.133,310681,35887,346568
203.208.40.134,19484,7488,26972
203.208.40.135,277581,12484,290065
203.208.40.136,208337,19534,227871
203.208.40.137,50678,25697,76375
203.208.40.138,25243,18050,43293
203.208.40.139,14159,4431,18590
203.208.40.140,25400,7204,32604
203.208.40.141,56410,74465,130875
203.208.40.142,32842,21009,53851
203.208.40.144,11349,2051,13400
203.208.40.145,0,0,0
203.208.40.147,33739,15524,49263
203.208.40.156,6611,5129,11740
203.208.40.157,0,0,0
203.208.40.158,4274,1117,5391
203.208.40.161,40555,1009,41564
203.208.40.163,44874,6589,51463
203.208.41.133,16545632,2875105,19420737
203.208.41.134,16384408,3031383,19415791
203.208.41.135,16249184,2607176,18856360
203.208.41.136,17695870,2647649,20343519
203.208.41.137,14609884,2763753,17373637
203.208.41.138,16858918,2632727,19491645
203.208.41.139,17605313,2808400,20413713
203.208.41.140,16405361,2618630,19023991
203.208.41.141,15782136,2618560,18400696
203.208.41.142,17834167,3095877,20930044
203.208.41.143,1152640,71384,1224024
203.208.41.144,2146440,115231,2261671
203.208.41.145,2774640,137487,2912127
203.208.41.147,17337036,2816714,20153750
203.208.41.148,84365,83478,167843
203.208.41.156,104241,78709,182950
203.208.41.157,75127,80543,155670
203.208.41.158,2187,2192,4379
203.208.41.159,0,443,443
203.208.41.160,11880659,967466,12848125
203.208.41.161,6912217,174033,7086250
203.208.41.163,14334906,4515211,18850117
203.208.41.164,117373,91482,208855
203.208.41.29,121309,591,121900
203.208.48.133,227734,85100,312834
203.208.48.134,470900,129835,600735
203.208.48.135,613796,68382,682178
203.208.48.136,175799,144541,320340
203.208.48.137,514480,96565,611045
203.208.48.138,996886,139405,1136291
203.208.48.139,148886,99986,248872
203.208.48.140,783990,126089,910079
203.208.48.141,430553,102594,533147
203.208.48.142,121780,79165,200945
203.208.48.143,25624,6205,31829
203.208.48.144,128123,11441,139564
203.208.48.145,22170,6091,28261
203.208.48.146,26406506,4201480,30607986
203.208.48.147,418916,96137,515053
203.208.48.148,4251,19444,23695
203.208.48.149,771733,62516,834249
203.208.48.150,2479343,107900,2587243
203.208.48.151,934304,86610,1020914
203.208.48.152,654995,70848,725843
203.208.48.153,1379048,91478,1470526
203.208.48.156,6754,9832,16586
203.208.48.157,2674,2048,4722
203.208.48.158,27555143,4298648,31853791
203.208.48.159,28430280,4974950,33405230
203.208.48.160,743604,280523,1024127
203.208.48.161,937220,391726,1328946
203.208.48.163,665732,332059,997791
203.208.48.164,22741,5444,28185
203.208.49.165,1214282,175028,1389310
203.208.49.166,732893,216437,949330
203.208.49.167,832543,204881,1037424
203.208.49.168,659289,137397,796686
203.208.49.169,558701,180884,739585
203.208.49.170,909406,132326,1041732
203.208.49.171,385205,118822,504027
203.208.49.172,1248682,174696,1423378
203.208.49.173,1273501,174180,1447681
203.208.49.174,1861389,175275,2036664
203.208.49.175,48130,1927,50057
203.208.49.176,920471,30783,951254
203.208.49.177,184330,14809,199139
203.208.49.178,43582370,6954783,50537153
203.208.49.179,458041,204235,662276
203.208.49.180,11760,10131,21891
203.208.49.181,1666569,126326,1792895
203.208.49.182,653043,107285,760328
203.208.49.183,1008309,116366,1124675
203.208.49.184,1348371,114949,1463320
203.208.49.185,1278658,92044,1370702
203.208.49.188,8359,17223,25582
203.208.49.189,25781,17534,43315
203.208.49.190,43722216,7384844,51107060
203.208.49.191,39404985,7177174,46582159
203.208.49.192,1877526,517193,2394719
203.208.49.193,1539380,545546,2084926
203.208.49.195,976538,313791,1290329
203.208.49.196,35161,24748,59909
203.208.50.133,64180,79096,143276
203.208.50.134,79206,58368,137574
203.208.50.135,35952,93834,129786
203.208.50.136,116245,96991,213236
203.208.50.137,47942,84342,132284
203.208.50.138,59334,66610,125944
203.208.50.139,96109,80184,176293
203.208.50.140,90618,19843,110461
203.208.50.141,111455,67420,178875
203.208.50.142,111442,186978,298420
203.208.50.143,0,0,0
203.208.50.145,71290,4346,75636
203.208.50.146,1194400,213447,1407847
203.208.50.147,59399,74246,133645
203.208.50.148,3224,7559,10783
203.208.50.149,9600,2028,11628
203.208.50.150,29184,3384,32568
203.208.50.151,13912,1381,15293
203.208.50.152,6466,886,7352
203.208.50.153,8793,2753,11546
203.208.50.156,2411,5820,8231
203.208.50.157,1791,4551,6342
203.208.50.158,1039919,140013,1179932
203.208.50.159,1256826,340989,1597815
203.208.50.160,96011,17853,113864
203.208.50.161,94420,9113,103533
203.208.50.163,656010,201758,857768
203.208.50.164,7443,8906,16349
203.208.52.133,92130,59204,151334
203.208.52.134,60938,53885,114823
203.208.52.135,67302,25267,92569
203.208.52.136,239434,154704,394138
203.208.52.137,216914,238576,455490
203.208.52.138,62859,40744,103603
203.208.52.139,52160,67882,120042
203.208.52.140,196570,56846,253416
203.208.52.141,22532,41938,64470
203.208.52.142,155154,92878,248032
203.208.52.144,3898,486,4384
203.208.52.145,189589,10572,200161
203.208.52.146,368526,104737,473263
203.208.52.147,108448,155386,263834
203.208.52.148,2924641,90534,3015175
203.208.52.150,15722,1551,17273
203.208.52.156,3180221,74722,3254943
203.208.52.157,3117149,111210,3228359
203.208.52.158,30744,18153,48897
203.208.52.159,217570,19745,237315
203.208.52.160,53719,11965,65684
203.208.52.161,14877,3111,17988
203.208.52.163,785606,155187,940793
203.208.52.164,2892625,101013,2993638
203.212.97.157,22145,44516,66661
203.218.177.83,581,396,977
203.218.82.9,2302,59228,61530
203.239.43.83,0,260,260
203.248.210.24,725,343,1068
203.42.8.213,744,354,1098
203.67.39.53,0,68,68
203.69.105.246,38174,1145,39319
203.73.6.99,495,789,1284
203.74.150.102,54465,49013,103478
203.74.150.7,5321715,53307,5375022
203.74.150.8,14744,17274,32018
203.74.150.9,7288,7086,14374
203.74.150.93,70292,1066,71358
203.75.237.93,9209,1758,10967
203.79.14.4,174923,2000,176923
203.81.17.135,32249979,5815584,38065563
203.81.17.198,58241,176507,234748
203.81.17.201,95423,85403,180826
203.81.17.204,489025,162901,651926
203.81.17.229,5047,2002,7049
203.81.17.231,56499,185694,242193
203.81.17.233,1238380,8153422,9391802
203.81.17.239,3456,600,4056
203.81.21.55,12420,228,12648
203.81.21.56,9660,228,9888
203.82.77.94,415462,4254,419716
203.84.197.14,91225,1340,92565
203.84.197.30,65534,6153,71687
203.84.197.32,15523,3490,19013
203.84.197.86,79554,2671,82225
203.84.197.87,28854,5369,34223
203.86.54.112,2192,376,2568
203.86.54.35,245381,13827,259208
203.86.74.184,19851547,817260,20668807
203.86.8.13,36562,1310,37872
203.88.192.102,3112,452,3564
203.88.197.107,30360,684,31044
203.88.210.84,192386,1329,193715
203.88.210.86,1252,961,2213
203.88.211.46,1431101,60358,1491459
203.90.151.144,68,91,159
203.90.218.119,460757,15808,476565
203.90.227.84,802,672,1474
203.90.239.204,1319216,14736,1333952
203.90.239.42,1107349,12609,1119958
203.90.242.131,17050,19858,36908
203.90.247.80,43134,1706,44840
203.90.247.82,4942,748,5690
203.90.247.88,50885,43568,94453
203.90.247.90,11150,863,12013
203.91.44.38,10638,896,11534
203.91.58.33,3968,970,4938
203.92.211.106,0,0,0
203.93.124.226,529010,62981,591991
203.99.163.146,168,138,306
204.0.54.71,744,2330,3074
204.0.55.158,41805,1259,43064
204.1.136.110,277,946,1223
204.1.136.29,14608,939,15547
204.1.136.30,207,185,392
204.1.136.31,6710,182,6892
204.1.136.38,3996,389,4385
204.1.136.77,6709,186,6895
204.1.136.80,6718,185,6903
204.1.136.86,2037,2451,4488
204.10.32.73,1370,985,2355
204.109.13.117,18548,797,19345
204.11.109.70,26882,33366,60248
204.11.109.71,30247,29850,60097
204.11.109.72,36117,42621,78738
204.11.109.73,57432,52358,109790
204.11.109.80,642,3052,3694
204.11.109.81,12003,5050,17053
204.11.109.82,25001,867,25868
204.11.109.83,28514,3394,31908
204.12.106.6,1795,184,1979
204.12.196.96,16080,454,16534
204.12.208.79,4300,1019,5319
204.12.240.223,330,1782,2112
204.12.240.225,1738,6795,8533
204.12.240.226,514,1774,2288
204.14.90.30,65498,5108,70606
204.14.91.74,248,183,431
204.147.113.16,46732,1488,48220
204.15.165.135,481102,6888,487990
204.152.205.96,10996,454,11450
204.154.110.160,3813,9898,13711
204.154.110.230,2709,5590,8299
204.154.110.234,2709,4776,7485
204.154.110.240,3261,6552,9813
204.154.110.246,2709,5033,7742
204.154.111.229,87846,15562,103408
204.154.111.231,2709,5538,8247
204.154.111.232,2709,5154,7863
204.154.111.236,2208,5630,7838
204.154.111.244,3261,6174,9435
204.154.111.246,2709,4859,7568
204.154.111.247,2204,4750,6954
204.154.111.249,3261,6178,9439
204.154.93.56,1044,366,1410
204.154.94.78,1390383,25029,1415412
204.154.94.84,399177,128591,527768
204.154.94.86,12275385,6841128,19116513
204.155.152.43,1446,259,1705
204.2.136.21,10252,460,10712
204.2.136.37,10344,476,10820
204.2.171.118,3171,3778,6949
204.2.171.79,19907,27162,47069
204.2.171.86,6626,6739,13365
204.2.171.87,1688,97,1785
204.2.171.94,3376,194,3570
204.2.197.207,26015,3507,29522
204.2.197.209,1475,4288,5763
204.201.160.45,289,296,585
204.201.160.70,1240,4763,6003
204.201.160.77,2901,3578,6479
204.236.129.28,12356,1915,14271
204.236.131.70,251912,3165,255077
204.236.135.226,3321,3520,6841
204.236.217.205,18918,5192,24110
204.236.218.4,1499630,767819,2267449
204.236.231.131,12974,6086,19060
204.236.231.158,71523,13990,85513
204.236.232.59,6306,1729,8035
204.236.234.183,2775,4656,7431
204.236.234.93,28379,11848,40227
204.236.238.173,414,365,779
204.246.164.168,456,418,874
204.246.169.171,456,413,869
204.54.36.75,774229,8617,782846
204.74.99.105,97,1499,1596
204.75.127.162,1162,384,1546
204.77.28.39,1421,6094,7515
204.77.30.91,6047,4547,10594
204.79.197.205,9937513,765309,10702822
204.79.197.208,157174,7632,164806
204.79.197.211,201409,24290,225699
204.79.197.213,1797335,1095633,2892968
204.79.197.215,157745,107795,265540
204.79.197.218,2409,2476,4885
204.79.197.219,2335026,818034,3153060
204.9.46.233,19320,922,20242
204.93.150.156,821882,21803,843685
204.93.183.33,20034,2286,22320
204.93.72.149,2490369,139912,2630281
205.160.30.150,6710,187,6897
205.160.30.157,6709,182,6891
205.164.14.79,13749,1638,15387
205.168.236.63,4396,644,5040
205.169.30.208,0,0,0
205.169.30.213,1584,1868,3452
205.169.30.216,248,565,813
205.169.30.222,248,622,870
205.169.30.232,86849,6429,93278
205.178.145.77,0,426,426
205.185.122.215,198309,8181,206490
205.185.208.16,36928,942,37870
205.185.216.15,679268,23097,702365
205.185.216.47,15911,12767,28678
205.186.164.83,52337,1688,54025
205.186.166.45,17992,3100,21092
205.186.179.193,160865,9299,170164
205.186.179.227,454,182,636
205.186.179.239,0,517,517
205.186.183.240,128847,4075,132922
205.186.184.3,0,186,186
205.196.120.11,96055,5323,101378
205.196.120.13,27681,39067,66748
205.203.131.208,3589,4538,8127
205.203.141.42,45146,1065,46211
205.204.125.158,19056,437,19493
205.204.125.159,60081,3118,63199
205.204.96.170,4231,4430,8661
205.204.96.233,18048,29471,47519
205.204.96.41,878,2382,3260
205.204.96.58,445,698,1143
205.210.186.116,131,1719,1850
205.210.187.213,131,1741,1872
205.216.27.150,6308,864,7172
205.217.167.21,856,1854,2710
205.217.169.117,1214,5513,6727
205.218.48.181,453,1165,1618
205.218.48.213,403,879,1282
205.251.209.31,456,412,868
205.251.212.10,53312,6394,59706
205.251.212.100,33254,2920,36174
205.251.212.104,40278,9820,50098
205.251.212.109,170083,2973,173056
205.251.212.110,339969,24792,364761
205.251.212.112,145323,8334,153657
205.251.212.116,6941,1852,8793
205.251.212.117,3798,633,4431
205.251.212.126,46500,5255,51755
205.251.212.129,700,892,1592
205.251.212.132,15031,2739,17770
205.251.212.133,22515,3490,26005
205.251.212.134,15794,887,16681
205.251.212.136,15920,418,16338
205.251.212.138,120088,3279,123367
205.251.212.142,8262,1028,9290
205.251.212.143,171132,56294,227426
205.251.212.144,326206,3472,329678
205.251.212.145,0,0,0
205.251.212.146,14747,1074,15821
205.251.212.148,31588,1774,33362
205.251.212.149,20157,2721,22878
205.251.212.151,177745,5978,183723
205.251.212.154,8063,6847,14910
205.251.212.155,9238,1437,10675
205.251.212.159,166730,2051,168781
205.251.212.166,788,469,1257
205.251.212.169,213662,7217,220879
205.251.212.17,18814,2777,21591
205.251.212.170,341956,16349,358305
205.251.212.172,0,0,0
205.251.212.174,456,473,929
205.251.212.175,2604,308,2912
205.251.212.182,0,0,0
205.251.212.185,4200,3366,7566
205.251.212.186,162777,4064,166841
205.251.212.195,41794,6581,48375
205.251.212.196,34509,4369,38878
205.251.212.202,0,0,0
205.251.212.205,58211,5566,63777
205.251.212.206,153835,9697,163532
205.251.212.207,75845,5851,81696
205.251.212.208,9456,2620,12076
205.251.212.21,668,1332,2000
205.251.212.211,2276,525,2801
205.251.212.213,100923,9805,110728
205.251.212.215,78114,1536,79650
205.251.212.216,0,200,200
205.251.212.217,60292,4375,64667
205.251.212.218,0,0,0
205.251.212.22,10675,5686,16361
205.251.212.220,117521,15671,133192
205.251.212.225,652,985,1637
205.251.212.226,19569,4123,23692
205.251.212.228,51516,482,51998
205.251.212.23,3879,936,4815
205.251.212.232,15495,1015,16510
205.251.212.234,73917,31188,105105
205.251.212.236,1602,410,2012
205.251.212.237,71425,465,71890
205.251.212.239,423,614,1037
205.251.212.24,0,0,0
205.251.212.241,21481,458,21939
205.251.212.242,44701,16317,61018
205.251.212.243,15031,3007,18038
205.251.212.255,4540,1194,5734
205.251.212.27,387447,15869,403316
205.251.212.28,959427,9559,968986
205.251.212.34,63949,1840,65789
205.251.212.36,60667,4874,65541
205.251.212.37,28074,867,28941
205.251.212.38,0,0,0
205.251.212.41,333144,5579,338723
205.251.212.42,5424,1523,6947
205.251.212.44,0,0,0
205.251.212.45,51121,29686,80807
205.251.212.46,345093,8173,353266
205.251.212.47,958,184,1142
205.251.212.50,652,1155,1807
205.251.212.51,0,0,0
205.251.212.52,892114,17127,909241
205.251.212.54,553884,13648,567532
205.251.212.56,206888,4989,211877
205.251.212.57,1521770,130138,1651908
205.251.212.62,6604,6720,13324
205.251.212.65,81740,28523,110263
205.251.212.67,0,0,0
205.251.212.69,373116,19992,393108
205.251.212.70,24468,4299,28767
205.251.212.71,61094,4574,65668
205.251.212.72,8883,2223,11106
205.251.212.74,456,418,874
205.251.212.76,326,605,931
205.251.212.79,55229,6705,61934
205.251.212.82,0,0,0
205.251.212.84,34600,3022,37622
205.251.212.86,0,0,0
205.251.212.9,6940,807,7747
205.251.212.90,48496,363,48859
205.251.212.91,3572,2465,6037
205.251.212.92,225055,26010,251065
205.251.212.94,2680,364,3044
205.251.212.96,22752,2740,25492
205.251.213.2,33636,3496,37132
205.251.215.104,0,0,0
205.251.215.118,0,0,0
205.251.215.121,456,451,907
205.251.215.145,456,402,858
205.251.215.149,456,385,841
205.251.215.159,0,0,0
205.251.215.16,456,546,1002
205.251.215.172,456,409,865
205.251.215.174,456,414,870
205.251.215.196,456,405,861
205.251.215.20,0,0,0
205.251.215.202,456,494,950
205.251.215.235,456,390,846
205.251.215.243,456,414,870
205.251.215.28,0,0,0
205.251.215.33,456,433,889
205.251.215.51,456,407,863
205.251.215.56,456,413,869
205.251.215.60,456,482,938
205.251.215.64,0,0,0
205.251.215.66,456,402,858
205.251.215.89,456,370,826
205.251.223.124,456,385,841
205.251.223.13,0,0,0
205.251.223.153,912,830,1742
205.251.235.56,288,50,338
205.251.242.103,1658,246,1904
205.251.242.108,2662675,988215,3650890
205.251.242.228,19550,6553,26103
205.251.242.55,5456,15336,20792
205.251.242.56,12519,35541,48060
205.251.251.104,456,418,874
205.251.251.105,456,475,931
205.251.251.16,456,385,841
205.251.251.19,912,838,1750
205.251.251.192,456,480,936
205.251.251.206,456,400,856
205.251.251.222,456,496,952
205.251.251.23,456,396,852
205.251.251.231,456,436,892
205.251.251.244,456,418,874
205.251.251.55,456,422,878
205.251.251.75,456,508,964
205.251.251.91,456,419,875
205.251.251.94,456,411,867
205.252.220.53,384830,38490,423320
206.155.68.22,302,1002,1304
206.16.239.158,519,2991,3510
206.16.239.98,65750,29333,95083
206.17.82.156,702,462,1164
206.17.92.85,7116,979,8095
206.188.28.162,191693,5851,197544
206.190.128.225,5202398,22438,5224836
206.190.140.73,28871,6106,34977
206.200.251.24,4080,368,4448
206.246.122.255,0,0,0
206.251.255.68,23174,4807,27981
206.251.255.69,3386,1019,4405
206.51.233.53,955,390,1345
206.72.192.9,0,814,814
207.135.71.136,3126,1182,4308
207.150.212.22,830,382,1212
207.154.5.13,4140,183,4323
207.171.14.216,12270,3315,15585
207.171.162.153,193792,818795,1012587
207.171.162.178,21818,43080,64898
207.171.162.218,6800,439,7239
207.171.162.223,161417,3382,164799
207.189.124.69,4974,2024,6998
207.198.110.43,1902,5524,7426
207.200.74.56,6936,1017,7953
207.210.220.20,0,2264,2264
207.210.46.254,330,125,455
207.211.224.203,5202540,22623,5225163
207.211.236.203,1840179,13688,1853867
207.224.159.24,2047,438,2485
207.224.159.31,12838,65852,78690
207.224.159.32,60959,174002,234961
207.224.159.72,26840,734,27574
207.224.159.86,6709,182,6891
207.226.141.140,5077,3406,8483
207.226.142.186,241976,19876,261852
207.226.142.29,1746259,21530,1767789
207.226.143.199,6968,1681,8649
207.226.143.34,1816,1664,3480
207.226.143.79,20601,672,21273
207.233.89.103,0,210,210
207.24.42.86,10782,6606,17388
207.244.66.216,5408,481,5889
207.244.71.219,0,0,0
207.244.72.14,142626,12553,155179
207.244.73.49,154235,5420,159655
207.244.80.238,2260103,15111,2275214
207.250.205.21,11161,950,12111
207.38.110.131,7304,4316,11620
207.46.101.34,534,3174,3708
207.46.11.207,39844,8990,48834
207.46.11.225,0,350,350
207.46.11.241,22155,3315,25470
207.46.113.55,585748,45376,631124
207.46.114.63,1046163,3683055,4729218
207.46.12.1,626,227,853
207.46.129.174,25910,5754,31664
207.46.60.181,574922,541123,1116045
207.46.8.1,1068,6360,7428
207.58.180.80,580,181,761
207.67.9.85,0,601,601
207.7.92.30,0,1400,1400
207.91.10.239,2204,255,2459
208.101.3.250,27680,1450,29130
208.105.144.72,2810,372,3182
208.106.169.102,3590,386,3976
208.106.251.33,1211,1172,2383
208.109.138.60,0,3181,3181
208.109.181.163,286326,966,287292
208.109.252.65,46920,1130,48050
208.111.145.246,381702,679,382381
208.111.148.11,102039,2316,104355
208.111.148.12,245335,11029,256364
208.111.149.157,11762,3140,14902
208.111.149.164,198335,5693,204028
208.111.40.96,7413,16554,23967
208.111.42.127,20351,4545,24896
208.113.137.11,418890,47086,465976
208.113.161.182,248044,13561,261605
208.113.168.59,1867743,6826,1874569
208.113.169.142,200318,21397,221715
208.113.170.34,38436,832,39268
208.113.209.82,46920,423,47343
208.115.228.111,6856,448,7304
208.117.236.243,10189,1260,11449
208.117.250.107,78153,12346,90499
208.117.251.117,10189,1260,11449
208.117.252.215,186348,692,187040
208.117.252.92,10189,1331,11520
208.117.255.214,0,0,0
208.118.235.156,6455,1043,7498
208.185.115.101,0,0,0
208.185.115.102,0,0,0
208.185.115.103,28573,16009,44582
208.185.115.104,834807,30870,865677
208.185.115.110,2225,388,2613
208.185.115.125,10343,6197,16540
208.185.115.126,744,2137,2881
208.185.115.127,33345,25675,59020
208.185.115.128,3844,2564,6408
208.185.115.13,6999,458,7457
208.185.115.134,1094,2646,3740
208.185.115.15,3077,3462,6539
208.185.115.16,5989,8880,14869
208.185.115.22,1672,969,2641
208.185.115.29,6710,185,6895
208.185.115.31,2168,2439,4607
208.185.115.32,0,0,0
208.185.115.40,496,1711,2207
208.185.115.46,496,1255,1751
208.185.115.47,21618,4226,25844
208.185.115.54,2645,2078,4723
208.185.115.61,496,2617,3113
208.185.115.63,1281,8645,9926
208.185.115.71,248,849,1097
208.185.115.80,15796,13239,29035
208.185.115.86,496,1426,1922
208.185.115.88,248,587,835
208.185.115.93,905,1076,1981
208.185.115.95,2047,413,2460
208.185.127.40,26162,472,26634
208.185.127.87,17453,723,18176
208.185.127.88,3042,2963,6005
208.43.122.136,226,474,700
208.43.122.150,1071,1763,2834
208.43.122.152,235,369,604
208.43.122.156,163,266,429
208.43.125.119,121752,14525,136277
208.43.241.183,3140,307,3447
208.43.46.98,3728,2801,6529
208.43.67.80,14632,407,15039
208.46.163.16,15105,11949,27054
208.46.163.241,32717,1603,34320
208.46.163.242,6674,1105,7779
208.46.163.31,3226,6910,10136
208.46.163.48,19321,28519,47840
208.46.163.69,0,0,0
208.46.163.70,85863,2838,88701
208.46.163.77,2608,622,3230
208.46.163.85,179,97,276
208.46.163.86,93536,666,94202
208.51.38.223,882,1084,1966
208.66.204.196,25087,4797,29884
208.67.220.128,6027,2387,8414
208.67.222.227,0,48,48
208.68.163.223,227883,245935,473818
208.71.121.24,10389,2666,13055
208.71.121.6,7157,4829,11986
208.71.122.199,1590,1255,2845
208.71.122.24,765,599,1364
208.71.122.6,1365,1504,2869
208.71.122.77,3677,2251,5928
208.73.211.183,0,373,373
208.73.211.200,0,874,874
208.73.211.204,0,334,334
208.74.205.49,287413,34661,322074
208.78.94.165,30834,1060,31894
208.8.165.148,60049,2050,62099
208.80.154.229,40563,4099,44662
208.80.154.239,179010,6354,185364
208.80.154.241,3246,465,3711
208.80.154.245,58190,3893,62083
208.80.58.71,587,1154,1741
208.81.164.157,1675349,565109,2240458
208.81.164.158,369060,14796,383856
208.81.165.208,2649414,143660,2793074
208.81.165.209,692,987,1679
208.81.166.142,242143,81037,323180
208.83.20.169,5139,10171,15310
208.88.145.118,300919,75904,376823
208.88.145.122,498667,335269,833936
208.88.145.6,266,380,646
208.88.145.86,22081,54347,76428
208.88.78.220,922218,1803,924021
208.89.12.70,3743,896,4639
208.89.13.138,224224,46257,270481
208.89.14.140,242245,25881,268126
208.89.14.151,67191,16966,84157
208.89.14.167,17997,494,18491
208.89.161.142,4374,351,4725
208.90.58.24,3660,4178,7838
208.91.0.15,6420,7589,14009
208.91.37.54,513,552,1065
208.92.236.189,166218,183601,349819
208.94.0.53,1377,1080,2457
208.94.122.136,50,999,1049
208.94.232.206,2280,7776,10056
208.97.151.250,5085,3459,8544
208.97.177.33,521,439,960
208.97.187.212,7371,703,8074
209.10.41.89,755,879,1634
209.107.203.101,59563,6505,66068
209.107.203.102,116773,858,117631
209.107.203.23,226662,37978,264640
209.107.203.24,59661,67483,127144
209.107.203.29,85557,21826,107383
209.107.203.30,123581,3688,127269
209.107.203.31,3412,2968,6380
209.107.203.32,445109,84006,529115
209.107.203.37,66764,12955,79719
209.107.203.38,35727,2754,38481
209.107.203.39,1981,2675,4656
209.107.203.40,248,578,826
209.107.203.45,7062,4549,11611
209.107.203.46,3673,604,4277
209.107.203.47,725214,66989,792203
209.107.203.48,97026,2865,99891
209.107.203.53,191418,121578,312996
209.107.203.54,17348025,48658,17396683
209.107.203.56,22080,226,22306
209.107.203.61,28521,1084,29605
209.107.203.62,248,447,695
209.107.203.63,86142,86812,172954
209.107.203.64,80959,65624,146583
209.107.203.69,10711,2789,13500
209.107.203.70,35753,5096,40849
209.107.203.71,244969,9661,254630
209.107.203.78,213462,160809,374271
209.107.203.80,246982,17156,264138
209.107.203.85,16183478,41297,16224775
209.107.203.86,93965,1034,94999
209.107.203.88,12423,7586,20009
209.107.203.93,620721,3409,624130
209.107.203.94,88266,9102,97368
209.107.203.95,301365,2002,303367
209.107.203.96,72248,5208,77456
209.11.136.183,281,376,657
209.116.151.117,6710,185,6895
209.116.151.119,5339,4541,9880
209.116.151.125,6169,5576,11745
209.116.151.136,11904,31978,43882
209.116.151.143,17713,690,18403
209.116.151.149,1359,1626,2985
209.116.151.158,80596,2539,83135
209.116.151.159,116307,3402,119709
209.116.151.167,1132,1346,2478
209.116.151.168,248,526,774
209.116.151.173,29608,4108,33716
209.116.151.174,539825,10201,550026
209.116.151.22,227710,8333,236043
209.116.151.23,3996,390,4386
209.116.151.29,324616,28638,353254
209.116.151.37,32395,11033,43428
209.116.151.54,171,310,481
209.116.151.77,7992,778,8770
209.116.151.80,3803,354,4157
209.116.151.86,7575,11291,18866
209.116.151.88,7992,778,8770
209.116.151.94,9470,2003,11473
209.118.111.15,25769,366,26135
209.126.106.187,0,4061,4061
209.128.119.148,5637,12532,18169
209.132.180.136,7922,1942,9864
209.132.183.74,129398,25253,154651
209.133.56.111,1437,927,2364
209.134.128.123,0,1036,1036
209.135.50.196,0,645,645
209.139.249.165,1795,370,2165
209.141.62.59,84599,400,84999
209.145.54.55,0,16390,16390
209.15.236.108,17970,2150,20120
209.160.29.227,63288,1575,64863
209.167.231.20,1669,2162,3831
209.167.231.22,1041,647,1688
209.167.231.23,244,498,742
209.169.10.136,0,0,0
209.17.4.13,296793,54731,351524
209.170.97.169,289,273,562
209.170.97.176,289,273,562
209.170.97.208,6710,182,6892
209.170.97.85,2198,322,2520
209.170.97.87,0,0,0
209.18.46.125,744,2341,3085
209.18.46.133,1672,1018,2690
209.18.46.173,248,802,1050
209.18.46.30,289,296,585
209.188.14.139,820163,28256,848419
209.190.55.55,74588,10368,84956
209.197.118.67,11067,3792,14859
209.197.3.18,1460,562,2022
209.197.3.25,580472,16831,597303
209.197.3.32,108303,1785,110088
209.197.79.102,66498,385,66883
209.20.68.1,8080,556,8636
209.20.75.81,1556220,40021,1596241
209.20.83.254,0,3861,3861
209.20.85.92,8280,372,8652
209.200.240.131,1830,504,2334
209.202.252.55,0,701,701
209.222.129.127,11537,2483,14020
209.222.129.128,16257,9118,25375
209.23.190.158,0,166,166
209.234.225.247,4835,2683,7518
209.235.2.195,2088,1106,3194
209.235.4.224,1012,3518,4530
209.239.169.230,5306,2184,7490
209.27.60.50,231494,2832,234326
209.35.190.106,1926253,108310,2034563
209.35.190.109,13944,7581,21525
209.46.48.151,2406,2842,5248
209.49.122.62,119949,5923,125872
209.61.193.25,468,421,889
209.73.153.17,17940,402,18342
209.73.156.51,2198692,165079,2363771
209.85.228.181,593984,772,594756
209.89.199.154,0,68,68
209.9.130.16,110061,10212,120273
209.9.130.18,1253,581,1834
209.95.36.34,1008,356,1364
209.97.59.76,0,596,596
210.116.161.77,4401221,10845945,15247166
210.124.118.163,256569,50584,307153
210.124.118.74,33768,1125,34893
210.124.164.215,416828,25281,442109
210.135.98.172,36121,714,36835
210.136.232.218,10131,1874,12005
210.14.128.136,41863,11363,53226
210.14.128.139,1662,2546,4208
210.14.128.204,16560,456,17016
210.14.129.0,8426,2006,10432
210.14.129.112,640,4405,5045
210.14.129.113,1280,10725,12005
210.14.129.129,39200,139587,178787
210.14.129.130,13191,39135,52326
210.14.129.45,9539,13839,23378
210.14.131.225,22972,40134,63106
210.14.133.157,49680,1140,50820
210.14.134.248,517240,4621,521861
210.14.137.17,5992,3476,9468
210.14.137.22,142419,114206,256625
210.14.138.91,44160,1120,45280
210.14.139.137,63822,60832,124654
210.14.139.138,28424,24332,52756
210.14.139.139,44901,47418,92319
210.14.139.141,91560,26635,118195
210.14.139.142,84323,31327,115650
210.14.139.143,20826,8721,29547
210.14.139.148,809231,1227880,2037111
210.14.139.149,21590,2029,23619
210.14.139.154,91133,18090,109223
210.14.139.161,43299,9259,52558
210.14.149.185,21172,10852,32024
210.14.149.76,7652,1370,9022
210.14.149.8,470,184,654
210.14.149.82,9819,9792,19611
210.14.150.169,28961,3875,32836
210.14.151.123,15180,454,15634
210.14.152.76,266339,139945,406284
210.14.155.140,843502,69057,912559
210.14.155.160,1237747,322250,1559997
210.14.155.205,273943,16095,290038
210.14.156.102,511659,10825,522484
210.14.156.121,1424,370,1794
210.14.158.109,0,0,0
210.14.159.7,30172,912,31084
210.14.67.185,112092,2067,114159
210.14.69.41,825459,24921,850380
210.14.70.22,41400,932,42332
210.14.71.255,13224,908,14132
210.14.78.49,17444,860,18304
210.14.79.119,29756,1774,31530
210.14.80.204,241233,6140,247373
210.140.131.139,146795,3076,149871
210.144.9.23,217,536,753
210.144.9.9,3999616,1511611,5511227
210.148.187.48,11730,288739,300469
210.150.32.179,7680,635,8315
210.151.8.130,5309,1076,6385
210.153.118.74,0,217,217
210.16.190.13,17190,446,17636
210.16.191.232,286831,9921,296752
210.16.191.239,16560,448,17008
210.16.192.2,2304,384,2688
210.160.193.168,48266,150018,198284
210.160.193.177,41800,50879,92679
210.160.193.178,12803,14484,27287
210.168.93.45,36502,2325,38827
210.168.93.72,46872,1472,48344
210.17.38.54,18736,1718,20454
210.17.38.61,113112,31447,144559
210.177.232.217,5508,450,5958
210.177.98.179,725581,218313,943894
210.183.56.59,444534,50874,495408
210.187.204.100,237303,48428,285731
210.188.194.229,592,188,780
210.192.104.32,1126318,15092,1141410
210.192.104.65,80470,1330,81800
210.192.104.75,1316067,146315,1462382
210.192.104.80,44160,460,44620
210.192.105.135,276230,25691,301921
210.192.106.11,71355,1928,73283
210.192.106.113,732386,202328,934714
210.192.106.134,55219,2727,57946
210.192.106.160,143641,2600,146241
210.192.106.176,583546,134940,718486
210.192.106.205,110400,1428,111828
210.192.106.224,239781,49563,289344
210.192.106.78,29358,386,29744
210.192.114.151,398656,15460,414116
210.192.114.157,2050189,35504,2085693
210.192.117.105,2536,960,3496
210.192.118.14,1337969,222190,1560159
210.192.118.16,2717,689,3406
210.195.251.28,4396472,30248,4426720
210.209.112.141,3387309,145622,3532931
210.209.116.48,290,90,380
210.209.122.109,1538,381,1919
210.209.122.61,31466,2688,34154
210.209.123.165,271569,8328,279897
210.209.124.182,243537,15215,258752
210.209.124.193,17940,460,18400
210.209.125.132,91283,8142,99425
210.209.69.113,6478,454,6932
210.209.69.94,25033,11248,36281
210.209.72.73,31740,678,32418
210.209.86.25,53648,4149,57797
210.209.93.121,16387,947,17334
210.209.93.38,13800,460,14260
210.209.94.122,349,831,1180
210.209.94.137,1208,374,1582
210.209.94.197,68083,9057,77140
210.209.94.62,6906,460,7366
210.209.95.151,4288,452,4740
210.21.10.232,213366,38039,251405
210.21.10.244,5085,5160,10245
210.21.113.161,1468,179,1647
210.21.118.125,45401,6503,51904
210.21.118.99,947,732,1679
210.21.25.78,6557,6836,13393
210.21.81.162,921330,1256,922586
210.21.85.13,160,70,230
210.21.96.194,29848,49812,79660
210.211.106.237,128781,1286,130067
210.211.125.155,173280,1311,174591
210.212.234.12,0,0,0
210.22.124.27,329021,11558,340579
210.22.194.160,67525,2688,70213
210.22.25.245,99418,35437,134855
210.22.95.70,0,278,278
210.244.112.201,2441,15825,18266
210.245.164.182,5464,1848,7312
210.27.80.131,0,0,0
210.28.80.31,11256,454,11710
210.31.198.76,7406,470,7876
210.32.157.187,12960,876,13836
210.32.158.236,0,0,0
210.34.0.17,29311,719,30030
210.34.0.222,24840,452,25292
210.34.240.254,22080,452,22532
210.34.73.44,30188,684,30872
210.35.74.155,19320,474,19794
210.35.96.25,11620,454,12074
210.35.96.59,743,226,969
210.39.18.241,15289,1195,16484
210.39.3.85,20422,928,21350
210.39.35.255,11040,482,11522
210.39.4.23,584354,157547,741901
210.43.0.15,20700,456,21156
210.44.176.146,1468,185,1653
210.44.176.55,19320,446,19766
210.44.48.41,18000,452,18452
210.44.8.26,10996,470,11466
210.45.117.138,0,260,260
210.45.241.205,31740,1026,32766
210.46.113.130,4601257,24663,4625920
210.46.97.20,29566,1372,30938
210.5.151.19,63439,2410,65849
210.5.156.24,2500981,199655,2700636
210.51.12.178,3024,1729,4753
210.51.12.55,51554,12511,64065
210.51.12.72,1006,462,1468
210.51.12.73,3425,460,3885
210.51.161.158,1708,644,2352
210.51.165.114,346320,777,347097
210.51.167.109,545770,104317,650087
210.51.167.113,0,1293,1293
210.51.167.118,1908,915,2823
210.51.167.64,45008,178296,223304
210.51.167.70,230945,13536,244481
210.51.167.82,385889,34260,420149
210.51.167.84,9242811,523626,9766437
210.51.167.91,1763,608,2371
210.51.17.168,39582,1348,40930
210.51.185.207,928357,252277,1180634
210.51.185.72,962,1346,2308
210.51.185.75,15413,6132,21545
210.51.2.143,917,399,1316
210.51.26.180,19320,462,19782
210.51.26.188,819,704,1523
210.51.3.30,12017,769,12786
210.51.46.24,73075,1344,74419
210.51.7.204,636,632,1268
210.51.9.151,20700,454,21154
210.52.216.197,36476,8361,44837
210.52.216.198,129505,23650,153155
210.52.217.104,31442,118148,149590
210.52.217.105,30404,114806,145210
210.52.217.132,334,557,891
210.52.217.140,118714,119540,238254
210.52.217.144,146642,139356,285998
210.52.217.147,4320,1729,6049
210.52.217.185,1000,2344,3344
210.52.218.1,214654,153178,367832
210.52.220.141,13470,444,13914
210.56.48.216,20700,450,21150
210.56.59.152,7580,1130,8710
210.6.103.64,0,986,986
210.6.75.231,537,776,1313
210.61.56.37,0,881,881
210.65.151.143,0,2106,2106
210.65.184.198,0,0,0
210.65.184.218,1476,350,1826
210.72.1.173,22088,1506,23594
210.72.138.215,33162,785,33947
210.72.145.49,0,0,0
210.72.2.196,42654,1376,44030
210.72.21.104,8786,460,9246
210.72.21.16,4882,1073,5955
210.72.3.214,41656,846,42502
210.72.9.45,41400,1250,42650
210.73.207.79,6738,1932,8670
210.73.207.85,76737,7811,84548
210.73.208.18,4041679,176444,4218123
210.73.211.55,69549,34725,104274
210.73.213.157,19320,458,19778
210.73.220.215,1287889,143532,1431421
210.73.220.216,1774576,116737,1891313
210.73.220.217,183094,26645,209739
210.73.220.218,211304,32517,243821
210.73.220.219,23116,2179,25295
210.73.220.221,12201,1213,13414
210.73.220.222,4613,1709,6322
210.73.32.43,705,11129,11834
210.73.45.78,22080,456,22536
210.73.64.15,1362706,15793,1378499
210.73.64.27,4310106,155792,4465898
210.73.64.53,1466,185,1651
210.73.64.58,23460,454,23914
210.73.64.59,40388,1928,42316
210.73.64.79,41400,1135,42535
210.73.66.189,13352,1135,14487
210.73.66.208,10397,15751,26148
210.73.66.32,119492,13174,132666
210.73.66.55,16132,681,16813
210.73.72.73,3367,185,3552
210.73.73.71,978,1459,2437
210.73.76.7,8100,1398,9498
210.73.77.9,34394,8639,43033
210.73.83.214,1378016,53687,1431703
210.73.88.157,19320,818,20138
210.74.152.255,28980,460,29440
210.75.194.172,1392318,413878,1806196
210.75.201.209,2643026,18410,2661436
210.75.206.142,9054,2282,11336
210.75.206.6,2051099,141914,2193013
210.75.206.7,308327,18133,326460
210.75.21.139,11040,458,11498
210.75.211.136,1089337,377011,1466348
210.75.211.178,5220,1372,6592
210.75.211.216,1575204,29175,1604379
210.75.211.236,727,382,1109
210.75.213.159,398582,14333,412915
210.75.213.170,37605,3265,40870
210.75.213.210,4099659,324038,4423697
210.75.218.10,51148,2872,54020
210.75.219.17,675009,33688,708697
210.75.219.6,1634278,2084508,3718786
210.75.240.10,27600,454,28054
210.75.240.144,234049,14217,248266
210.75.240.75,69331,2451,71782
210.75.241.88,355929,4235,360164
210.76.203.56,34076,1410,35486
210.76.65.66,30360,681,31041
210.76.67.66,74379,2085,76464
210.76.69.48,19320,684,20004
210.79.234.232,16560,452,17012
210.79.234.247,41,151,192
210.82.31.17,2862,366,3228
210.83.224.11,850434,102588,953022
210.83.224.12,480350,191569,671919
210.83.224.198,3759439,382801,4142240
210.83.224.20,120728,121035,241763
210.83.224.200,3773851,511138,4284989
210.83.224.202,250041,19597,269638
210.83.224.207,5311,1302,6613
210.83.224.208,378011,100838,478849
210.83.224.209,8963755,1291986,10255741
210.83.224.213,11714,3705,15419
210.83.224.214,6329115,48692,6377807
210.83.224.215,588763,65128,653891
210.83.224.216,740498,173121,913619
210.83.224.220,3563921,635017,4198938
210.83.224.225,4279764,101735,4381499
210.83.224.230,3269334,104428,3373762
210.83.224.233,3336,11388,14724
210.83.224.45,4105845,178774,4284619
210.83.225.23,3530,454,3984
210.83.231.42,7290,2580,9870
210.83.80.187,8280,227,8507
210.83.80.223,36078,3204,39282
210.83.80.255,9272,1354,10626
210.92.18.155,219320,20131,239451
210.92.18.208,68763,2046,70809
211.100.19.241,96960,5451,102411
211.100.23.203,75122,214923,290045
211.100.23.205,11817,7517,19334
211.100.28.9,47317,2041,49358
211.100.35.137,278418,9486,287904
211.100.40.30,96370,3555,99925
211.100.41.79,6873,1377,8250
211.100.42.111,20508,874,21382
211.100.5.159,8334,456,8790
211.101.12.135,1038,653,1691
211.101.133.151,424723,16370,441093
211.101.15.177,114032,9520,123552
211.101.15.212,1444,670,2114
211.101.15.245,19320,454,19774
211.101.18.243,1317705,25602,1343307
211.101.228.190,1787689,55527,1843216
211.101.31.180,975,3734,4709
211.102.90.107,6730155,39662,6769817
211.102.90.208,6160,535,6695
211.103.147.11,163628,16345,179973
211.103.153.233,35786,84321,120107
211.103.153.242,275,632,907
211.103.153.255,14935088,494928,15430016
211.103.154.11,17940,460,18400
211.103.154.14,392908,1560,394468
211.103.154.221,1179903,42936,1222839
211.103.154.3,5837,13447,19284
211.103.154.41,31523,4842,36365
211.103.154.43,1146044,95937,1241981
211.103.154.45,12249,1635,13884
211.103.158.48,63480,1344,64824
211.103.159.100,9418,11060,20478
211.103.159.102,8108,8780,16888
211.103.159.105,7446,8062,15508
211.103.159.106,6078,6570,12648
211.103.159.107,113664,9848,123512
211.103.159.110,12388,14114,26502
211.103.159.111,10096,11794,21890
211.103.159.112,13331,12934,26265
211.103.159.113,8794,9526,18320
211.103.159.114,11494,12450,23944
211.103.159.151,1693,728,2421
211.103.159.154,3389,2128,5517
211.103.159.155,848,700,1548
211.103.159.156,1775,1127,2902
211.103.159.157,3924,2396,6320
211.103.159.158,7023,2669,9692
211.103.159.159,8585,5697,14282
211.103.159.160,2400,1702,4102
211.103.159.162,3708,2397,6105
211.103.159.163,2400,1702,4102
211.103.159.164,3711,2397,6108
211.103.159.165,2400,1702,4102
211.103.159.166,3563,2605,6168
211.103.159.167,30988,34930,65918
211.103.159.168,10985,7399,18384
211.103.159.169,2400,1702,4102
211.103.159.170,2326,1806,4132
211.103.159.171,8437,5905,14342
211.103.159.172,7207,5365,12572
211.103.159.173,1237,799,2036
211.103.159.174,6111,4099,10210
211.103.159.175,1163,903,2066
211.103.159.78,19745,11716,31461
211.103.159.79,18993,11270,30263
211.103.159.80,13326,8456,21782
211.103.159.81,30714,11440,42154
211.103.159.82,34718,13451,48169
211.103.159.83,19873,13526,33399
211.103.159.84,34861,22486,57347
211.103.159.85,23479,10055,33534
211.103.159.86,48442,21453,69895
211.103.159.87,33376,17966,51342
211.103.159.88,25041,20548,45589
211.103.159.91,5253,2777,8030
211.103.159.96,7109,7766,14875
211.103.170.41,21456,448,21904
211.103.214.156,129527,1362,130889
211.104.160.202,1384,900,2284
211.104.160.21,458444,49202,507646
211.104.160.217,108882,9186,118068
211.11.101.175,31828,3078,34906
211.116.92.240,1853309,236948,2090257
211.124.144.155,0,708,708
211.13.164.90,3814038,35270,3849308
211.136.10.136,805839,99314,905153
211.136.10.61,19899,13101,33000
211.136.10.63,3685,2642,6327
211.136.164.162,119368,64731,184099
211.136.165.58,470539,26814,497353
211.136.236.95,0,0,0
211.136.25.140,606592,44316,650908
211.136.8.22,319977,3206,323183
211.136.8.26,44409211,109263,44518474
211.136.93.26,69872,12846,82718
211.136.93.53,4941145,486267,5427412
211.136.93.57,5843641,399869,6243510
211.137.148.89,5120,456,5576
211.137.181.206,10949,26214,37163
211.137.49.176,18772,14221,32993
211.137.72.73,80085,2706,82791
211.137.72.74,15673,4455,20128
211.138.196.130,13675,924,14599
211.138.224.65,15361,3689,19050
211.138.248.114,26220,450,26670
211.139.108.151,24536,2479,27015
211.140.17.122,1288,2567,3855
211.142.122.51,1026,450,1476
211.142.193.231,7864,1962,9826
211.142.193.233,5772,3401,9173
211.142.193.237,65254,11920,77174
211.142.193.239,1469,452,1921
211.142.194.177,376,651,1027
211.142.199.169,95608,52618,148226
211.142.199.171,4339,1557,5896
211.144.132.83,1399,863,2262
211.144.147.211,92105,28961,121066
211.144.151.206,24070,17073,41143
211.144.152.242,3172,452,3624
211.144.155.138,38640,1165,39805
211.144.214.11,38813,13870,52683
211.144.214.18,53054,15428,68482
211.144.216.155,34012,840,34852
211.144.218.233,1474380,23124,1497504
211.144.218.71,366275,38285,404560
211.144.33.107,292128,153183,445311
211.144.37.73,17992,924,18916
211.144.38.205,5570,1847,7417
211.144.38.218,16913,871,17784
211.144.71.39,1881,161,2042
211.144.71.53,122368,5974,128342
211.144.76.94,214646,30443,245089
211.144.85.145,16560,450,17010
211.147.133.41,3743047,17246117,20989164
211.147.133.42,1901837,39072,1940909
211.147.133.44,506410,16567,522977
211.147.133.49,6173,2265,8438
211.147.14.45,19184,269,19453
211.147.215.232,24840,684,25524
211.147.215.67,17286,1002,18288
211.147.230.23,31740,687,32427
211.147.230.92,19320,452,19772
211.147.232.20,654588,89589,744177
211.147.232.21,10747,5215,15962
211.147.232.71,2761,472,3233
211.147.232.77,291749,35565,327314
211.147.238.128,16560,690,17250
211.147.244.68,493799,26302,520101
211.147.247.159,23460,681,24141
211.147.247.217,381066,82242,463308
211.147.247.232,4272,3923,8195
211.147.247.247,28202,2288,30490
211.147.251.138,14076,1368,15444
211.147.251.83,5824,770,6594
211.147.251.96,11001,3890,14891
211.147.255.21,128340,1027,129367
211.147.4.36,10644979,5012958,15657937
211.147.4.37,2343153,775387,3118540
211.147.4.38,8271,10090,18361
211.147.4.54,2485256,358025,2843281
211.147.5.146,2086,385,2471
211.147.5.156,38356,3144,41500
211.147.5.168,27600,660,28260
211.147.5.180,164674,5116,169790
211.147.6.251,1506712,66941,1573653
211.147.67.174,262992,2230,265222
211.147.67.177,584805,17150,601955
211.147.7.117,16444,452,16896
211.147.7.58,49680,1140,50820
211.147.71.141,8010,1575,9585
211.147.75.247,2490261,91256,2581517
211.147.92.35,5290,4555,9845
211.147.92.74,207287,3878,211165
211.147.92.76,1730,541,2271
211.148.180.225,17940,448,18388
211.149.132.212,6404,480,6884
211.149.149.114,8818,693,9511
211.149.150.115,126312,978,127290
211.149.154.118,282024,1575,283599
211.149.154.174,17156,446,17602
211.149.156.145,676615,41180,717795
211.149.165.244,22080,452,22532
211.149.167.36,2268,868,3136
211.149.169.104,192039,302,192341
211.149.170.136,8280,378,8658
211.149.172.125,5077,705,5782
211.149.172.175,217561,14907,232468
211.149.187.171,16560,456,17016
211.149.191.128,79731,12556,92287
211.149.193.101,2736,1015,3751
211.149.195.149,73004,456,73460
211.149.195.81,42880,1692,44572
211.149.196.60,2760,1851,4611
211.149.198.221,25924,934,26858
211.149.206.240,58232,8969,67201
211.149.207.173,3274,450,3724
211.149.208.47,285772,1523,287295
211.149.218.138,12696896,67052,12763948
211.149.218.253,20222,1193,21415
211.149.218.64,2941992,251616,3193608
211.149.220.111,190973,380,191353
211.149.220.99,64476,1734,66210
211.149.221.149,4242,2847,7089
211.149.222.200,1984598,24756,2009354
211.149.224.205,168727,22184,190911
211.149.225.104,5360,224,5584
211.149.225.77,5360,224,5584
211.149.227.175,53263,11486,64749
211.149.227.43,5360,224,5584
211.149.227.88,20799,2874,23673
211.149.230.234,1793,1597,3390
211.149.230.92,304,645,949
211.149.231.191,3062086,485971,3548057
211.149.231.217,484524,12309,496833
211.149.234.45,662,903,1565
211.149.239.135,1047749,65015,1112764
211.149.253.102,2636820,47755,2684575
211.150.64.59,18461,7290,25751
211.150.65.31,1118380,34843,1153223
211.150.65.54,242,6055,6297
211.150.82.13,9307071,24764,9331835
211.150.98.106,121,378,499
211.151.0.63,408,946,1354
211.151.106.29,563,4566,5129
211.151.108.145,2841,1457,4298
211.151.108.157,43385,11803,55188
211.151.108.173,19893,7270,27163
211.151.108.43,47029,8178,55207
211.151.108.44,45490,1130,46620
211.151.108.46,237313,26379,263692
211.151.111.108,222412,131161,353573
211.151.111.109,943621,302766,1246387
211.151.111.110,735340,60682,796022
211.151.111.17,504989,47316,552305
211.151.111.187,103106,13584,116690
211.151.111.188,55360,9320,64680
211.151.111.35,182038,24313,206351
211.151.111.62,200070,294024,494094
211.151.111.68,3652,12038,15690
211.151.111.71,52429,30089,82518
211.151.111.74,785,1692,2477
211.151.111.76,1786,7688,9474
211.151.111.95,7812,8900,16712
211.151.111.98,134716,40898,175614
211.151.112.116,596741,675392,1272133
211.151.112.117,620471,576124,1196595
211.151.112.118,469842,625367,1095209
211.151.112.119,460044,629489,1089533
211.151.112.123,729440,1958672,2688112
211.151.112.124,739077,1763433,2502510
211.151.112.23,903027,62864,965891
211.151.112.24,317109,11496,328605
211.151.112.25,132435,53242,185677
211.151.112.26,72531,70532,143063
211.151.112.27,484900,327722,812622
211.151.112.28,108688,75835,184523
211.151.112.29,282928,153282,436210
211.151.112.30,201568,72422,273990
211.151.112.49,90397,81431,171828
211.151.112.50,2149,3967,6116
211.151.115.101,1248408,23118,1271526
211.151.115.102,1292338,18826,1311164
211.151.115.103,2437442,35340,2472782
211.151.115.120,1640,1989,3629
211.151.115.17,341310,2631,343941
211.151.115.18,718358,5172,723530
211.151.115.219,576,2984,3560
211.151.115.227,11989,35984,47973
211.151.115.228,3929,42036,45965
211.151.115.24,1249,3244,4493
211.151.115.243,19097,26843,45940
211.151.115.244,220454,254093,474547
211.151.115.245,4793,11618,16411
211.151.115.246,21727,38024,59751
211.151.115.29,89379,118526,207905
211.151.115.30,22673,147985,170658
211.151.115.88,856,3548,4404
211.151.115.89,705,1260,1965
211.151.115.90,4034,10888,14922
211.151.115.96,1618638,47255,1665893
211.151.115.97,2348429,48339,2396768
211.151.115.98,1957701,65806,2023507
211.151.116.1,450,1035,1485
211.151.116.18,670842,132153,802995
211.151.116.19,206361,157609,363970
211.151.116.2,2844,945,3789
211.151.116.9,37665,1172,38837
211.151.118.166,456567,150259,606826
211.151.118.28,22080,454,22534
211.151.12.199,176986,232725,409711
211.151.121.46,130996,128448,259444
211.151.122.187,7294479,713094,8007573
211.151.122.210,2905088,4384112,7289200
211.151.122.217,146155,10100,156255
211.151.122.244,387,1283,1670
211.151.122.246,463136,98255,561391
211.151.125.42,168268290,136636628,304904918
211.151.126.96,2464,10121,12585
211.151.130.211,47040,7117,54157
211.151.133.233,0,0,0
211.151.134.227,1182218,775209,1957427
211.151.139.215,0,622,622
211.151.140.246,9882,1031,10913
211.151.140.28,96212,18041,114253
211.151.141.186,13051,3053,16104
211.151.141.216,775872,217514,993386
211.151.141.237,953,571,1524
211.151.141.238,1740,755,2495
211.151.141.248,71908,19459,91367
211.151.142.28,605,1115,1720
211.151.142.34,9433,5223,14656
211.151.144.193,180880,3209,184089
211.151.146.182,1630,4453,6083
211.151.146.183,23892,10455,34347
211.151.156.210,2073,1507,3580
211.151.156.229,436,1890,2326
211.151.157.65,864,1106,1970
211.151.161.58,102063,182569,284632
211.151.161.74,219564,78830,298394
211.151.163.202,49791,17983,67774
211.151.163.9,13332,4487,17819
211.151.164.169,58823,540272,599095
211.151.165.121,596,1542,2138
211.151.168.148,78492,1890,80382
211.151.169.41,24839,17126,41965
211.151.170.101,1294702,305444,1600146
211.151.170.225,6162,7007,13169
211.151.170.86,2389,5278,7667
211.151.170.87,1998923,1992105,3991028
211.151.170.90,1417321,757849,2175170
211.151.170.92,107497,59468,166965
211.151.170.99,183242,92225,275467
211.151.171.226,1508294,320073,1828367
211.151.171.227,1820488,125246,1945734
211.151.172.159,3651,1106,4757
211.151.172.188,3427,452,3879
211.151.172.191,387,112,499
211.151.173.3,25289,8482,33771
211.151.175.15,3686,7201,10887
211.151.175.35,205,542,747
211.151.18.71,943615,1637640,2581255
211.151.18.72,72998,179895,252893
211.151.18.73,50537,369703,420240
211.151.180.154,209835,17391,227226
211.151.180.155,36797,11474,48271
211.151.181.207,478,1274,1752
211.151.181.208,7207,11949,19156
211.151.181.215,478,1228,1706
211.151.181.216,6136,9790,15926
211.151.181.222,487,770,1257
211.151.181.225,312,1021,1333
211.151.182.216,29658,1328,30986
211.151.189.174,148082,268404,416486
211.151.189.63,56580,1110,57690
211.151.194.56,2571463,2386226,4957689
211.151.194.57,1103722,2004497,3108219
211.151.195.201,101952,13668,115620
211.151.195.216,326221,112998,439219
211.151.195.219,4432165,1887743,6319908
211.151.195.220,18835,41703,60538
211.151.195.221,2219043,800271,3019314
211.151.195.222,9733198,1778773,11511971
211.151.195.223,5759614,5718973,11478587
211.151.196.0,3653950,812231,4466181
211.151.196.2,12398,13635,26033
211.151.196.3,1221,1938,3159
211.151.197.37,9288,6433,15721
211.151.197.83,16375728,2025657,18401385
211.151.209.97,4314,7058,11372
211.151.21.153,370,189,559
211.151.21.155,2696580,72771,2769351
211.151.213.11,7336,4092,11428
211.151.213.12,6272,3472,9744
211.151.213.13,5544,3069,8613
211.151.213.14,4984,2790,7774
211.151.213.164,99569,93780,193349
211.151.213.198,503,3492,3995
211.151.213.57,112725,340988,453713
211.151.22.16,114,189,303
211.151.22.55,20616,6410,27026
211.151.225.211,1937,4021,5958
211.151.225.218,5446,1541,6987
211.151.229.104,201833,727146,928979
211.151.229.107,293389,25709,319098
211.151.229.128,4680,1265,5945
211.151.229.242,337758,385439,723197
211.151.229.245,620927,500640,1121567
211.151.229.247,333752,414011,747763
211.151.229.85,742428,1409237,2151665
211.151.230.103,15456,2621,18077
211.151.230.16,13858,552,14410
211.151.230.37,282677,62776,345453
211.151.230.39,90545,8508,99053
211.151.230.82,197592,1443,199035
211.151.235.121,405109,125155,530264
211.151.235.148,12621,1716,14337
211.151.235.163,310720,33525,344245
211.151.235.51,37659,995,38654
211.151.235.57,244263,29255,273518
211.151.235.65,20531,48206,68737
211.151.235.75,129773,14077,143850
211.151.237.240,506884,181046,687930
211.151.24.13,3175611,5374449,8550060
211.151.24.14,9351,817,10168
211.151.24.15,378789,264328,643117
211.151.24.16,93162,45884,139046
211.151.24.18,365270,1015035,1380305
211.151.24.20,1203,2940,4143
211.151.24.22,19327,22823,42150
211.151.24.23,32037,630002,662039
211.151.24.31,137952,1265233,1403185
211.151.240.104,1142,541,1683
211.151.242.185,61796,4926,66722
211.151.242.186,4220,226,4446
211.151.242.187,528,790,1318
211.151.242.188,13960,460,14420
211.151.242.210,12731,1726,14457
211.151.242.211,23696,2334,26030
211.151.242.213,8496,1402,9898
211.151.242.225,7767,549,8316
211.151.242.243,29265,1016,30281
211.151.248.152,27600,524,28124
211.151.3.13,1128,1999,3127
211.151.3.24,24983,10428,35411
211.151.3.25,162665,37935,200600
211.151.3.34,1285,10118,11403
211.151.3.35,70004,500975,570979
211.151.3.36,45245,274152,319397
211.151.3.40,2248,4543,6791
211.151.3.43,224,553,777
211.151.3.52,674,1827,2501
211.151.3.56,466984,394744,861728
211.151.3.58,116160,23119,139279
211.151.3.60,87280,122277,209557
211.151.3.62,69706,179128,248834
211.151.48.107,149,136,285
211.151.48.121,9660,224,9884
211.151.49.195,198761,56666,255427
211.151.49.27,123800,2735,126535
211.151.50.22,540,988,1528
211.151.50.23,84656,421143,505799
211.151.50.243,11220,55998,67218
211.151.50.244,5170,30148,35318
211.151.50.36,31068,48297,79365
211.151.51.159,11948,7907,19855
211.151.52.205,13800,448,14248
211.151.53.221,4922,543,5465
211.151.55.57,16560,452,17012
211.151.59.141,13800,442,14242
211.151.60.94,13426,934,14360
211.151.64.86,21770,597,22367
211.151.67.138,41663,1782,43445
211.151.68.241,49658,32555,82213
211.151.68.242,132618,346183,478801
211.151.76.10,35407,2112,37519
211.151.76.249,7988,11566,19554
211.151.76.250,11808,14748,26556
211.151.76.251,5336,7262,12598
211.151.76.255,382,478,860
211.151.76.50,40264,89357,129621
211.151.77.146,13620,38022,51642
211.151.79.161,14710,3060,17770
211.151.81.143,1380192,112131,1492323
211.151.82.231,1414,1441,2855
211.151.83.252,44124,1960,46084
211.151.84.147,1206,1957,3163
211.151.85.246,5541,535,6076
211.151.85.254,8572,6976,15548
211.151.9.18,664259,97101,761360
211.151.9.19,12756,9707,22463
211.151.9.20,21491,22856,44347
211.151.9.22,5318,1043,6361
211.151.9.28,13752,13507,27259
211.151.9.29,20040,1822,21862
211.151.9.32,400809,29211,430020
211.151.9.33,122365,368641,491006
211.151.9.37,44519,74881,119400
211.151.9.38,377005,156800,533805
211.151.9.41,749483,148918,898401
211.151.9.43,8813,13695,22508
211.151.9.44,831978,14876,846854
211.151.9.48,13076,1133,14209
211.151.9.50,48745,17325,66070
211.151.9.56,1126582,110668,1237250
211.151.9.68,336655,89242,425897
211.151.9.71,4878821,3912,4882733
211.151.9.77,34285,63357,97642
211.151.9.80,1526802,100651,1627453
211.151.9.89,3840,364,4204
211.151.90.25,1364,267,1631
211.151.91.112,809,868,1677
211.151.94.205,6356,2343,8699
211.151.97.25,24840,681,25521
211.152.0.45,603076,23752,626828
211.152.0.62,6176,35657,41833
211.152.100.76,6480,8506,14986
211.152.100.90,488,5657,6145
211.152.101.161,4502,10313,14815
211.152.121.36,2405,11066,13471
211.152.122.100,303173,147544,450717
211.152.122.125,5502,3980,9482
211.152.122.133,544,2344,2888
211.152.122.150,284848,75862,360710
211.152.122.161,20080,21775,41855
211.152.122.162,1150042,130327,1280369
211.152.122.28,179454,477892,657346
211.152.122.34,26916,88557,115473
211.152.122.39,69772,11621,81393
211.152.122.47,2664,11956,14620
211.152.122.51,49920,203475,253395
211.152.122.57,93538,8846,102384
211.152.122.60,4246,10404,14650
211.152.122.63,1832,6531,8363
211.152.122.66,914503,147345,1061848
211.152.122.80,8768,47088,55856
211.152.122.89,160309,40403,200712
211.152.122.97,378,1743,2121
211.152.123.100,2743,15279,18022
211.152.123.103,69859,10813,80672
211.152.123.106,61332,22500,83832
211.152.123.107,124813,15019,139832
211.152.123.123,13519,61882,75401
211.152.123.126,21129,29387,50516
211.152.123.131,655643,2573268,3228911
211.152.123.137,43729,77043,120772
211.152.123.143,53067,15822,68889
211.152.123.149,387023,113025,500048
211.152.123.150,3671,18934,22605
211.152.123.152,64344,8661,73005
211.152.123.162,233328,8996,242324
211.152.123.168,646,3631,4277
211.152.123.169,7615,13031,20646
211.152.123.183,419355,38640,457995
211.152.123.185,1464,2667,4131
211.152.123.195,54611,50963,105574
211.152.123.198,1498,4094,5592
211.152.123.205,202095,894891,1096986
211.152.123.219,99918,233074,332992
211.152.123.220,60958,37064,98022
211.152.123.222,325266,457442,782708
211.152.123.236,10048,3429,13477
211.152.123.246,18674,9375,28049
211.152.123.248,62267,103976,166243
211.152.123.250,24893,16450,41343
211.152.123.253,72133,112839,184972
211.152.123.254,449607,10980,460587
211.152.123.255,201589,132925,334514
211.152.123.29,166498,31020,197518
211.152.123.33,51425,108210,159635
211.152.123.37,66887,283918,350805
211.152.123.38,12596,6868,19464
211.152.123.39,111102,2717,113819
211.152.123.46,1348,4187,5535
211.152.123.58,160394,10964,171358
211.152.123.66,1864,4413,6277
211.152.123.73,5062,22066,27128
211.152.123.77,388,720,1108
211.152.123.80,6238,938,7176
211.152.34.90,2755,5405,8160
211.152.42.11,59703,3142,62845
211.152.45.92,24822,669,25491
211.152.49.111,180035,4278,184313
211.152.5.171,98595,13564,112159
211.152.5.172,67305,23634,90939
211.152.51.151,701880,14850,716730
211.152.53.207,14059,802,14861
211.152.53.25,510,1040,1550
211.152.55.220,116074,3495,119569
211.152.55.64,315071,14780,329851
211.152.55.65,19574,2930,22504
211.152.62.45,267151,1382,268533
211.152.7.217,964,1636,2600
211.152.98.137,5203,12540,17743
211.152.98.138,41978,16720,58698
211.152.98.15,21642,13605,35247
211.152.98.19,390,615,1005
211.152.98.20,8173,4088,12261
211.152.98.25,2069,841,2910
211.152.98.26,227,378,605
211.152.98.28,428,281,709
211.152.98.29,2956,632,3588
211.152.98.31,121,197,318
211.152.98.37,21536,2009,23545
211.152.98.39,453,756,1209
211.152.98.42,118,193,311
211.152.98.44,668,667,1335
211.152.98.46,2890,1655,4545
211.152.98.49,454,756,1210
211.152.98.58,786,554,1340
211.152.98.61,13133,6084,19217
211.152.98.62,113,189,302
211.152.98.64,133,209,342
211.152.98.65,24048,8485,32533
211.152.98.85,113,189,302
211.153.16.127,17481,672,18153
211.153.16.128,20700,448,21148
211.154.133.224,52440,1135,53575
211.154.135.209,45540,1130,46670
211.154.143.149,16560,458,17018
211.154.148.94,24840,675,25515
211.154.151.111,6118,2744,8862
211.154.151.112,3507,2960,6467
211.154.151.117,20776,16340,37116
211.154.151.125,54777,22241,77018
211.154.163.226,115627,2260,117887
211.154.164.195,28571,1429,30000
211.154.164.210,249594,27616,277210
211.154.164.211,8286,2090,10376
211.154.164.215,3722,2399,6121
211.154.166.175,141016,3066,144082
211.154.166.178,7335,828,8163
211.154.172.123,5108,7833,12941
211.154.172.31,2645,1877,4522
211.154.172.40,16053,8000,24053
211.154.254.42,4302,1268,5570
211.154.255.106,381,400,781
211.154.6.15,2646,3108,5754
211.155.224.7,1312,5118,6430
211.155.227.41,195402,7305,202707
211.155.227.43,178389,847,179236
211.155.227.46,127829,480,128309
211.155.228.48,146704,16700,163404
211.155.231.191,0,0,0
211.155.231.65,64469,17999,82468
211.155.25.72,28980,681,29661
211.155.80.83,99251,2472,101723
211.155.81.84,265034,2916,267950
211.155.82.183,3992795,120348,4113143
211.155.84.163,273043,76233,349276
211.155.85.170,510,1370,1880
211.155.85.89,15244,2257,17501
211.155.86.191,3171,696,3867
211.155.86.196,39054,2151,41205
211.155.86.59,394853,32134,426987
211.155.92.169,808845,17765,826610
211.155.92.208,145832,14555,160387
211.155.94.142,61974,1344,63318
211.155.94.207,6338,933,7271
211.155.95.42,673335,8299,681634
211.156.193.135,4560913,137639,4698552
211.156.194.183,7466,468,7934
211.156.198.87,3443,1043,4486
211.156.200.89,2914,932,3846
211.157.0.10,11200,450,11650
211.157.0.62,11332,450,11782
211.157.102.204,10668,938,11606
211.157.113.255,23460,452,23912
211.157.114.173,236288,5954,242242
211.157.132.114,113437,7527,120964
211.157.132.165,245250,17215,262465
211.157.132.189,307241,812,308053
211.157.134.15,400,623,1023
211.157.134.163,124732,12433,137165
211.157.134.17,441152,39555,480707
211.157.134.22,384643,3600,388243
211.157.134.43,99069,1854,100923
211.157.135.172,872,450,1322
211.157.135.227,178248,26622,204870
211.157.135.92,0,63,63
211.157.146.173,16560,456,17016
211.157.163.27,34500,687,35187
211.157.219.21,1940,1703,3643
211.157.219.22,1343721,64500,1408221
211.157.219.26,821,1735,2556
211.157.219.35,260743,36202,296945
211.157.219.59,1515763,32608,1548371
211.157.25.135,1571266,502515,2073781
211.157.25.144,884,12966,13850
211.157.25.147,175657,85774,261431
211.157.99.60,40020,1125,41145
211.159.67.182,16560,454,17014
211.161.149.145,5107,551,5658
211.161.149.155,2736,218,2954
211.161.150.179,245651,19591,265242
211.161.151.142,15180,2852,18032
211.162.51.39,3762,322,4084
211.162.51.53,112573,5562,118135
211.168.166.178,15876,7464,23340
211.168.166.184,270289,10973,281262
211.172.43.145,28353,161623,189976
211.20.209.50,287730,39736,327466
211.201.206.43,153692,616974,770666
211.21.30.200,323975,59445,383420
211.210.105.17,15155,807,15962
211.217.58.111,42246,21321,63567
211.234.87.60,2581770,52111,2633881
211.42.249.211,22080,454,22534
211.42.249.73,588299,7442,595741
211.5.133.23,0,673,673
211.64.192.9,16560,464,17024
211.68.208.44,8280,229,8509
211.68.208.59,6134,484,6618
211.68.70.179,0,0,0
211.70.217.141,5027,45399,50426
211.72.80.75,0,260,260
211.74.191.106,727,370,1097
211.79.60.22,689,441,1130
211.8.69.32,0,5901,5901
211.81.22.67,3464,456,3920
211.82.114.95,9698,452,10150
211.83.244.252,1907,1242,3149
211.86.241.147,45478,1150,46628
211.88.11.227,798,366,1164
211.88.12.156,23518,1595,25113
211.88.12.196,882,368,1250
211.88.2.49,824,306,1130
211.88.5.151,8280,675,8955
211.89.226.18,1896,2724,4620
211.90.25.53,135392,6679,142071
211.90.28.103,1953010,66000,2019010
211.90.28.17,217304,2784,220088
211.90.28.238,406771,13205,419976
211.90.28.31,23059,654,23713
211.90.28.36,63376,4692,68068
211.90.30.171,70965,1507,72472
211.90.30.33,131399,2522,133921
211.90.30.85,39075,6263,45338
211.90.30.89,0,0,0
211.90.31.42,17940,450,18390
211.94.187.241,7177733,5017974,12195707
211.94.188.152,231438,5953,237391
211.94.188.164,34500,675,35175
211.94.188.169,84702,12931,97633
211.94.69.126,645,786,1431
211.95.71.1,0,2619,2619
211.95.75.16,257891,4912,262803
211.95.75.29,4063,5778,9841
211.95.75.38,298,285,583
211.95.75.39,298,274,572
211.95.75.40,596,548,1144
211.95.75.42,226,379,605
211.95.79.87,432327,25869,458196
211.97.141.111,33466,1063,34529
211.98.48.103,19320,520,19840
211.99.188.207,29016,287908,316924
211.99.188.209,18825,199962,218787
211.99.188.210,454,953,1407
211.99.188.216,59964,60472,120436
211.99.188.221,1788866,673759,2462625
211.99.188.227,1752287,302096,2054383
211.99.188.230,261310,13769,275079
211.99.249.186,26220,448,26668
211.99.254.194,766259,62688,828947
211.99.254.195,300208,21837,322045
212.117.184.56,423838,4615,428453
212.117.185.153,977063,99,977162
212.117.185.154,37853,28472,66325
212.12.40.159,0,484,484
212.124.244.161,1142,376,1518
212.159.9.7,20358,404,20762
212.161.8.41,579,3091,3670
212.19.62.81,0,397,397
212.219.56.189,15915485,15124,15930609
212.235.109.75,2832,5464,8296
212.27.63.159,70964,720,71684
212.48.85.169,93866,255,94121
212.50.134.100,75521,4346,79867
212.58.246.217,4237,555,4792
212.58.246.95,18661,1923,20584
212.68.49.89,0,6770,6770
212.7.192.148,2854,1400,4254
212.7.23.44,6900,53,6953
212.71.232.179,514870,32856,547726
212.71.249.123,131,183,314
213.128.85.47,1971,2430,4401
213.133.104.116,38799,392,39191
213.133.111.107,0,138,138
213.138.111.169,4761,4863,9624
213.151.53.170,2131,615,2746
213.152.170.75,918261,720,918981
213.159.58.22,5019190,18547,5037737
213.165.83.181,51,732,783
213.174.130.61,15115,1617,16732
213.174.159.186,2755,2583,5338
213.175.208.135,2145,915,3060
213.175.212.11,53366,1130,54496
213.180.193.124,31917,8422,40339
213.180.193.8,533,54,587
213.180.204.95,3562,1003,4565
213.186.33.10,3283,8437,11720
213.186.33.23,332551,2956,335507
213.186.33.9,5713,413,6126
213.187.229.61,0,0,0
213.21.217.93,296,400,696
213.225.91.59,194640,1448,196088
213.239.201.242,34000,32039,66039
213.239.212.168,333161,5539,338700
213.243.44.63,0,1208,1208
213.41.44.44,0,315,315
213.63.128.75,10503,4376,14879
213.71.30.155,356,404,760
216.116.197.203,2764,376,3140
216.12.196.145,31219,43175,74394
216.12.198.157,3029499,19764,3049263
216.12.221.42,65043,175782,240825
216.120.27.26,8173,7310,15483
216.120.27.27,759,2288,3047
216.137.33.102,456,401,857
216.137.33.129,456,416,872
216.137.33.162,456,411,867
216.137.33.206,456,559,1015
216.137.33.75,30689,291,30980
216.137.33.78,456,385,841
216.137.39.157,456,524,980
216.137.39.237,456,405,861
216.137.39.93,456,412,868
216.137.43.117,456,385,841
216.137.52.196,47996,1496,49492
216.137.52.210,456,454,910
216.137.52.27,12244,388,12632
216.137.52.52,45816,761,46577
216.137.52.95,0,0,0
216.137.57.103,456,411,867
216.137.57.104,0,0,0
216.137.57.107,0,412,412
216.137.57.108,32109,291,32400
216.137.57.11,456,398,854
216.137.57.120,456,468,924
216.137.57.129,912,824,1736
216.137.57.132,456,425,881
216.137.57.138,456,419,875
216.137.57.145,0,0,0
216.137.57.192,61341,526,61867
216.137.57.212,0,0,0
216.137.57.214,0,0,0
216.137.57.22,0,0,0
216.137.57.224,456,385,841
216.137.57.227,0,0,0
216.137.57.238,0,0,0
216.137.57.24,456,385,841
216.137.57.241,119825,3199,123024
216.137.57.244,456,414,870
216.137.57.246,0,0,0
216.137.57.251,0,512,512
216.137.57.39,0,0,0
216.137.57.44,0,440,440
216.137.57.56,456,411,867
216.137.57.61,456,432,888
216.137.57.69,456,422,878
216.137.57.73,456,420,876
216.137.57.76,0,0,0
216.137.57.80,0,0,0
216.137.57.81,0,0,0
216.137.57.85,0,0,0
216.137.57.87,456,448,904
216.137.61.113,456,419,875
216.137.61.139,456,398,854
216.137.61.68,456,422,878
216.137.63.117,456,409,865
216.137.63.145,0,0,0
216.137.63.165,0,0,0
216.137.63.166,0,0,0
216.137.63.169,456,385,841
216.137.63.170,0,0,0
216.137.63.176,456,415,871
216.137.63.19,0,0,0
216.137.63.190,456,523,979
216.137.63.193,456,385,841
216.137.63.194,456,419,875
216.137.63.197,456,432,888
216.137.63.199,456,410,866
216.137.63.201,456,412,868
216.137.63.21,0,0,0
216.137.63.254,0,0,0
216.137.63.43,456,385,841
216.137.63.54,0,0,0
216.137.63.66,456,403,859
216.137.63.76,456,418,874
216.137.63.9,456,432,888
216.137.64.2,456,412,868
216.139.213.114,3146,9360,12506
216.139.213.149,0,11746,11746
216.144.247.232,0,500,500
216.146.46.15,0,2682,2682
216.156.211.16,98143,552,98695
216.156.211.38,12870337,549225,13419562
216.156.211.39,3352,520,3872
216.156.211.45,419,65,484
216.156.211.48,1257,195,1452
216.156.225.103,3803,643,4446
216.156.228.13,4473,4331,8804
216.156.228.16,232,286,518
216.156.228.32,6162,229,6391
216.156.228.37,5797,625,6422
216.156.228.38,20793,7949,28742
216.157.12.23,9998,1468,11466
216.158.89.103,25120,22678,47798
216.171.124.41,51,0,51
216.172.164.82,907253,11423,918676
216.172.61.94,0,613,613
216.178.47.35,9967,2207,12174
216.178.47.78,0,0,0
216.183.106.119,0,1024,1024
216.185.152.163,9365,710,10075
216.191.247.215,21774,1244,23018
216.21.239.202,511,255,766
216.229.100.9,3590,362,3952
216.230.241.105,0,733,733
216.239.32.26,22870,1255,24125
216.239.34.26,39476,1772,41248
216.239.36.26,126908,516,127424
216.239.38.26,281738,1890,283628
216.243.142.11,0,517,517
216.34.140.200,32505,525,33030
216.34.181.101,59638,5880,65518
216.34.181.102,29781,11462,41243
216.34.181.64,22233,31324,53557
216.34.181.65,593987,182734,776721
216.34.181.67,149,426,575
216.38.197.192,0,0,0
216.52.121.182,6499,7575,14074
216.52.203.18,314232,119911,434143
216.52.242.117,32288,7368,39656
216.58.192.19,7092,1290,8382
216.58.192.51,7092,1290,8382
216.58.208.83,31443,20286,51729
216.58.209.19,12837,13082,25919
216.58.209.211,5404,3103,8507
216.58.209.51,4614,3271,7885
216.58.210.115,5151,4403,9554
216.58.210.147,10627,7149,17776
216.58.210.40,3902,477,4379
216.58.210.51,6521,9310,15831
216.58.210.8,9525,3157,12682
216.58.210.83,17300,12099,29399
216.58.211.104,4641,1414,6055
216.58.211.19,8539,10291,18830
216.58.211.243,5310,2661,7971
216.58.211.72,3909,478,4387
216.58.212.115,22735,12478,35213
216.58.216.104,4487,1446,5933
216.58.216.115,21935,12288,34223
216.58.216.168,3877,477,4354
216.58.216.19,3911,4403,8314
216.58.216.200,4680,1421,6101
216.58.216.232,4591,1341,5932
216.58.216.243,30524,18414,48938
216.58.216.40,4589,1326,5915
216.58.216.51,7499,4791,12290
216.58.216.8,4486,1423,5909
216.58.217.19,17562,17198,34760
216.58.217.200,15604,1911,17515
216.58.218.179,10992,5926,16918
216.58.218.211,7820,13801,21621
216.58.219.104,3538,2231,5769
216.58.219.115,53345,32070,85415
216.58.219.168,12257,2281,14538
216.58.219.201,985,53,1038
216.58.219.211,4293,4192,8485
216.58.219.232,13268,3326,16594
216.58.219.51,4867,1617,6484
216.58.219.83,9849,5507,15356
216.58.220.104,3909,478,4387
216.58.220.115,6979,4313,11292
216.58.220.136,4486,1428,5914
216.58.220.147,3915,1865,5780
216.58.220.211,5623,1884,7507
216.58.220.239,10229,2146,12375
216.58.220.243,7594,568,8162
216.58.220.46,112027,7419,119446
216.58.220.51,15406,12871,28277
216.58.221.102,5447709,44142,5491851
216.58.221.104,942653,69868,1012521
216.58.221.105,122466,8599,131065
216.58.221.109,22484,16061,38545
216.58.221.110,54093,5488,59581
216.58.221.111,2834995,659621,3494616
216.58.221.114,49630,31957,81587
216.58.221.115,6468072,4868030,11336102
216.58.221.134,7042478,121436,7163914
216.58.221.136,1422104,100467,1522571
216.58.221.137,101446,18331,119777
216.58.221.139,94136,1181,95317
216.58.221.141,27897,373,28270
216.58.221.142,66279,2959,69238
216.58.221.143,2271035,920180,3191215
216.58.221.146,39346,19741,59087
216.58.221.147,4412846,3246896,7659742
216.58.221.166,10876000,213464,11089464
216.58.221.168,40096589,2979585,43076174
216.58.221.169,18745163,3206571,21951734
216.58.221.170,20486,3874,24360
216.58.221.174,920745,87066,1007811
216.58.221.175,1851051,496753,2347804
216.58.221.177,123194,7014,130208
216.58.221.179,8130804,2873486,11004290
216.58.221.19,30766,12132,42898
216.58.221.198,16684703,112858,16797561
216.58.221.200,36119102,3738836,39857938
216.58.221.201,16343447,3930169,20273616
216.58.221.202,1372,261,1633
216.58.221.203,170757,3180,173937
216.58.221.204,4516,2404,6920
216.58.221.206,545845,10732,556577
216.58.221.207,2253634,471972,2725606
216.58.221.209,1564330,49025,1613355
216.58.221.210,38310,18606,56916
216.58.221.211,13352196,2901378,16253574
216.58.221.38,1668492,68328,1736820
216.58.221.40,1268643,71211,1339854
216.58.221.41,51398,4703,56101
216.58.221.45,1528,2082,3610
216.58.221.46,182430,15691,198121
216.58.221.47,1906080,630338,2536418
216.58.221.5,37887520,9099139,46986659
216.58.221.51,5267185,2335734,7602919
216.58.221.70,4473171,154169,4627340
216.58.221.72,756694,52673,809367
216.58.221.73,193911,8147,202058
216.58.221.77,42098,2788,44886
216.58.221.78,190508,8107,198615
216.58.221.79,2542801,822362,3365163
216.58.221.83,13476705,3456252,16932957
216.58.222.19,5143,1550,6693
216.59.38.129,2278,3733,6011
216.70.69.60,11801,809,12610
216.70.88.182,130608,11894,142502
216.81.92.45,87,183,270
216.86.157.145,4140,185,4325
216.92.197.229,1444,181,1625
216.92.206.21,276,194,470
216.92.35.0,36102,1769,37871
216.92.59.97,26936,6431,33367
217.11.48.111,232245,6613,238858
217.112.40.99,0,216,216
217.114.92.126,197625,7890,205515
217.115.140.117,58787,19869,78656
217.12.15.157,883578,167209,1050787
217.140.101.125,12304690,79231,12383921
217.140.101.127,49229,362,49591
217.145.104.176,1882,4318,6200
217.146.21.8,3356,8885,12241
217.146.26.217,9,9,18
217.146.8.9,11771,78452,90223
217.147.180.119,35712,1843,37555
217.160.196.221,0,184,184
217.160.244.222,0,432,432
217.168.23.21,828,521,1349
217.17.46.140,0,52066,52066
217.174.249.212,84908,8130,93038
217.199.187.197,2664,189,2853
217.23.2.106,0,462,462
217.29.42.106,175561,11192,186753
217.31.202.35,448,409,857
217.31.205.58,27582,476,28058
217.31.205.65,460,138,598
217.31.54.29,8340,2375,10715
217.72.240.245,1405,185,1590
217.74.65.166,7734,1218,8952
217.89.106.32,101815,9087,110902
218.0.119.24,16557,32,16589
218.0.174.207,41,151,192
218.0.182.170,13677,105,13782
218.0.232.125,644,372,1016
218.0.3.55,20700,450,21150
218.10.120.173,41,151,192
218.101.112.120,598,617,1215
218.103.34.22,27631,7847,35478
218.104.54.90,98783,845,99628
218.104.72.50,741,130,871
218.106.159.77,408,5433,5841
218.106.246.153,140019,810,140829
218.106.247.102,1119519,32993,1152512
218.106.254.185,6324710,235233,6559943
218.107.207.106,16560,446,17006
218.107.207.42,47062,1392,48454
218.107.55.48,782,22173,22955
218.107.62.103,656,732,1388
218.107.62.153,7800,525,8325
218.107.62.50,396,609,1005
218.107.62.80,7131,1302,8433
218.107.63.227,5737,6291,12028
218.108.13.252,1118,144,1262
218.108.13.255,160,70,230
218.108.17.12,28980,675,29655
218.108.21.1,14282,450,14732
218.108.237.49,44029,941,44970
218.108.45.160,15804,672,16476
218.108.6.41,88195,7639,95834
218.108.6.42,31274,8724,39998
218.11.179.205,326624,7750,334374
218.11.180.223,421204,212004,633208
218.11.71.81,41,143,184
218.110.254.155,466,1434,1900
218.12.2.160,22888,948,23836
218.13.154.152,2391,4772,7163
218.13.90.169,4968,3217,8185
218.13.90.192,336,348,684
218.13.93.216,2542,615,3157
218.13.93.55,9537,53,9590
218.13.94.223,92,92,184
218.13.95.196,552,822,1374
218.14.149.203,0,68,68
218.14.151.152,19320,450,19770
218.14.155.16,133,212,345
218.14.175.124,6478,3725,10203
218.14.32.246,628,403,1031
218.144.46.146,41,151,192
218.15.113.167,15203,1166,16369
218.15.113.251,37142,3389,40531
218.15.154.109,22080,693,22773
218.15.154.111,46019,2365,48384
218.15.154.144,1710,454,2164
218.15.237.210,40844,1380,42224
218.16.102.183,2195,14144,16339
218.16.119.64,19320,448,19768
218.16.124.207,784,844,1628
218.16.124.212,1070843,75279,1146122
218.16.224.107,0,0,0
218.16.224.108,1566,848,2414
218.16.224.115,12420,221,12641
218.16.224.118,11040,221,11261
218.16.224.119,11040,221,11261
218.16.224.25,17940,442,18382
218.16.224.29,261934,8532,270466
218.16.227.143,392,422,814
218.16.229.184,105589,940,106529
218.161.2.111,385,330,715
218.164.0.188,809,4249,5058
218.164.138.22,0,143,143
218.164.27.48,0,130,130
218.166.87.243,0,68,68
218.17.220.255,13225,918,14143
218.17.223.86,33538,2652,36190
218.17.246.186,513,376,889
218.173.103.32,1454,892,2346
218.18.17.254,191,152,343
218.18.54.187,412,800,1212
218.18.57.154,2024,1136,3160
218.186.181.35,297,1626,1923
218.188.72.231,4134,368,4502
218.189.204.234,1020,255,1275
218.189.42.183,28942,448,29390
218.19.140.215,59347,448,59795
218.19.163.124,34122,2600,36722
218.19.200.207,306,796,1102
218.19.227.1,2950,8684,11634
218.19.42.137,1941,3806,5747
218.191.130.3,123,429,552
218.191.24.99,0,136,136
218.195.64.81,26220,454,26674
218.197.8.23,7425,926,8351
218.199.185.228,810013,2225,812238
218.199.42.71,1005,396,1401
218.2.0.136,222655,5101,227756
218.2.107.71,7329,5289,12618
218.2.112.243,460,393,853
218.2.129.88,93683,278446,372129
218.2.156.173,7380,454,7834
218.2.17.223,18224,998,19222
218.2.22.93,11868,450,12318
218.20.152.153,0,53,53
218.20.201.156,16986,684,17670
218.20.201.9,61512,2674,64186
218.200.160.46,194443,49145,243588
218.200.160.48,290499,19719,310218
218.200.228.245,6320620,50414,6371034
218.200.243.239,3585,15690,19275
218.201.171.71,8592,454,9046
218.203.14.125,355522,798,356320
218.203.192.3,19320,687,20007
218.204.130.63,2672,460,3132
218.205.130.82,8235,6250,14485
218.205.189.238,258710,75604,334314
218.205.199.153,2099569,293203,2392772
218.205.72.32,993,4586,5579
218.205.72.9,3502,2919,6421
218.205.76.100,281,476,757
218.205.76.111,53,92,145
218.205.76.115,261,300,561
218.205.76.117,90,158,248
218.205.76.118,90,158,248
218.205.76.119,0,228,228
218.205.76.129,865,382,1247
218.205.76.76,0,988,988
218.205.76.79,72095,366583,438678
218.205.76.80,64493,290980,355473
218.205.76.82,109,147,256
218.205.76.89,1209,1454,2663
218.205.76.93,53,87,140
218.205.76.95,0,532,532
218.205.76.97,0,1140,1140
218.205.76.99,45,84,129
218.205.81.135,0,741,741
218.205.81.139,658,638,1296
218.205.81.148,209,404,613
218.205.81.149,82,160,242
218.206.191.119,24181,9340,33521
218.206.203.251,2212,3944,6156
218.206.203.252,240283,16140,256423
218.207.105.169,11040,448,11488
218.207.200.65,17940,462,18402
218.21.128.108,474693,38541,513234
218.21.128.215,16560,458,17018
218.21.213.95,35880,696,36576
218.21.23.55,864,819556,820420
218.213.105.46,78505,1344,79849
218.213.105.51,239,430,669
218.213.235.241,440232,138484,578716
218.213.248.142,743,693,1436
218.22.0.152,18920,456,19376
218.22.1.72,43795,2400,46195
218.22.11.51,23040,1135,24175
218.22.11.55,1550,458,2008
218.22.11.65,48640,1145,49785
218.22.17.161,20968,944,21912
218.22.177.177,17206,942,18148
218.22.190.174,14916,448,15364
218.22.198.167,16560,446,17006
218.22.2.193,35029,1150,36179
218.22.21.248,48300,1140,49440
218.22.21.253,41400,1185,42585
218.22.21.26,8580,2930,11510
218.22.228.161,22308,1730,24038
218.22.27.75,84786,4425,89211
218.22.31.111,35314,1410,36724
218.22.42.92,106956,1038,107994
218.22.65.138,12420,456,12876
218.22.70.137,698,456,1154
218.22.70.144,12935,450,13385
218.22.70.168,6550,442,6992
218.22.70.169,760,228,988
218.22.70.170,6550,458,7008
218.23.114.17,45540,906,46446
218.23.149.51,70730,4074,74804
218.23.16.65,17940,450,18390
218.23.64.91,19078,106,19184
218.24.17.45,726,3758,4484
218.24.200.248,14424,714,15138
218.24.35.247,1140,681,1821
218.24.35.80,22080,452,22532
218.240.151.203,244233,18588,262821
218.240.156.87,0,255,255
218.241.154.90,236590,13832,250422
218.241.156.91,645716,47900,693616
218.241.157.235,23460,458,23918
218.241.158.237,293613,9403,303016
218.241.17.107,2065,2015,4080
218.241.178.76,20700,450,21150
218.241.183.160,488638,27500,516138
218.241.21.136,93624,1366,94990
218.242.176.144,792,464,1256
218.242.60.254,6400,454,6854
218.244.129.67,2132,366,2498
218.244.130.113,26220,454,26674
218.244.130.36,2016,814,2830
218.244.131.0,29560,1180,30740
218.244.133.13,950344,24222,974566
218.244.138.109,272653,13809,286462
218.244.138.13,462513,20622,483135
218.244.138.28,85752,458,86210
218.244.139.172,33120,681,33801
218.244.142.58,384,528,912
218.244.144.137,1930960,22055,1953015
218.244.145.185,24840,454,25294
218.244.146.44,1272,549,1821
218.244.147.123,1296,500,1796
218.244.149.188,35432,953,36385
218.244.149.2,5519,597,6116
218.244.150.133,55820,1373,57193
218.244.151.92,26220,454,26674
218.244.157.110,27600,456,28056
218.244.176.35,77864,1645,79509
218.245.1.235,288688,21470,310158
218.245.1.236,14227,3776,18003
218.245.1.239,351526,17604,369130
218.245.4.216,42181,10074,52255
218.245.4.217,159447,7325,166772
218.245.4.218,166848,3618,170466
218.245.4.227,13908882,32476,13941358
218.245.6.151,157965,2560,160525
218.245.6.218,16560,460,17020
218.246.0.191,4975,1846,6821
218.246.0.230,1193801,139787,1333588
218.246.0.59,7963,7365,15328
218.246.1.19,4039,5191,9230
218.246.1.20,3353,4581,7934
218.246.1.21,1837,2486,4323
218.246.1.22,1712,2885,4597
218.246.1.23,1112,1556,2668
218.246.1.24,2686,3793,6479
218.246.1.25,2140,3204,5344
218.246.1.26,3706,4742,8448
218.246.1.27,3340,4319,7659
218.246.1.28,1519,1875,3394
218.246.1.29,2137,2689,4826
218.246.1.30,2407,3603,6010
218.246.22.185,838,372,1210
218.246.35.217,16560,472,17032
218.246.85.18,60120,1362,61482
218.247.13.20,1908,1902,3810
218.247.13.25,41388,2207,43595
218.247.143.147,218553,2550,221103
218.247.188.74,1783536,101269,1884805
218.247.188.76,772593,63656,836249
218.247.188.77,5758,1869,7627
218.247.188.96,7950,14360,22310
218.247.95.246,17402,7985,25387
218.249.68.184,1188,1384,2572
218.25.120.74,1264,446,1710
218.25.141.71,4212,1395,5607
218.25.21.243,637355,7338,644693
218.25.25.32,26046,908,26954
218.25.25.33,8682,227,8909
218.25.54.30,38640,908,39548
218.25.58.18,2338544,25644,2364188
218.25.58.95,15180,454,15634
218.25.69.247,6660,5350,12010
218.25.74.223,16560,450,17010
218.251.248.230,5208,1393,6601
218.26.12.102,19320,452,19772
218.26.163.39,33686,1115,34801
218.26.176.41,1164,450,1614
218.26.223.205,283444,1657,285101
218.26.227.58,886,130,1016
218.26.4.251,99054,1095,100149
218.26.67.35,963849,252621,1216470
218.26.67.36,751129,233314,984443
218.26.91.110,27600,928,28528
218.26.94.151,21197,1404,22601
218.28.104.71,150649,491,151140
218.28.136.220,16560,456,17016
218.28.152.87,1132812,10375,1143187
218.28.152.88,847799,56651,904450
218.28.238.202,1033,142,1175
218.28.33.89,20700,454,21154
218.28.60.56,34500,904,35404
218.28.61.66,133730,6028,139758
218.28.8.42,28980,678,29658
218.29.101.107,19757,876,20633
218.29.116.7,2947,227,3174
218.29.128.231,16560,450,17010
218.29.139.123,51746,2037,53783
218.29.188.247,462503,283,462786
218.29.42.152,2494,3523,6017
218.29.79.74,21142,746,21888
218.29.79.81,16560,458,17018
218.29.92.121,20700,456,21156
218.3.134.246,41196,681,41877
218.3.198.121,25,30,55
218.3.204.151,19320,456,19776
218.3.210.23,1559,890,2449
218.3.210.32,156218,5943,162161
218.3.242.217,16560,450,17010
218.30.103.116,3467487,1476930,4944417
218.30.103.182,3735096,1482608,5217704
218.30.103.240,5629524,15087503,20717027
218.30.103.242,3463937,5360005,8823942
218.30.105.37,65598,1322,66920
218.30.108.229,8239559,25391247,33630806
218.30.108.237,319627830,39823561,359451391
218.30.108.238,385218952,25156648,410375600
218.30.109.7,73120,900,74020
218.30.110.107,78964,328866,407830
218.30.110.115,674228,117513,791741
218.30.110.124,19325,3976,23301
218.30.110.128,2608267,1306606,3914873
218.30.110.166,2603,2044,4647
218.30.110.235,4416,5196,9612
218.30.110.24,24337,18773,43110
218.30.110.26,1996074,733725,2729799
218.30.110.28,58191,7578,65769
218.30.110.58,47050,32555,79605
218.30.110.60,636285,659448,1295733
218.30.110.66,875297,180123,1055420
218.30.110.74,59767,78057,137824
218.30.110.75,770136,455040,1225176
218.30.110.93,100527,57649,158176
218.30.114.128,6450866,202355,6653221
218.30.114.183,691960,335507,1027467
218.30.114.210,43629,255059,298688
218.30.114.51,6188,16881,23069
218.30.114.52,3373,8042,11415
218.30.115.112,189925,8260,198185
218.30.115.181,29121,44533,73654
218.30.115.219,10219310,1770778,11990088
218.30.115.43,57,274,331
218.30.115.44,10433,10935,21368
218.30.115.47,2475,2008,4483
218.30.115.56,129869241,130622,129999863
218.30.116.238,2420,1484,3904
218.30.116.3,3876472,1918482,5794954
218.30.117.99,4059,2974,7033
218.30.118.14,13251,1104,14355
218.30.118.160,3626,2460,6086
218.30.118.162,13444422,351317,13795739
218.30.118.163,134248,313161,447409
218.30.118.176,2181,5886,8067
218.30.118.177,7765,4378,12143
218.30.118.178,40236,48963,89199
218.30.118.183,51295,16405,67700
218.30.118.190,16648,726,17374
218.30.118.194,3120395,7867888,10988283
218.30.118.196,166523,76860,243383
218.30.118.199,146696,13298,159994
218.30.118.201,199246,188551,387797
218.30.118.204,1022391,363860,1386251
218.30.118.205,173356,14063,187419
218.30.118.209,235475,2849065,3084540
218.30.118.211,33130206,4985841,38116047
218.30.118.213,1971446,496696,2468142
218.30.118.218,833456,1544078,2377534
218.30.118.220,203970,49830,253800
218.30.118.221,1326289,5240383,6566672
218.30.118.222,14776454,149074636,163851090
218.30.118.223,639716,232096,871812
218.30.118.227,12669336,4631428,17300764
218.30.118.229,9718,6838,16556
218.30.118.232,857324,384724,1242048
218.30.118.241,7433188,445504,7878692
218.30.118.242,892134,11575639,12467773
218.30.118.244,34702537,13913058,48615595
218.30.118.245,230594,104332,334926
218.30.118.250,11498598,2030022,13528620
218.30.118.253,2950258,14473894,17424152
218.30.118.254,2133784,9515741,11649525
218.30.118.255,409594,403864,813458
218.30.119.0,29030,3208,32238
218.30.13.60,103074524,2504103,105578627
218.30.13.69,96992544,1821955,98814499
218.30.131.225,660163,41331,701494
218.30.15.14,16560,458,17018
218.30.15.207,89124,1458,90582
218.30.66.12,99749,100331,200080
218.30.81.90,112821,5632,118453
218.30.82.90,175558,469594,645152
218.30.84.120,152976,428657,581633
218.30.84.67,166400,448488,614888
218.30.98.105,1254,1300,2554
218.30.98.115,888692,11021,899713
218.30.98.33,235219,11394,246613
218.30.98.46,97237,5926,103163
218.30.98.70,17351143,368703,17719846
218.30.98.71,20971981,525115,21497096
218.30.98.72,1037276,7956,1045232
218.30.98.73,3656321,50117,3706438
218.30.98.78,483067,3738,486805
218.30.98.81,123912,5242,129154
218.30.98.82,96165,4157,100322
218.30.98.83,29923,4043,33966
218.31.107.28,41,151,192
218.31.113.181,2603500,78405,2681905
218.31.113.217,554093,12308,566401
218.31.129.200,1352,3697,5049
218.31.163.124,16837,142,16979
218.31.200.21,18444,2061,20505
218.31.200.254,41400,894,42294
218.31.227.115,827527,23969,851496
218.31.227.125,198675,20235,218910
218.31.57.25,9537,49,9586
218.31.66.89,16560,456,17016
218.4.118.9,706,442949,443655
218.4.136.135,11040,450,11490
218.4.136.200,1070,454,1524
218.4.188.73,11106,448,11554
218.4.189.15,26945,1135,28080
218.4.250.72,449,280,729
218.4.45.175,17776,958,18734
218.4.60.218,4364,452,4816
218.5.108.208,311,601,912
218.5.110.88,2173,411,2584
218.5.112.56,403239,13330,416569
218.5.145.216,965,799,1764
218.5.202.172,9537,53,9590
218.5.222.16,3258,454,3712
218.5.238.218,0,0,0
218.5.3.89,27600,687,28287
218.5.74.151,20700,452,21152
218.5.74.92,16560,452,17012
218.5.78.151,10720,454,11174
218.5.78.96,79333,6541,85874
218.5.79.223,10235708,8392,10244100
218.5.79.50,472,452,924
218.5.79.60,531764,3058,534822
218.5.80.247,58698,1977,60675
218.5.82.73,1484,268,1752
218.5.84.200,20150,917,21067
218.56.162.13,15274,1346,16620
218.56.180.94,56580,1359,57939
218.56.181.85,20700,452,21152
218.57.139.183,20700,454,21154
218.57.139.30,0,912,912
218.57.169.35,16560,448,17008
218.57.204.130,6856,466,7322
218.58.102.168,1071447,10126,1081573
218.58.131.31,15180,456,15636
218.58.194.161,12376,456,12832
218.58.195.8,20700,448,21148
218.58.209.111,426540,31710,458250
218.58.209.19,7132,2189,9321
218.58.211.179,58800,1518,60318
218.58.222.99,43991,1387,45378
218.58.227.204,12376,448,12824
218.58.236.146,50649,741,51390
218.59.169.114,18674,468,19142
218.59.204.215,8280,450,8730
218.59.213.30,23,86,109
218.59.213.31,32,114,146
218.59.231.235,11040,486,11526
218.59.235.208,157846,9440,167286
218.6.135.188,891,807,1698
218.6.140.95,41,143,184
218.6.15.150,1452,1072,2524
218.6.155.57,24840,672,25512
218.6.159.31,9537,53,9590
218.6.161.48,16560,460,17020
218.6.173.56,16560,460,17020
218.6.210.77,39865,113,39978
218.6.6.163,12420,227,12647
218.6.6.179,24840,454,25294
218.6.62.7,887,130,1017
218.6.8.186,23460,458,23918
218.6.8.194,7127,1462,8589
218.6.93.11,19320,468,19788
218.60.0.187,66230,432,66662
218.60.107.136,46808,13790,60598
218.60.107.143,4096,1949,6045
218.60.107.162,7793,3879,11672
218.60.112.122,2672,533,3205
218.60.146.29,1216,454,1670
218.60.147.47,10224,964,11188
218.60.34.113,28880,908,29788
218.60.4.56,358893,451,359344
218.60.40.26,43729,556,44285
218.60.45.38,36108,2848,38956
218.60.45.47,365,1879,2244
218.60.7.223,8904,717,9621
218.60.9.113,17784,2318,20102
218.61.0.178,33120,910,34030
218.61.243.78,41,151,192
218.62.129.180,9537,53,9590
218.62.131.97,9883,6419,16302
218.62.196.198,261151,7599,268750
218.62.244.203,309,603,912
218.62.246.150,0,68,68
218.62.247.115,9537,53,9590
218.62.79.23,37260,922,38182
218.63.145.229,204,400,604
218.63.146.58,19074,106,19180
218.63.16.116,428,247,675
218.63.187.82,27828,4439656,4467484
218.63.189.132,103,111,214
218.63.199.21,375,652,1027
218.63.22.87,9537,53,9590
218.63.234.42,9537,53,9590
218.63.96.72,155,23,178
218.63.99.145,1527469,13893,1541362
218.64.119.112,34500,834,35334
218.64.136.59,214,123,337
218.64.179.40,756,1283,2039
218.64.179.43,376,605,981
218.64.22.133,9537,53,9590
218.64.241.126,0,68,68
218.64.26.24,77,155,232
218.64.3.153,9397,1641491,1650888
218.64.55.35,57960,1359,59319
218.64.56.14,18616,1504,20120
218.64.61.18,16560,458,17018
218.64.64.253,23460,454,23914
218.64.65.103,17354,930,18284
218.64.77.7,23810,930,24740
218.64.89.39,19320,452,19772
218.65.131.184,5109,570,5679
218.65.212.148,380807,12460,393267
218.65.212.149,219227,9686,228913
218.65.212.150,3554475,139908,3694383
218.65.212.151,1285373,40550,1325923
218.65.212.152,73522,10374,83896
218.65.212.153,33043,1634,34677
218.65.212.155,117495,2678,120173
218.65.212.157,4283,225,4508
218.65.212.158,786,789,1575
218.65.212.159,561264,20452,581716
218.65.212.160,53206,1412,54618
218.65.212.161,298504,18704,317208
218.65.212.162,645809,32264,678073
218.65.212.163,428317,16580,444897
218.65.212.165,34772,2582,37354
218.65.212.166,102148,12219,114367
218.65.212.167,103189,5189,108378
218.65.212.168,1550713,135408,1686121
218.65.212.169,490356,74876,565232
218.65.212.170,716932,34713,751645
218.65.212.171,575993,36390,612383
218.65.212.172,37013,1871,38884
218.65.212.173,100264,12492,112756
218.65.212.176,1394,224,1618
218.65.212.177,5034,1484,6518
218.65.212.178,22769,960,23729
218.65.212.179,1394,224,1618
218.65.212.181,31706,2471,34177
218.65.212.190,1733,1826,3559
218.65.212.192,50402,1444,51846
218.65.219.183,142732,1568,144300
218.65.229.109,204,402,606
218.65.236.246,24840,681,25521
218.65.239.74,902,619,1521
218.65.250.230,2365,603,2968
218.65.250.40,25986,1326,27312
218.65.3.169,44160,908,45068
218.65.30.50,489709,38679,528388
218.66.103.141,267141,8712,275853
218.66.103.147,14978,5568,20546
218.66.103.151,28771,15120,43891
218.66.103.153,671773,14428,686201
218.66.103.155,214909,22277,237186
218.66.103.160,36235,5152,41387
218.66.104.108,9736,448,10184
218.66.104.177,12320,684,13004
218.66.104.188,26220,672,26892
218.66.104.201,2161318,27712,2189030
218.66.109.103,31740,681,32421
218.66.201.199,472,310,782
218.66.22.166,78454,3329,81783
218.66.59.159,24840,699,25539
218.66.89.18,376,115,491
218.67.125.17,9303,5962,15265
218.67.57.123,241,153,394
218.68.158.26,2916,56734,59650
218.68.184.200,82,286,368
218.69.253.192,16560,464,17024
218.7.65.217,41,151,192
218.70.210.139,41,151,192
218.70.229.119,18443,10238,28681
218.70.229.121,8746,1868,10614
218.70.49.52,242,142,384
218.70.93.254,1486378,40722,1527100
218.71.137.139,17940,456,18396
218.71.14.125,453,308,761
218.71.143.137,653,702,1355
218.71.143.171,855093,34105,889198
218.71.143.174,2870,526,3396
218.71.143.177,72257,6610,78867
218.71.143.181,142421,2179,144600
218.71.143.182,491939,5016,496955
218.71.29.171,202,371,573
218.72.127.192,919,792,1711
218.72.195.21,9537,53,9590
218.72.203.188,9537,53,9590
218.72.249.117,236056,27264,263320
218.72.249.121,92460,379,92839
218.72.249.123,1221559,99924,1321483
218.72.251.200,2526,456,2982
218.72.82.148,9762,101,9863
218.72.84.123,10304,16714,27018
218.73.132.77,104,200,304
218.73.202.232,9537,53,9590
218.74.150.46,9537,53,9590
218.74.212.247,1840,2740,4580
218.74.215.174,192,155,347
218.74.28.17,95,120,215
218.74.30.165,9537,53,9590
218.74.60.63,1491,145,1636
218.75.10.145,16560,458,17018
218.75.123.186,13386,452,13838
218.75.123.187,6003,226,6229
218.75.124.143,7836,940,8776
218.75.139.44,2944062,66967,3011029
218.75.141.12,0,0,0
218.75.149.120,32884,124,33008
218.75.152.121,14412,454,14866
218.75.153.164,33548,1426,34974
218.75.155.155,1297,1914,3211
218.75.155.200,2136,3792,5928
218.75.155.206,260119,9166,269285
218.75.155.40,878278,22963,901241
218.75.155.53,2301028,42525,2343553
218.75.155.66,124468,1068,125536
218.75.156.0,1598590,13493,1612083
218.75.18.23,17210,454,17664
218.75.196.248,40850,1382,42232
218.75.202.10,0,0,0
218.75.202.148,2012634,592,2013226
218.75.202.149,566954,355,567309
218.75.206.106,19296,448,19744
218.75.216.107,15600,462,16062
218.75.221.191,375864,28876,404740
218.75.225.52,259473,441,259914
218.75.242.255,23460,452,23912
218.75.243.0,14880,472,15352
218.75.75.23,280,96,376
218.75.75.25,725,60,785
218.75.75.33,160,70,230
218.75.77.170,7466,458,7924
218.76.11.7,0,53,53
218.76.135.21,0,0,0
218.76.201.93,33324,384,33708
218.76.219.208,30360,681,31041
218.76.24.19,1880,458,2338
218.76.7.157,612,1215,1827
218.77.119.16,17680,458,18138
218.77.120.183,3884,265,4149
218.77.128.142,19320,450,19770
218.77.129.218,8943267,249633,9192900
218.77.129.220,123267,6725,129992
218.77.130.165,7557,15095,22652
218.77.130.191,570,4524,5094
218.77.130.200,684,5047,5731
218.77.130.205,2674063,190067,2864130
218.77.130.47,46422,7124,53546
218.77.130.52,37049,11562,48611
218.77.5.0,1651,509,2160
218.77.79.28,96420,225245,321665
218.77.79.65,5434,30704,36138
218.77.81.73,16560,460,17020
218.78.139.223,468,311,779
218.78.245.15,25600,882,26482
218.79.169.222,3079,608408,611487
218.8.245.113,6856,448,7304
218.8.245.90,17660,928,18588
218.81.145.44,1800,804,2604
218.81.182.73,237,155,392
218.81.200.229,239,155,394
218.81.224.86,0,82419,82419
218.81.238.162,852,1098,1950
218.81.6.114,104,201,305
218.82.157.168,1535,3002,4537
218.82.16.183,12593,8469,21062
218.82.164.154,102,198,300
218.83.0.150,475,309,784
218.83.105.128,721,1400,2121
218.83.106.156,545,452,997
218.83.13.107,200772,11311,212083
218.83.155.192,54601,4859,59460
218.83.157.8,12673,525,13198
218.83.161.131,50262,1350,51612
218.83.229.55,306,600,906
218.83.7.12,12285,5880,18165
218.84.166.81,41,151,192
218.84.186.110,295394,15518,310912
218.84.21.32,429,245,674
218.84.50.179,9537,49,9586
218.84.79.177,356,269,625
218.84.90.234,49276,136,49412
218.85.104.131,276,548,824
218.85.132.54,1483971,68115,1552086
218.85.132.59,19232,896,20128
218.85.133.156,9616,450,10066
218.85.133.211,522877,9599,532476
218.85.133.44,115997,4882,120879
218.85.134.77,18077,1681,19758
218.85.136.207,12528,470,12998
218.85.136.216,24840,456,25296
218.85.136.50,1082,452,1534
218.85.136.52,104008,2097,106105
218.85.136.93,7644,454,8098
218.85.138.237,686,679,1365
218.85.139.107,17022,1013,18035
218.85.169.119,9541,53,9594
218.85.184.38,337,276,613
218.85.58.84,475,312,787
218.85.72.59,56580,1377,57957
218.85.73.159,27600,681,28281
218.86.124.199,18450,1352,19802
218.86.162.150,6900,53,6953
218.86.195.33,9537,49,9586
218.86.32.74,2372,468,2840
218.86.65.154,23372,928,24300
218.86.82.90,777,624,1401
218.87.111.217,348,577,925
218.87.111.223,1244398,1235,1245633
218.87.111.225,375,591,966
218.87.111.8,425714,46392,472106
218.87.116.60,1380,53,1433
218.87.132.121,9537,53,9590
218.87.144.247,810,276,1086
218.87.195.177,30360,678,31038
218.87.30.234,22080,450,22530
218.87.47.106,21372,890,22262
218.87.72.87,0,119,119
218.87.99.76,23460,456,23916
218.88.13.13,715,225,940
218.88.13.14,2837,900,3737
218.88.13.15,2860,900,3760
218.88.13.16,1430,450,1880
218.88.13.17,715,225,940
218.88.13.18,1260,265,1525
218.88.13.19,715,225,940
218.88.13.20,1430,675,2105
218.88.13.21,692,225,917
218.88.78.207,27178,166,27344
218.88.83.202,861,447,1308
218.89.136.183,25,32,57
218.89.164.12,1674,920,2594
218.89.64.79,16560,464,17024
218.90.162.110,15180,476,15656
218.90.176.247,1659,1083,2742
218.90.198.117,326862,50469,377331
218.90.198.25,652593,13164,665757
218.90.206.25,17940,458,18398
218.90.210.135,17940,456,18396
218.90.212.74,13800,444,14244
218.90.98.60,103,201,304
218.91.1.28,235,154,389
218.91.107.30,9537,53,9590
218.91.147.230,3318,1952,5270
218.91.164.174,2743,5198,7941
218.91.206.122,9616,458,10074
218.91.240.161,163,23,186
218.92.11.19,4290,918,5208
218.92.11.28,48682,1340,50022
218.92.192.233,23360,454,23814
218.92.193.145,22080,464,22544
218.92.216.178,11119,2448,13567
218.92.216.79,765844,1090,766934
218.92.219.108,144770,33778,178548
218.92.219.109,507890,67767,575657
218.92.219.110,35839,19163,55002
218.92.219.59,136910,20501,157411
218.92.219.60,276222,31518,307740
218.92.219.61,171668,81292,252960
218.92.22.47,1107,2785,3892
218.92.220.104,1179609,441,1180050
218.92.220.60,35047394,2103719,37151113
218.92.221.100,1296936,196096,1493032
218.92.221.103,1088884,34684,1123568
218.92.221.106,233057,26910,259967
218.92.221.112,1024161,13390,1037551
218.92.221.138,895330,21625,916955
218.92.221.201,794984,205219,1000203
218.92.221.202,558069,151362,709431
218.92.221.203,505704,142057,647761
218.92.221.204,468267,133928,602195
218.92.221.205,506030,150914,656944
218.92.221.206,500872,128129,629001
218.92.221.217,668242,148462,816704
218.92.221.76,124499203,53739,124552942
218.92.226.85,984753,976,985729
218.92.227.213,6500,2067,8567
218.92.236.57,14389,770,15159
218.92.41.0,13528,468,13996
218.92.75.99,20700,464,21164
218.92.86.18,124200,2467,126667
218.93.107.236,41,143,184
218.93.114.87,1310155,30056,1340211
218.93.116.255,79246,7759,87005
218.93.124.154,17940,462,18402
218.93.126.176,9660,468,10128
218.93.127.104,16560,448,17008
218.93.127.113,1628,1200,2828
218.93.127.141,4382143,618714,5000857
218.93.127.144,165290,18337,183627
218.93.127.240,467298,50367,517665
218.93.127.59,70474,5594,76068
218.93.127.64,22658,861,23519
218.93.127.70,5124,762,5886
218.93.127.77,4744433,227373,4971806
218.93.127.81,643157,90790,733947
218.93.127.88,371338,12937,384275
218.93.127.96,1089,642,1731
218.93.202.65,863432,35520,898952
218.93.205.147,6003,228,6231
218.93.205.49,356844,4321,361165
218.93.205.71,1766,470,2236
218.93.211.10,15851,6571,22422
218.93.211.215,834,1433,2267
218.93.211.242,9537,53,9590
218.93.237.31,17234,934,18168
218.93.239.253,29178,655,29833
218.93.248.237,174557,812,175369
218.93.54.151,1081468,26078,1107546
218.93.65.95,310,555,865
218.93.77.11,415,804,1219
218.94.123.111,17284,922,18206
218.94.124.60,29538,2958,32496
218.94.136.190,96908,1892,98800
218.94.137.124,17940,456,18396
218.94.26.154,13500,458,13958
218.94.27.167,661,265,926
218.94.38.237,0,730,730
218.94.41.207,424,274,698
218.94.44.243,23460,1093,24553
218.94.80.31,5622,370,5992
218.95.101.17,729295,13736,743031
218.95.116.16,9537,52,9589
218.95.124.49,22080,452,22532
218.95.124.82,11040,452,11492
218.95.156.71,46632,2023,48655
218.95.29.138,42914,2055,44969
218.95.37.249,12563770,45820,12609590
218.95.56.81,8917,5839,14756
218.97.194.204,2238833,22597,2261430
218.97.194.205,92739,12307,105046
218.97.194.206,777454,10527,787981
218.97.194.207,27524,390,27914
218.97.194.217,212348,1930,214278
218.97.194.219,203514,1611,205125
218.97.194.221,5433456,30500,5463956
218.97.194.222,6313540,35802,6349342
218.97.194.223,65115,792,65907
218.97.194.224,8385863,60342,8446205
218.97.194.225,110259,746,111005
218.97.194.226,8052226,32024,8084250
218.97.195.28,1006419,30635,1037054
218.97.195.43,5694030,24978,5719008
218.97.195.44,515480,3528,519008
218.97.195.47,583551,15942,599493
218.97.195.48,96930,3073,100003
218.98.32.125,6188,975,7163
218.98.32.127,41739,1386,43125
218.98.34.152,200303,10423,210726
218.98.34.156,24884,472,25356
218.98.34.224,1045048,48496,1093544
218.98.35.193,11936,866,12802
218.98.39.136,5360175,904662,6264837
218.98.39.138,4882445,608950,5491395
218.98.39.35,5574,3819,9393
219.106.89.148,5940,633283,639223
219.109.198.166,0,68,68
219.128.15.154,1199,784,1983
219.128.176.230,620,1201,1821
219.128.51.116,46838,2310,49148
219.128.84.59,102,200,302
219.129.216.209,7623,2631,10254
219.129.216.244,342138,81522,423660
219.129.227.125,125,74,199
219.129.237.204,20700,448,21148
219.129.237.240,24872,1372,26244
219.129.239.31,486,439,925
219.129.94.22,23716,950,24666
219.130.194.223,410,800,1210
219.130.221.112,24840,687,25527
219.130.221.168,49680,1380,51060
219.130.231.169,102,8579,8681
219.130.234.90,591,430,1021
219.131.103.189,0,68,68
219.131.161.166,213,124,337
219.131.227.117,707,464,1171
219.131.67.127,14979,669,15648
219.132.127.121,101,200,301
219.132.136.163,25346,689,26035
219.132.190.32,22764,6530382,6553146
219.132.37.107,8280,227,8507
219.132.82.127,9537,49,9586
219.133.105.183,17940,932,18872
219.133.179.158,943,621,1564
219.133.31.109,145122,1561,146683
219.133.37.73,3172,460,3632
219.133.40.102,0,0,0
219.133.60.165,2629515,663692,3293207
219.133.60.171,52757,24795,77552
219.133.60.179,287348,126824,414172
219.133.60.182,99584,2821,102405
219.133.60.183,239937,67261,307198
219.133.60.190,14619,11301,25920
219.133.60.194,997,864,1861
219.133.60.197,971621,4134,975755
219.133.60.206,2097666,65357,2163023
219.133.60.207,2256527,41969,2298496
219.133.60.208,2936223,55040,2991263
219.133.60.209,2479897,47843,2527740
219.133.60.211,722148,802365,1524513
219.133.60.213,6613619,120455,6734074
219.133.60.214,1104698,8541971,9646669
219.133.60.216,1956348,7461,1963809
219.133.60.218,37610,299,37909
219.133.60.222,111755,300,112055
219.133.60.223,275620,2937,278557
219.133.60.224,110430,300,110730
219.133.60.227,54487,900,55387
219.133.98.151,422,313,735
219.134.105.106,710,1300,2010
219.134.114.3,286,217,503
219.134.130.119,10881118,269266,11150384
219.134.132.66,21772,1136,22908
219.134.224.153,705,14306,15011
219.134.83.45,41,151,192
219.135.102.115,3191,367,3558
219.135.102.92,323,265,588
219.135.157.243,5176,3404,8580
219.135.57.154,930068,2676,932744
219.135.57.24,20376,1169,21545
219.135.57.25,1708,384,2092
219.135.77.106,206,558,764
219.135.77.163,15847,10830,26677
219.136.110.31,0,68,68
219.136.133.191,136898,3138,140036
219.136.18.200,221,156,377
219.136.198.253,65759,77,65836
219.136.2.15,522,191809,192331
219.136.244.107,5285,817,6102
219.136.244.108,86040,2367,88407
219.136.244.113,66959,10828,77787
219.136.244.115,778604,204158,982762
219.136.244.118,39360,5962,45322
219.136.244.126,549,662,1211
219.136.244.137,1228,432,1660
219.136.245.102,13162,33594,46756
219.136.245.109,74846,32405,107251
219.136.245.117,5234,5465,10699
219.136.245.119,3050,1471,4521
219.136.245.126,29476,7224,36700
219.136.245.133,1600525,219438,1819963
219.136.245.150,13099,11222,24321
219.136.245.151,28482,5781,34263
219.136.245.156,2280,3149,5429
219.136.245.158,3420,4254,7674
219.136.245.167,47235,7547,54782
219.136.245.170,22010,809,22819
219.136.245.172,14976,15120,30096
219.136.245.173,679623,175600,855223
219.136.245.176,3937,620,4557
219.136.245.188,98396,17658,116054
219.136.245.190,1117,3160,4277
219.136.245.194,46599,27090,73689
219.136.245.196,175359,97537,272896
219.136.245.202,6629,3255,9884
219.136.245.203,12485,18908,31393
219.136.245.209,438,793,1231
219.136.245.223,38202,2111,40313
219.136.245.224,4638,2748,7386
219.136.245.226,2720,2656,5376
219.136.245.227,130333,16167,146500
219.136.245.236,169645,34466,204111
219.136.245.248,2009694,476469,2486163
219.136.245.251,95706,28928,124634
219.136.245.31,1010526,89117,1099643
219.136.245.35,944,2066,3010
219.136.245.41,2783,19078,21861
219.136.245.42,8060,2409,10469
219.136.245.45,13064,1994,15058
219.136.245.49,8916,5447,14363
219.136.245.53,3938,597,4535
219.136.245.54,149854,46081,195935
219.136.245.55,599,595,1194
219.136.245.70,749,1328,2077
219.136.245.73,480369,46304,526673
219.136.245.76,2589,558,3147
219.136.245.79,64451,12460,76911
219.136.245.94,37887,46346,84233
219.136.248.104,184451,17632,202083
219.136.249.199,7420651,611314,8031965
219.136.3.131,181443,1675,183118
219.137.112.240,34648,6839,41487
219.137.112.255,465,1338,1803
219.137.178.221,10813,974,11787
219.137.76.110,225,154,379
219.137.78.151,307,596,903
219.137.79.208,667,684,1351
219.137.86.90,473,775,1248
219.137.92.171,89679,1067,90746
219.138.135.188,179355,708,180063
219.138.135.189,388288,833,389121
219.138.135.193,13190,619,13809
219.138.135.195,5520,905,6425
219.138.135.196,267675,722,268397
219.138.135.198,234555,693,235248
219.138.135.210,3643769,9756,3653525
219.138.135.228,219379,872,220251
219.138.160.153,19320,454,19774
219.138.199.191,3230,460,3690
219.138.205.200,17940,450,18390
219.138.21.38,391792,1445,393237
219.138.21.67,9786536,5201,9791737
219.138.72.219,24840,672,25512
219.139.130.106,16560,454,17014
219.139.130.114,19466,460,19926
219.139.15.199,534865,8130,542995
219.139.167.34,1133,98,1231
219.139.190.213,242752,20577,263329
219.139.237.105,166,505,671
219.139.243.39,306633,21467,328100
219.139.81.136,54556,23053,77609
219.140.162.177,19320,466,19786
219.140.165.22,48876,1126,50002
219.140.17.242,341,250,591
219.140.171.217,23379,2088,25467
219.140.230.234,9537,53,9590
219.140.252.115,0,190,190
219.140.28.252,237,158,395
219.140.64.136,29914,922,30836
219.140.82.126,205,401,606
219.141.124.25,9537,53,9590
219.141.148.77,940,450,1390
219.141.157.33,14466,16544,31010
219.141.157.35,1385182,365608,1750790
219.141.167.236,17940,464,18404
219.141.172.123,17594,3854,21448
219.141.184.8,522,235,757
219.141.191.141,23441,7010,30451
219.141.191.150,544767,47011,591778
219.141.191.151,216936,1400,218336
219.141.191.156,377196,139719,516915
219.141.191.180,15455,5164,20619
219.141.226.151,0,0,0
219.141.226.45,546867,205444,752311
219.141.226.46,8313,834,9147
219.141.230.22,1601950,88012,1689962
219.141.230.25,4091622,247170,4338792
219.141.248.36,282059,2110,284169
219.141.248.75,252113,15227,267340
219.141.253.226,8690,898,9588
219.141.255.2,2493,687,3180
219.141.96.99,1380,53,1433
219.142.101.50,12512,458,12970
219.142.114.14,726,368,1094
219.142.118.118,1255057,532191,1787248
219.142.120.15,11200,456,11656
219.142.121.30,78186,1130,79316
219.142.124.239,1496115,259217,1755332
219.142.146.123,754,1132,1886
219.142.146.226,309,556,865
219.142.153.203,0,190,190
219.142.153.247,734,501,1235
219.142.184.139,0,189,189
219.142.187.81,103,198,301
219.142.188.81,103,201,304
219.142.192.201,93797,252,94049
219.142.232.78,101,201,302
219.142.233.155,204,398,602
219.142.237.46,205,373,578
219.142.251.163,346313,26680,372993
219.142.53.105,828024,17128,845152
219.142.53.83,73385,4588,77973
219.142.60.116,1294,462,1756
219.142.64.174,680740,117102,797842
219.142.65.101,8280,229,8509
219.142.78.167,12098990,18974955,31073945
219.142.78.222,277,1922,2199
219.142.78.227,0,1269,1269
219.142.78.242,122569,97027,219596
219.142.78.247,26654981,28972591,55627572
219.142.78.248,3571,17307,20878
219.142.87.223,1384121,139987,1524108
219.142.89.102,1533,264,1797
219.142.89.147,4005,910,4915
219.142.89.189,65369,4824,70193
219.142.91.190,340622,47553,388175
219.142.91.55,182681,31038,213719
219.143.118.72,11836,666,12502
219.143.133.211,253,447,700
219.143.135.20,408,800,1208
219.143.137.182,205,373,578
219.143.138.240,0,380,380
219.143.141.149,853,447,1300
219.143.15.31,7545,484,8029
219.143.192.27,56732,1452,58184
219.143.201.73,3416,2093,5509
219.143.204.122,8138493,223925,8362418
219.143.204.17,52440,1150,53590
219.143.214.138,1036,2709,3745
219.143.214.211,128,56,184
219.143.226.10,325,1188,1513
219.143.227.137,237718,7214,244932
219.143.234.203,1428,4748,6176
219.143.234.239,6446586,2971011,9417597
219.143.238.161,684856,26595,711451
219.143.244.192,49460,4560,54020
219.143.251.127,775967,73188,849155
219.143.6.207,3223,3972,7195
219.143.89.48,461,447,908
219.143.89.86,101,202,303
219.143.93.179,133,556,689
219.144.126.10,480240,502,480742
219.144.126.11,3461990,1970,3463960
219.144.126.12,1295593,1498,1297091
219.144.126.13,1933380,980,1934360
219.144.126.14,627900,490,628390
219.144.126.8,448500,490,448990
219.144.126.9,22612507,342017,22954524
219.144.127.43,1021806,20532,1042338
219.144.127.79,1414049,19529,1433578
219.144.176.98,48,64,112
219.144.206.67,38108,1488,39596
219.144.230.218,721,464,1185
219.144.27.134,103,201,304
219.145.104.215,541226,3183,544409
219.145.171.25,756,1262,2018
219.145.172.35,361248,64759,426007
219.145.195.119,9616,446,10062
219.145.224.141,623318,1287,624605
219.145.247.167,9537,53,9590
219.145.250.142,9537,52,9589
219.145.35.51,104075,151,104226
219.145.55.116,4564452,39767,4604219
219.145.88.131,51571,1102,52673
219.146.13.127,4315,3000,7315
219.146.241.146,1106981,9315,1116296
219.146.241.151,1402124,11598,1413722
219.146.241.152,499953,6009,505962
219.146.241.153,530943,5662,536605
219.146.241.154,1757913,8723,1766636
219.146.241.158,1549772,9011,1558783
219.146.241.162,3289,20585,23874
219.146.241.163,1338692,10759,1349451
219.146.241.168,1001551,7755,1009306
219.146.241.24,2330,485,2815
219.146.241.36,4917941,41694,4959635
219.146.241.37,4647502,35093,4682595
219.146.246.31,440741,6078,446819
219.146.246.64,247075,2010,249085
219.146.246.8,138444,10527,148971
219.146.41.178,16950,872,17822
219.146.68.120,547499,22212,569711
219.146.68.121,433396,26312,459708
219.146.68.122,582170,151958,734128
219.146.68.25,376,625,1001
219.146.68.29,376,652,1028
219.146.68.82,554517,146881,701398
219.146.68.83,560159,145914,706073
219.146.68.84,415916,141613,557529
219.146.68.85,572330,147457,719787
219.146.68.86,581108,161005,742113
219.146.68.87,646489,165907,812396
219.146.68.89,480443,122167,602610
219.146.70.21,9212016,332916,9544932
219.146.78.88,22080,452,22532
219.146.89.49,209,444,653
219.146.89.54,374092,53025,427117
219.146.89.58,291,650,941
219.146.89.60,14802,1095,15897
219.147.55.166,1343249,87875,1431124
219.147.57.24,20700,454,21154
219.148.108.151,442326,18446,460772
219.148.111.170,841806,32155,873961
219.148.111.235,1126,1345,2471
219.148.127.18,84,84,168
219.148.134.62,9537,53,9590
219.148.180.23,19320,450,19770
219.148.28.217,24192,2061,26253
219.148.35.103,2446,1216,3662
219.148.35.115,24788,1197,25985
219.148.35.183,29033,23075,52108
219.148.35.20,1920096,339413,2259509
219.148.35.223,6794839,1042336,7837175
219.148.35.226,126818,2077120,2203938
219.148.35.236,4447,17783,22230
219.148.35.237,27305,8251,35556
219.148.35.24,88624,159325,247949
219.148.35.253,2240,4794,7034
219.148.35.33,3650,5033,8683
219.148.35.37,625749,623186,1248935
219.148.35.42,1220,959,2179
219.148.35.50,13202,72379,85581
219.148.35.60,154891,112542,267433
219.148.35.64,1521090,541084,2062174
219.148.35.65,154751,52014,206765
219.148.35.75,33620,15981,49601
219.148.35.76,3043,32543,35586
219.148.35.87,256593,1034009,1290602
219.148.35.97,139303,116544,255847
219.148.38.129,8245,456,8701
219.148.38.147,17940,470,18410
219.149.103.10,27600,452,28052
219.149.103.11,34500,952,35452
219.149.103.18,389177,17830,407007
219.149.47.20,1179613,441,1180054
219.149.55.183,16071457,11068,16082525
219.150.28.155,5646,466,6112
219.151.178.115,41,151,192
219.151.2.48,546,1195,1741
219.151.220.96,129,378,507
219.151.235.242,74444,16060821,16135265
219.151.252.158,162,23,185
219.151.4.103,23460,684,24144
219.151.43.9,1582,376,1958
219.151.48.213,16560,460,17020
219.152.178.58,41,143,184
219.152.218.234,846,370726,371572
219.152.90.201,0,68,68
219.153.15.73,9749,1007,10756
219.153.188.134,9537,53,9590
219.153.188.247,2166,1554,3720
219.153.2.21,31740,677,32417
219.153.222.145,1487,8511,9998
219.153.223.231,112689,645,113334
219.153.229.6,134,73,207
219.153.232.177,0,68,68
219.153.39.22,24840,454,25294
219.153.42.89,11501,3769,15270
219.153.48.172,17940,448,18388
219.153.58.111,120800,866,121666
219.153.58.117,29462,6307,35769
219.153.58.189,490,1596,2086
219.153.64.21,6424478,296256,6720734
219.153.9.255,33120,896,34016
219.153.9.70,19320,456,19776
219.153.95.46,74519,67,74586
219.154.71.30,24561,5337,29898
219.154.71.85,1894240,8396,1902636
219.155.142.231,41,143,184
219.156.123.124,20700,452,21152
219.157.60.156,82,302,384
219.159.195.241,239,153,392
219.159.32.31,0,0,0
219.159.68.97,16560,450,17010
219.159.73.167,2517,681,3198
219.159.78.203,9660,227,9887
219.159.81.139,0,731,731
219.159.91.94,3761263,182791,3944054
219.160.223.102,1053,1255,2308
219.195.222.132,5686308,107624,5793932
219.216.128.30,0,0,0
219.226.110.160,9537,53,9590
219.228.226.54,9537,53,9590
219.228.246.101,25816,624,26440
219.232.200.44,1456166,319405,1775571
219.232.200.47,2020655,401236,2421891
219.232.200.7,22591264,2010353,24601617
219.232.227.135,378799,32210,411009
219.232.227.202,398,903,1301
219.232.227.203,23460,448,23908
219.232.227.209,291312,21239,312551
219.232.228.104,17761,528,18289
219.232.231.188,3630,8215,11845
219.232.238.208,166889,12079,178968
219.232.238.219,1354,2800,4154
219.232.238.221,40269,7500,47769
219.232.238.40,40888,952,41840
219.232.239.141,23222,3763,26985
219.232.240.112,11265,904,12169
219.232.240.161,1315494,17663,1333157
219.232.240.203,946,434,1380
219.232.240.255,765932,27178,793110
219.232.242.224,3696,2189,5885
219.232.245.145,1436,683,2119
219.232.245.146,2154,1036,3190
219.232.245.147,2872,1469,4341
219.232.246.249,46904,104455,151359
219.232.246.255,24992,51281,76273
219.232.246.55,163758,9298,173056
219.232.247.1,14040,53597,67637
219.232.247.2,6550,10814,17364
219.232.248.25,3620,577,4197
219.232.248.252,377,895,1272
219.232.248.8,558,1350,1908
219.232.252.10,631896,141673,773569
219.232.252.156,52440,1145,53585
219.232.252.22,114063,529,114592
219.232.255.167,193409,20147,213556
219.232.255.170,3347,1073,4420
219.232.255.171,243542,5522,249064
219.232.255.175,32818,986,33804
219.232.255.24,49440,1370,50810
219.232.32.3,9537,53,9590
219.232.96.147,1323,186,1509
219.232.96.160,151146,7392,158538
219.232.96.198,538400,71435,609835
219.233.250.43,26022,742,26764
219.234.4.196,430929,1600,432529
219.234.4.220,45276,750,46026
219.234.4.242,7524,452,7976
219.234.4.33,17940,456,18396
219.234.5.50,138351,2228,140579
219.234.6.123,141014,1362,142376
219.234.85.197,1079,3214,4293
219.234.87.145,774,390,1164
219.234.87.153,1620,388,2008
219.234.93.145,891266,7760,899026
219.234.93.219,411260,40507,451767
219.235.126.137,697,336,1033
219.235.126.147,6942,897,7839
219.235.129.122,1029,529,1558
219.235.230.106,194580,1107,195687
219.235.3.109,52440,1145,53585
219.238.148.49,41400,908,42308
219.238.149.12,40020,864,40884
219.238.175.205,1041092,27785,1068877
219.238.178.116,146280,528,146808
219.238.192.56,0,0,0
219.238.219.89,324434,7574,332008
219.238.225.90,708,366,1074
219.238.233.211,24524,15570,40094
219.238.233.215,42933,13750,56683
219.238.237.137,5756,7452,13208
219.238.237.138,9994,12862,22856
219.238.237.139,7772,10032,17804
219.238.237.141,2970,3426,6396
219.238.237.142,5338,6848,12186
219.238.237.143,4794,6224,11018
219.238.237.144,3240,4046,7286
219.238.237.145,25974,34468,60442
219.238.237.146,3213,4038,7251
219.238.237.147,78120,102014,180134
219.238.237.148,3142,3732,6874
219.238.237.149,9652,12516,22168
219.238.237.150,15426,20306,35732
219.238.237.151,6434,8120,14554
219.238.237.152,8586,11550,20136
219.238.237.153,6000,7464,13464
219.238.237.154,52952,69656,122608
219.238.237.155,3372,4384,7756
219.238.238.120,1162781,7680,1170461
219.238.238.130,1469,7968,9437
219.238.238.131,78214,41890,120104
219.238.238.35,925,1122,2047
219.238.238.44,462,845,1307
219.238.238.67,3097,5019,8116
219.238.238.68,396492,18643,415135
219.238.238.69,1322266,35836,1358102
219.239.21.54,92205,5749,97954
219.239.26.11,3588,4788,8376
219.239.29.16,34268,678,34946
219.239.88.109,1545,6396,7941
219.239.88.115,68688,3571,72259
219.239.88.169,2627,1514,4141
219.239.88.195,3952,1173,5125
219.239.88.206,12193,8942,21135
219.239.88.218,4859,2525,7384
219.239.88.245,11766,8761,20527
219.239.88.25,8841,528,9369
219.239.88.250,244439,5041,249480
219.239.88.29,7435,5869,13304
219.239.88.53,590,743,1333
219.239.88.69,21791,887,22678
219.239.89.0,24527,15646,40173
219.239.89.133,64875,7100,71975
219.239.89.134,40020,1222,41242
219.239.89.141,92250,6326,98576
219.239.89.142,11512,34490,46002
219.239.89.155,9145,21019,30164
219.239.89.188,213211,7316,220527
219.239.89.193,23378,24708,48086
219.239.89.194,18553,15192,33745
219.239.89.27,8748,22025,30773
219.239.89.31,214033,3647,217680
219.239.89.33,34500,675,35175
219.239.89.35,71924,18492,90416
219.239.89.39,475281,30678,505959
219.239.89.42,415,467,882
219.239.89.49,735,453,1188
219.239.89.50,19800,2472,22272
219.239.89.84,68719,16947,85666
219.239.89.86,338807,5401,344208
219.239.89.95,9773,11021,20794
219.239.89.96,260148,24765,284913
219.239.89.97,401227,4460,405687
219.239.89.98,18301,35208,53509
219.239.91.203,6498,1384,7882
219.239.95.26,51567,923,52490
219.242.191.56,37536,2701,40237
219.243.11.180,746,1099,1845
219.244.221.15,85184,458,85642
219.44.216.39,22221,17066,39287
219.71.255.7,48026,735,48761
219.73.44.79,127451,15743,143194
219.78.250.51,581,396,977
219.78.67.155,1288,34664,35952
219.80.132.10,0,68,68
219.84.215.200,193,1472,1665
219.85.128.127,18355,149,18504
219.85.207.101,0,68,68
219.85.210.115,1467,8498,9965
219.85.79.136,95008,11723,106731
219.85.79.137,408123,31097,439220
219.85.79.141,224,709,933
219.87.13.235,8014,1051,9065
219.90.124.171,224,443,667
219.90.127.96,1482,678,2160
219.94.162.203,36068,486,36554
219.94.211.59,470835,27837,498672
219.94.237.115,0,674,674
220.134.160.239,415,426,841
220.134.17.42,127,160,287
220.134.213.176,0,130,130
220.134.74.206,389,482,871
220.135.118.110,458,471,929
220.135.196.10,119,275,394
220.135.204.48,1026,6072,7098
220.136.222.135,0,130,130
220.136.62.159,801,3633,4434
220.137.104.54,0,130,130
220.137.79.16,833,609,1442
220.141.234.216,7246,7910,15156
220.160.101.149,258,187,445
220.160.106.95,17766,470,18236
220.160.140.222,2595408,34732,2630140
220.160.150.148,306,803,1109
220.160.161.121,242,154,396
220.160.161.252,445,265,710
220.160.175.119,101789,28025,129814
220.160.175.197,3782,7407,11189
220.160.245.237,62887,18174,81061
220.160.51.190,715,460,1175
220.160.55.122,2612,938,3550
220.160.63.39,476,311,787
220.160.73.206,22,33,55
220.160.88.175,194,23,217
220.161.213.142,9537,53,9590
220.161.216.127,22512,681,23193
220.161.99.86,1067,636,1703
220.162.104.28,16555,30,16585
220.162.162.13,17940,462,18402
220.162.198.145,19320,458,19778
220.162.198.91,14454,938,15392
220.162.237.97,110896,1269,112165
220.162.238.125,947,346,1293
220.162.238.44,2425,1077,3502
220.162.238.48,5604,7131,12735
220.162.238.69,275,344,619
220.162.238.73,15248,2194,17442
220.162.238.91,3425,1775,5200
220.162.239.63,26220,672,26892
220.162.244.11,20700,460,21160
220.162.247.221,24840,675,25515
220.162.247.241,626655,12899,639554
220.162.247.250,35020,2210,37230
220.162.35.126,41,151,192
220.162.97.153,300187,214169,514356
220.162.97.162,298860,215731,514591
220.162.97.163,320815,232612,553427
220.162.97.164,238979,169002,407981
220.162.97.165,242577,160893,403470
220.162.97.166,262972,181370,444342
220.162.97.167,277953,197817,475770
220.162.97.169,300256,197931,498187
220.162.97.200,264216,179020,443236
220.162.97.214,511692,130241,641933
220.162.97.247,523403,142925,666328
220.162.97.248,489791,141114,630905
220.162.97.249,548463,152127,700590
220.162.97.250,565595,155991,721586
220.162.97.251,662592,180261,842853
220.162.97.253,374,592,966
220.162.97.254,376,652,1028
220.163.124.183,16080,448,16528
220.163.131.193,471,314,785
220.163.133.155,84,84,168
220.163.147.142,101,399,500
220.163.16.161,16564,39,16603
220.163.51.234,368,584,952
220.163.6.187,1240,458,1698
220.163.72.101,205620,95797465,96003085
220.164.118.47,55200,898,56098
220.164.13.75,9537,53,9590
220.164.150.194,935,247,1182
220.164.204.44,9537,53,9590
220.164.218.12,9537,52,9589
220.164.56.165,63811,4280263,4344074
220.164.6.61,0,79,79
220.164.71.46,20700,458,21158
220.164.79.79,1432,458,1890
220.164.89.194,628,102,730
220.164.92.83,9537,53,9590
220.165.142.40,488021,132040,620061
220.165.142.41,639878,158451,798329
220.165.142.42,537564,140731,678295
220.165.142.43,635270,163024,798294
220.165.142.44,597987,164204,762191
220.165.142.45,631462,151368,782830
220.165.142.56,555682,162361,718043
220.165.142.57,739562,185339,924901
220.165.155.214,8680,775878,784558
220.165.178.106,712,459,1171
220.165.185.237,207,372,579
220.165.19.32,19082,106,19188
220.165.205.12,71,94,165
220.165.22.86,9537,52,9589
220.165.228.224,284,606,890
220.165.246.235,25768,1350,27118
220.165.33.252,1127,2093,3220
220.165.5.243,294040,1344,295384
220.165.8.116,22080,452,22532
220.165.8.163,10996,454,11450
220.165.8.32,17236,922,18158
220.165.9.216,39826,1039,40865
220.166.20.88,3307,2861,6168
220.166.20.98,938,426,1364
220.166.24.62,0,151,151
220.166.34.131,693,437,1130
220.166.49.193,5184,3376,8560
220.166.49.244,508,396,904
220.166.58.27,279571,203,279774
220.166.64.246,17940,454,18394
220.166.64.84,15588,900,16488
220.167.102.27,0,235,235
220.167.102.30,165,234,399
220.167.12.40,9411505,286821,9698326
220.167.12.41,11881613,315198,12196811
220.167.159.206,9537,52,9589
220.167.238.243,6900,102,7002
220.167.253.53,9537,53,9590
220.167.43.215,3547,49418,52965
220.168.116.172,17943,17245636,17263579
220.168.132.118,290436,221486,511922
220.168.132.246,85560,466,86026
220.168.132.248,21063,707,21770
220.168.132.64,495472,149345,644817
220.168.132.65,404855,146302,551157
220.168.132.66,544603,151105,695708
220.168.132.67,499496,151763,651259
220.168.132.69,483983,168655,652638
220.168.132.70,480544,140156,620700
220.168.132.71,452788,141097,593885
220.168.40.39,12420,460,12880
220.169.155.43,24840,468,25308
220.169.40.227,9537,53,9590
220.169.97.30,14006,454,14460
220.169.97.8,27600,460,28060
220.170.143.148,331297,12381,343678
220.170.143.235,5467,323,5790
220.170.191.107,108,108,216
220.170.192.190,29084,2945,32029
220.170.193.15,19320,450,19770
220.170.193.46,8274,914,9188
220.170.201.97,512,1120,1632
220.170.23.123,44323,4052,48375
220.170.23.182,126826,387,127213
220.170.47.80,82,172,254
220.170.63.186,389,311,700
220.170.79.199,35662,11151,46813
220.170.79.223,105415,16076,121491
220.170.87.86,935,2044,2979
220.170.91.115,4589,4846,9435
220.170.91.125,38723,9713,48436
220.170.91.166,9715410,40068,9755478
220.170.91.167,11570756,43629,11614385
220.170.99.127,16566,41,16607
220.171.134.209,33743,166,33909
220.171.155.181,104,201,305
220.171.233.26,16856,160,17016
220.171.234.123,409,800,1209
220.171.240.112,9541,53,9594
220.171.253.35,1163,1261,2424
220.171.42.29,4380,229,4609
220.171.93.144,16560,454,17014
220.172.131.140,859,591,1450
220.173.137.200,31740,672,32412
220.173.143.1,8988,444,9432
220.173.159.245,2335,133962,136297
220.173.183.76,16897,1918,18815
220.173.218.189,410,799,1209
220.173.222.89,49279,207,49486
220.173.223.13,691,432,1123
220.173.56.184,9026,599,9625
220.174.159.16,22136,22293323,22315459
220.174.185.179,515,1006,1521
220.174.205.111,9537,53,9590
220.174.227.185,510,1136,1646
220.175.102.73,205,805,1010
220.175.143.165,186,82086,82272
220.175.143.247,42516,2179,44695
220.175.159.9,365,310,675
220.175.172.94,9537,53,9590
220.175.172.99,1428,1996,3424
220.175.241.56,514,1117,1631
220.175.31.96,24,31,55
220.175.32.236,9537,53,9590
220.175.39.109,93338,1010,94348
220.175.54.127,2011,26400,28411
220.176.157.1,9540,53,9593
220.176.249.179,1120,1860,2980
220.176.36.208,3282,462,3744
220.176.53.17,309,217,526
220.177.198.247,1188,900,2088
220.177.198.53,263286,27034,290320
220.177.6.199,692,437,1129
220.177.87.132,215,123,338
220.178.101.98,41400,1125,42525
220.178.116.83,4379,1140,5519
220.178.118.65,741,130,871
220.178.12.120,174861,3258,178119
220.178.12.135,53211,1160,54371
220.178.124.34,810,430,1240
220.178.124.40,1400495,38426,1438921
220.178.13.242,863,350,1213
220.178.155.251,203,398,601
220.178.224.12,35264,1346,36610
220.178.235.56,15180,448,15628
220.178.30.88,22486,942,23428
220.178.52.80,6168,460,6628
220.178.53.17,9616,446,10062
220.178.7.106,38427,2914,41341
220.178.7.107,15266,578,15844
220.179.152.13,105062,1816,106878
220.179.226.140,195,156,351
220.179.230.27,1564,470,2034
220.179.239.188,103,199,302
220.179.66.80,2040,148124,150164
220.179.84.240,1236,456,1692
220.180.182.143,40657,5222,45879
220.180.3.1,388,309,697
220.180.8.240,27336,1130,28466
220.181.1.179,16441,13263,29704
220.181.1.182,845,915,1760
220.181.1.186,20125,14459,34584
220.181.1.189,55872,95040,150912
220.181.1.190,416,811,1227
220.181.102.136,28853,23526,52379
220.181.103.145,1320602,10810,1331412
220.181.103.146,1666764,24021,1690785
220.181.105.193,26644551,954972,27599523
220.181.105.194,9855138,1217946,11073084
220.181.105.245,281827608,8463346,290290954
220.181.105.246,699905,284464,984369
220.181.105.255,296177977,7780959,303958936
220.181.106.0,563924,253737,817661
220.181.107.41,7021607,4154195,11175802
220.181.109.100,49157,243051,292208
220.181.109.105,2191,6073,8264
220.181.109.107,54196,71031,125227
220.181.109.109,25150,123867,149017
220.181.109.126,24045,74853,98898
220.181.109.131,3743,1553,5296
220.181.109.140,13373,7074,20447
220.181.109.15,7567,7238,14805
220.181.109.157,2467,10040,12507
220.181.109.158,838,3405,4243
220.181.109.159,1823,7831,9654
220.181.109.160,4117,16600,20717
220.181.109.163,2807,1657,4464
220.181.109.164,6525,4763,11288
220.181.109.173,43097,30977,74074
220.181.109.179,8980,6624,15604
220.181.109.180,36532,21305,57837
220.181.109.181,9751,4908,14659
220.181.109.190,296173,45057,341230
220.181.109.210,72468,13233,85701
220.181.109.212,365596,31908,397504
220.181.109.213,369960,29424,399384
220.181.109.221,214724,32698,247422
220.181.109.226,14718,62560,77278
220.181.109.227,49103,208804,257907
220.181.109.237,44911,85234,130145
220.181.109.254,376271,1448,377719
220.181.109.255,209341,3272,212613
220.181.109.45,16329,17957,34286
220.181.11.103,152562,645971,798533
220.181.11.104,8880,42671,51551
220.181.11.105,6328,27470,33798
220.181.11.119,51376,20094,71470
220.181.11.137,54863,19410,74273
220.181.11.151,17405,59812,77217
220.181.11.168,3120,3782,6902
220.181.11.49,1365,16918,18283
220.181.11.53,3054,1707,4761
220.181.11.54,7279,2642,9921
220.181.11.56,49265,175491,224756
220.181.11.60,4294,5504,9798
220.181.11.66,5080,6324,11404
220.181.11.70,66670,229113,295783
220.181.11.81,39,30349,30388
220.181.11.86,55422,219408,274830
220.181.11.88,7414,9054,16468
220.181.11.92,16800,74604,91404
220.181.11.94,28025,85260,113285
220.181.111.111,4948,2746,7694
220.181.111.120,1006588,5124672,6131260
220.181.111.125,5982,6197,12179
220.181.111.128,86378,16014,102392
220.181.111.141,63773,6934,70707
220.181.111.155,111972,593703,705675
220.181.111.156,504528,101059,605587
220.181.111.161,22544,3186,25730
220.181.111.162,83851,4687,88538
220.181.111.166,1323023,4954144,6277167
220.181.111.191,75996,34032,110028
220.181.111.193,173395479,62796317,236191796
220.181.111.21,120752,133654,254406
220.181.111.243,264029,57711,321740
220.181.111.253,2545,4933,7478
220.181.111.26,22472,26679,49151
220.181.111.30,4646,22097,26743
220.181.111.35,684598,53638,738236
220.181.111.38,2106,979,3085
220.181.111.40,140569,1559467,1700036
220.181.111.69,19413824,10839269,30253093
220.181.111.99,1078564,84572,1163136
220.181.112.10,1692,2310,4002
220.181.112.113,11781,34339,46120
220.181.112.12,409,651,1060
220.181.112.127,653284,5810405,6463689
220.181.112.128,928033,30973,959006
220.181.112.136,83603,102661,186264
220.181.112.137,6535,17802,24337
220.181.112.144,1800,767,2567
220.181.112.15,551077,2065622,2616699
220.181.112.199,60438,6866,67304
220.181.112.212,159612,626410,786022
220.181.112.217,628,187,815
220.181.112.221,29614,28580,58194
220.181.112.229,524796,2578886,3103682
220.181.112.249,175703518,66961509,242665027
220.181.112.30,230181,2266382,2496563
220.181.112.54,662990,1640507,2303497
220.181.112.55,1228057,11530596,12758653
220.181.112.65,2328584,443620,2772204
220.181.112.75,10136,4740910,4751046
220.181.112.79,615854,46069,661923
220.181.112.84,137883,16439,154322
220.181.112.87,492,2894,3386
220.181.112.97,480528,31016,511544
220.181.113.245,397682777,7096266,404779043
220.181.113.246,1174825,371792,1546617
220.181.113.255,364264918,6810646,371075564
220.181.113.3,862409,1947550,2809959
220.181.114.0,642071,274920,916991
220.181.115.101,11756961,363230,12120191
220.181.115.102,14994439,409415,15403854
220.181.115.103,9635062,320569,9955631
220.181.115.215,16272,4477,20749
220.181.115.27,62308,63087,125395
220.181.115.28,36887,4415,41302
220.181.117.135,3144716,14071,3158787
220.181.117.136,981843,11944,993787
220.181.117.142,31123,8544,39667
220.181.117.154,1634310,7471,1641781
220.181.117.156,550821,999,551820
220.181.117.157,7401,15034,22435
220.181.117.163,133691,7413,141104
220.181.117.165,1744823,3122,1747945
220.181.117.167,169892,16927,186819
220.181.117.169,2319133,63434,2382567
220.181.117.180,396060,890,396950
220.181.117.186,124200,922,125122
220.181.117.188,688620,2708,691328
220.181.117.189,2729298,3591,2732889
220.181.117.190,1746324,33606,1779930
220.181.117.191,343620,887,344507
220.181.117.192,195960,910,196870
220.181.117.193,526500,1179,527679
220.181.117.194,516120,925,517045
220.181.117.239,62210,304293,366503
220.181.117.242,45234,44378,89612
220.181.117.245,18903,4365,23268
220.181.117.246,58458,51833,110291
220.181.117.250,16405,264,16669
220.181.117.251,85090,390892,475982
220.181.118.130,16400,31296,47696
220.181.118.153,879,26463,27342
220.181.118.182,6851,20711,27562
220.181.118.186,4560,319,4879
220.181.118.58,217339,34992,252331
220.181.118.59,58215,27544,85759
220.181.118.60,85196,40126,125322
220.181.118.65,104310,35785,140095
220.181.12.111,81101,129838,210939
220.181.12.13,295846,84844,380690
220.181.12.16,8270,7346,15616
220.181.12.17,4135,125165,129300
220.181.12.211,236186,2667656,2903842
220.181.12.212,6586541,4054654,10641195
220.181.12.213,9383742,5323888,14707630
220.181.12.214,5093301,3289565,8382866
220.181.12.215,11504,141067,152571
220.181.12.223,113062,2474,115536
220.181.124.10,2011207,3378015,5389222
220.181.124.11,3734888,3995487,7730375
220.181.124.113,1610985,925066,2536051
220.181.124.114,1763951,1173227,2937178
220.181.124.115,1538827,922169,2460996
220.181.124.159,4007,1176,5183
220.181.124.18,1685192,1071701,2756893
220.181.124.19,1597447,990522,2587969
220.181.124.7,3896898,2693167,6590065
220.181.124.78,40850,45469,86319
220.181.124.8,4334362,3543564,7877926
220.181.124.9,1636266,2738971,4375237
220.181.124.99,30710,34159,64869
220.181.125.43,3156,1473,4629
220.181.126.47,181022,38738,219760
220.181.129.94,1786250,1117219,2903469
220.181.13.159,2747,3366,6113
220.181.13.160,7450,8141,15591
220.181.13.161,5105,5650,10755
220.181.13.162,7522,8246,15768
220.181.13.163,4745,5834,10579
220.181.13.164,7738,7277,15015
220.181.13.165,4079,4750,8829
220.181.13.166,5809,5870,11679
220.181.13.167,4230,4429,8659
220.181.13.168,3382,4213,7595
220.181.13.169,7530,7070,14600
220.181.13.170,7450,8567,16017
220.181.13.171,4643,4737,9380
220.181.13.172,3672,3516,7188
220.181.13.173,3677,4108,7785
220.181.132.237,72256,10738,82994
220.181.132.244,7801102,427857,8228959
220.181.135.17,0,0,0
220.181.135.25,1642580,5100,1647680
220.181.135.26,2522911,6462,2529373
220.181.135.27,9230067,6340,9236407
220.181.135.28,11219708,3815,11223523
220.181.135.29,259576,3382,262958
220.181.135.31,1617278,2819,1620097
220.181.135.32,10289824,5031,10294855
220.181.135.33,1348816,4233,1353049
220.181.135.36,418347,2388,420735
220.181.135.37,5543860,61819,5605679
220.181.135.39,6446,680,7126
220.181.135.43,241235,2744,243979
220.181.135.44,779871,7935,787806
220.181.136.30,1016783,348211,1364994
220.181.136.35,653398,53437,706835
220.181.136.48,79834,10294,90128
220.181.137.31,1246,9251,10497
220.181.138.33,555,350,905
220.181.138.34,44276083,8525,44284608
220.181.14.141,207,896,1103
220.181.14.142,208,897,1105
220.181.14.145,288,957,1245
220.181.14.146,215,895,1110
220.181.14.147,214,895,1109
220.181.14.148,216,895,1111
220.181.14.149,215,893,1108
220.181.14.153,207,895,1102
220.181.14.154,215,1789,2004
220.181.14.155,216,896,1112
220.181.14.167,215,893,1108
220.181.14.90,5800,4204,10004
220.181.14.91,12636,4392,17028
220.181.14.92,15144,5382,20526
220.181.141.193,219871,135,220006
220.181.141.194,439744,270,440014
220.181.141.245,181871672,4535366,186407038
220.181.141.246,510114,198648,708762
220.181.141.255,208546241,4890186,213436427
220.181.142.0,652567,287091,939658
220.181.143.217,3192,1512,4704
220.181.15.104,5170,3874,9044
220.181.15.132,17859,4819,22678
220.181.15.154,3888514,1772384,5660898
220.181.15.155,2081510,455804,2537314
220.181.15.73,5897,5834,11731
220.181.15.75,2757,3314,6071
220.181.15.76,5542,5607,11149
220.181.15.77,5167,4987,10154
220.181.150.136,383439,437477,820916
220.181.150.138,1994,2964,4958
220.181.150.140,26653,82454,109107
220.181.150.141,9347,9489,18836
220.181.150.143,8494,2186622,2195116
220.181.150.144,3988455,112275,4100730
220.181.150.149,12484,3869,16353
220.181.150.150,122604,69614,192218
220.181.150.153,3060910,60621,3121531
220.181.150.157,812645,170561,983206
220.181.150.159,119871251,49876916,169748167
220.181.150.160,518655,64489,583144
220.181.150.163,36280,2857,39137
220.181.150.166,799167,419567,1218734
220.181.150.167,825194,427277,1252471
220.181.150.169,14123264,873510,14996774
220.181.150.170,173018,88959,261977
220.181.150.182,38890,24406,63296
220.181.150.187,141414,44793,186207
220.181.150.189,2643,1338,3981
220.181.150.191,241056,1988929,2229985
220.181.150.192,719,1059,1778
220.181.150.200,272567,654416,926983
220.181.150.202,102543,137997,240540
220.181.150.205,357323,23504,380827
220.181.150.207,2992104,379575,3371679
220.181.150.210,14621,10286,24907
220.181.150.214,378246081,324271,378570352
220.181.150.215,5540,1643,7183
220.181.150.216,11222,127363,138585
220.181.150.217,6855,15495,22350
220.181.150.219,13022,25105,38127
220.181.150.220,13476593,1751748,15228341
220.181.150.221,41513640,6397402,47911042
220.181.150.224,846202,446320,1292522
220.181.150.226,247055,56342,303397
220.181.150.228,680416,211228,891644
220.181.150.230,658619,48982,707601
220.181.150.231,9169921,3947393,13117314
220.181.150.232,492878,500598,993476
220.181.150.233,764590,3824817,4589407
220.181.150.235,85984,447532,533516
220.181.150.240,2208,4296,6504
220.181.150.242,1042483,233547,1276030
220.181.150.244,3214646,344533,3559179
220.181.150.245,12801,5681,18482
220.181.150.247,1384950,103590,1488540
220.181.150.251,3926,2471,6397
220.181.150.252,37184542,17639508,54824050
220.181.150.253,571670,54830,626500
220.181.150.254,2976,2533,5509
220.181.151.0,486331,91311,577642
220.181.153.175,169897,253318,423215
220.181.153.191,827,1762,2589
220.181.153.207,15242820,313463,15556283
220.181.153.221,8790,9786,18576
220.181.153.224,11117,25984,37101
220.181.153.227,17256556,226632,17483188
220.181.153.240,58924,71047,129971
220.181.153.250,70275,340109,410384
220.181.154.0,13141,50128,63269
220.181.154.152,15868,35791,51659
220.181.154.16,32997357,9607,33006964
220.181.154.169,218,746,964
220.181.154.17,13405523,7482,13413005
220.181.154.171,109,404,513
220.181.154.172,109,417,526
220.181.154.173,13102,67123,80225
220.181.154.174,20146,105078,125224
220.181.154.176,19804,98618,118422
220.181.154.177,24419,117063,141482
220.181.154.178,28161,131283,159444
220.181.154.179,3519048,124440,3643488
220.181.154.18,2493201,4768,2497969
220.181.154.180,4380764,111639,4492403
220.181.154.183,32659,142192,174851
220.181.154.184,20324,119307,139631
220.181.154.187,12846,74653,87499
220.181.154.189,19607,109648,129255
220.181.154.19,12674057,8719,12682776
220.181.154.192,23588,127398,150986
220.181.154.193,20213,83506,103719
220.181.154.194,3809745,159038,3968783
220.181.154.195,22040,25057,47097
220.181.154.196,13457,15997,29454
220.181.154.197,20466,22851,43317
220.181.154.198,20358,23106,43464
220.181.154.199,23523,25546,49069
220.181.154.20,5943925,5567,5949492
220.181.154.200,18493,21368,39861
220.181.154.21,11883467,7667,11891134
220.181.154.22,12491713,11470,12503183
220.181.154.227,51226,65923,117149
220.181.154.23,14667005,6837,14673842
220.181.154.46,644733,2092,646825
220.181.154.47,3778962,4475,3783437
220.181.154.48,23078122,11175,23089297
220.181.154.49,6892993,4585,6897578
220.181.154.50,1407178,1543,1408721
220.181.154.51,20629877,9016,20638893
220.181.154.52,9221900,6304,9228204
220.181.154.53,15261033,7014,15268047
220.181.155.107,160564,30869,191433
220.181.155.136,2133,3782,5915
220.181.155.182,26313,4461,30774
220.181.155.184,975,621,1596
220.181.155.188,10314,27533,37847
220.181.155.247,287404,13554,300958
220.181.155.248,3549,16523,20072
220.181.155.253,1062415,73104,1135519
220.181.155.55,899,4255,5154
220.181.155.89,2529,2932,5461
220.181.156.165,3790446,4724781,8515227
220.181.156.167,1331676,7479182,8810858
220.181.156.168,42756,15060,57816
220.181.156.169,18743,4317,23060
220.181.156.172,8893047,107081156,115974203
220.181.156.174,12509,3356,15865
220.181.156.195,1412815,47549,1460364
220.181.156.212,447,87,534
220.181.156.218,23740,4634,28374
220.181.156.221,91513,4703,96216
220.181.156.222,4811106,2584178,7395284
220.181.156.223,4072918,3665077,7737995
220.181.156.225,802602,3136,805738
220.181.157.101,35316,13984,49300
220.181.157.137,1683210,4144396,5827606
220.181.157.138,7711,10476,18187
220.181.157.239,414828,60816,475644
220.181.157.97,53916957,4182008,58098965
220.181.157.98,6277,206457,212734
220.181.158.206,52601187,2544227,55145414
220.181.158.208,301366932,256669665,558036597
220.181.158.235,135976,5209,141185
220.181.158.240,367924,201210,569134
220.181.158.242,1695433,200419,1895852
220.181.158.244,19739,7184,26923
220.181.158.245,84900,139729,224629
220.181.159.100,317527,45367,362894
220.181.159.101,121600,96371,217971
220.181.159.2,928388,11636117,12564505
220.181.159.220,11516175,1641856,13158031
220.181.159.221,15469094,824524,16293618
220.181.159.222,4088974,1757924,5846898
220.181.159.224,35701177,35434361,71135538
220.181.159.225,6270,29556,35826
220.181.159.96,824475,427412,1251887
220.181.159.97,31878973,27707828,59586801
220.181.159.98,1719078,270505,1989583
220.181.163.143,451662,608907,1060569
220.181.163.161,1000460,235297,1235757
220.181.163.187,111249,377811,489060
220.181.163.188,77557,376740,454297
220.181.163.20,56043,66347,122390
220.181.163.202,355514,201643,557157
220.181.163.21,2712,3608,6320
220.181.163.232,308936,76192,385128
220.181.163.233,12774,3207,15981
220.181.163.24,8612,10863,19475
220.181.163.25,23584,41158,64742
220.181.163.27,5368163,344333,5712496
220.181.163.38,6231116,642531,6873647
220.181.163.59,3065545,438703,3504248
220.181.163.72,53862,67613,121475
220.181.163.75,14191,152697,166888
220.181.163.95,1596,5624,7220
220.181.164.19,1012,1179,2191
220.181.164.31,22591,16448,39039
220.181.164.36,100648,386200,486848
220.181.164.37,364,2440,2804
220.181.164.41,60539,535832,596371
220.181.164.43,0,7728,7728
220.181.164.44,95346661,108651474,203998135
220.181.164.47,22600696,387417,22988113
220.181.164.57,2838478,5332745,8171223
220.181.164.64,5717399,4969012,10686411
220.181.164.77,317350,866275,1183625
220.181.164.84,83435,1006450,1089885
220.181.167.10,7062005,264972,7326977
220.181.167.11,1344877,132834,1477711
220.181.167.13,1932315,131379,2063694
220.181.167.14,1587937,125799,1713736
220.181.167.184,7606,7119,14725
220.181.167.185,15589,12807,28396
220.181.167.186,12987,16307,29294
220.181.167.187,15899,13363,29262
220.181.167.188,5864,5616,11480
220.181.167.194,19333,19478,38811
220.181.167.51,44406,41893,86299
220.181.167.64,8596,3160,11756
220.181.167.67,13604,9708,23312
220.181.167.94,541449,985549,1526998
220.181.167.95,489639,877434,1367073
220.181.168.164,563,1911,2474
220.181.168.77,128169,7868,136037
220.181.172.20,191760,460,192220
220.181.180.110,904,3844,4748
220.181.180.126,1222,10689,11911
220.181.180.230,225328,18774,244102
220.181.181.136,48805,3248,52053
220.181.181.202,5767,1111,6878
220.181.181.218,991,1414,2405
220.181.181.221,7573,28984,36557
220.181.181.224,4734,8944,13678
220.181.181.227,64333,26024,90357
220.181.181.228,418376,282674,701050
220.181.181.229,666306,393783,1060089
220.181.181.230,22515,11242,33757
220.181.181.231,31888,21989,53877
220.181.181.232,3000,915,3915
220.181.181.233,61957,26512,88469
220.181.181.234,67654,29632,97286
220.181.181.235,139871,53447,193318
220.181.181.236,84182,48113,132295
220.181.181.237,204354,135007,339361
220.181.181.238,66321,47693,114014
220.181.181.239,63340,49971,113311
220.181.181.241,52202,37020,89222
220.181.181.242,585880,379981,965861
220.181.181.35,1410,9584,10994
220.181.181.38,3496,27720,31216
220.181.183.37,194110,236807,430917
220.181.183.38,240638,344066,584704
220.181.183.40,26081,136672,162753
220.181.183.41,161385,79423,240808
220.181.183.43,721060,2839729,3560789
220.181.184.109,344,727,1071
220.181.184.111,8720,42500,51220
220.181.184.141,504,635,1139
220.181.184.164,3563,3315,6878
220.181.184.178,22459,104180,126639
220.181.184.44,26401,134784,161185
220.181.184.45,14210,60084,74294
220.181.184.51,6701,30601,37302
220.181.184.85,196077,111987,308064
220.181.185.143,58165,117996,176161
220.181.185.146,2520414,243243,2763657
220.181.185.147,4503749,828495,5332244
220.181.185.148,311060,23673,334733
220.181.185.149,198425,4473,202898
220.181.185.150,730726,260229,990955
220.181.185.154,12300,37765,50065
220.181.185.156,14155,45644,59799
220.181.185.164,6080,12731,18811
220.181.185.172,17281,47003,64284
220.181.185.173,12512,38954,51466
220.181.185.174,13511,42141,55652
220.181.185.175,20047,46460,66507
220.181.185.176,29492,53751,83243
220.181.185.183,9182,17290,26472
220.181.185.186,21048,65327,86375
220.181.185.187,10334,31302,41636
220.181.185.188,15003,46687,61690
220.181.185.223,13690,70843,84533
220.181.185.224,31771,183773,215544
220.181.185.67,9134220,269040,9403260
220.181.185.68,6657070,267772,6924842
220.181.185.69,5419135,245920,5665055
220.181.185.70,8648974,249445,8898419
220.181.185.78,8502817,387788,8890605
220.181.185.89,8836823,350995,9187818
220.181.186.184,4746,1640,6386
220.181.19.112,30052,1811,31863
220.181.19.143,13962,54707,68669
220.181.19.144,14880,57192,72072
220.181.19.156,79229,4901,84130
220.181.19.159,204447,26060,230507
220.181.19.176,119,48793,48912
220.181.19.223,3584,316,3900
220.181.2.140,12217,11866,24083
220.181.2.141,9530,9003,18533
220.181.2.149,4855,5723,10578
220.181.2.150,6361,6121,12482
220.181.2.151,11783,6220,18003
220.181.2.152,7034,4873,11907
220.181.2.189,383682,79257,462939
220.181.2.198,233156,62422,295578
220.181.2.228,14421,41158,55579
220.181.2.230,6828,10012,16840
220.181.2.41,242509,52223,294732
220.181.2.49,10235,11316,21551
220.181.2.9,520789,92780,613569
220.181.20.12,4620,83823,88443
220.181.20.50,4935,86649,91584
220.181.21.144,495371,16740,512111
220.181.21.198,7918134,17543,7935677
220.181.21.200,9200700,148082,9348782
220.181.21.201,7804415,99083,7903498
220.181.21.203,3310840,15250,3326090
220.181.21.205,3520695,16315,3537010
220.181.21.206,0,0,0
220.181.21.212,44028,3490,47518
220.181.21.213,5949,5638,11587
220.181.21.214,210719,7147,217866
220.181.21.215,610780,54621,665401
220.181.21.217,17944,512,18456
220.181.21.235,977086,30908,1007994
220.181.22.203,0,572,572
220.181.24.105,41341,4392,45733
220.181.24.112,1136238,7225247,8361485
220.181.24.116,9915,36207,46122
220.181.24.121,9774,13132,22906
220.181.24.76,17573,8553,26126
220.181.24.80,393677,126054,519731
220.181.24.82,11509,13980,25489
220.181.24.83,59298,26501,85799
220.181.24.86,186360,19412,205772
220.181.24.92,582,4119,4701
220.181.24.97,2155558,218420,2373978
220.181.25.198,26765,13954,40719
220.181.25.199,5298,4984,10282
220.181.25.203,4663,267,4930
220.181.26.11,33470,154591,188061
220.181.26.12,89991,396365,486356
220.181.26.127,1091,1257,2348
220.181.26.13,6925,30895,37820
220.181.26.14,38700,185006,223706
220.181.26.178,1100,1028,2128
220.181.26.179,1088,1260,2348
220.181.26.90,143601,121442,265043
220.181.29.237,361162,56598,417760
220.181.29.34,511851,342483,854334
220.181.31.184,1920,2752,4672
220.181.31.185,6400,15917,22317
220.181.32.105,3639,899,4538
220.181.32.119,1082064,31850,1113914
220.181.32.63,1892221,91376,1983597
220.181.32.83,377364,519512,896876
220.181.32.88,1713702,2255956,3969658
220.181.32.92,189431,224397,413828
220.181.35.101,18516,26477,44993
220.181.35.102,19209,26132,45341
220.181.35.103,18849,22834,41683
220.181.35.104,5832,5810,11642
220.181.35.214,1546,1427,2973
220.181.35.218,6384,16742,23126
220.181.35.219,2082,5014,7096
220.181.41.26,724,462,1186
220.181.41.31,18033,1564,19597
220.181.41.39,6936,2172,9108
220.181.46.168,19468,2607,22075
220.181.46.180,212258,14028,226286
220.181.46.190,1251458,742199,1993657
220.181.46.192,30294,678,30972
220.181.46.193,1835596,685147,2520743
220.181.46.194,6054,407,6461
220.181.47.191,103163,24651,127814
220.181.49.70,1298238,221907,1520145
220.181.52.184,1966686,8874620,10841306
220.181.56.104,739038,5783,744821
220.181.57.101,381,586,967
220.181.57.111,2309448,175219,2484667
220.181.57.122,46023,7179,53202
220.181.57.123,1682521,526368,2208889
220.181.57.128,935857,233935,1169792
220.181.57.129,5280,43777,49057
220.181.57.151,1895324,470245,2365569
220.181.57.152,2384,4830,7214
220.181.57.154,6210,38718,44928
220.181.57.155,4817,18253,23070
220.181.57.16,1123389,556533,1679922
220.181.57.167,6102,1620,7722
220.181.57.171,2056813,66293,2123106
220.181.57.201,1655692,272299,1927991
220.181.57.205,7543,2619,10162
220.181.57.217,858773,4769009,5627782
220.181.57.219,12805845,471550,13277395
220.181.57.220,230305,46489,276794
220.181.57.222,13331,20331,33662
220.181.57.72,38105,9235,47340
220.181.57.83,1469,2064,3533
220.181.57.86,6324,3576,9900
220.181.57.94,3791670,186882,3978552
220.181.59.106,6998,2915,9913
220.181.60.136,6723,9844,16567
220.181.60.137,8309,12689,20998
220.181.60.138,5344,8704,14048
220.181.60.139,5344,12012,17356
220.181.60.142,10912,18468,29380
220.181.60.143,10550,17060,27610
220.181.60.182,21168,120382,141550
220.181.60.183,23833,140859,164692
220.181.61.141,4813,2814,7627
220.181.61.142,138759,18046,156805
220.181.61.143,2652,754,3406
220.181.61.144,1560,1219,2779
220.181.61.145,1483,1240,2723
220.181.61.146,1660,1551,3211
220.181.61.147,60,195,255
220.181.61.148,190,152,342
220.181.61.151,20,64,84
220.181.61.152,6959,654,7613
220.181.61.153,1028,375,1403
220.181.61.156,5136,8878,14014
220.181.61.159,16,47,63
220.181.61.160,117,76720,76837
220.181.61.161,117,2686,2803
220.181.61.178,16059,54771,70830
220.181.61.179,19924,61233,81157
220.181.61.18,11445,113094,124539
220.181.61.19,9870,85536,95406
220.181.61.204,20091,44001,64092
220.181.61.213,44037,12043,56080
220.181.61.217,45720,33821,79541
220.181.61.218,26521,24865,51386
220.181.61.234,12292,8917,21209
220.181.61.245,28809,18351,47160
220.181.64.136,5446413,156818,5603231
220.181.64.141,20398097,151917,20550014
220.181.64.150,2202246,111135,2313381
220.181.64.151,2976539,945929,3922468
220.181.64.152,717054,32847,749901
220.181.64.158,480339,35362,515701
220.181.64.160,3690196,95720,3785916
220.181.64.171,6852097,87904,6940001
220.181.64.172,20508559,229451,20738010
220.181.64.175,14424600,516960,14941560
220.181.64.176,10200329,240741,10441070
220.181.64.179,85793,1715,87508
220.181.64.180,8741668,337416,9079084
220.181.64.181,3687574,61375,3748949
220.181.64.183,740336,18821,759157
220.181.64.185,5922576,27002,5949578
220.181.64.186,13524356,453468,13977824
220.181.64.187,15375813,247539,15623352
220.181.64.188,4674557,83847,4758404
220.181.64.189,17366081,311053,17677134
220.181.64.191,20756987,26627,20783614
220.181.64.225,14827960,494187,15322147
220.181.64.230,377762,270891,648653
220.181.64.231,8353771,451562,8805333
220.181.64.250,356890,79979,436869
220.181.65.1,2579910,20191,2600101
220.181.66.0,3934722,172970,4107692
220.181.66.137,3461,2334,5795
220.181.66.138,7378,922,8300
220.181.66.139,622617,619504,1242121
220.181.66.145,1116411,655042,1771453
220.181.66.209,908721,12000,920721
220.181.67.118,2367,6982,9349
220.181.67.65,990,675,1665
220.181.69.144,109522,1592,111114
220.181.69.145,3110,351,3461
220.181.69.188,50257,113187,163444
220.181.69.71,9347,32678,42025
220.181.69.72,17321,648638,665959
220.181.69.73,45831,38156,83987
220.181.69.74,53502,48349,101851
220.181.69.76,8323,20818,29141
220.181.72.152,1411105,2670477,4081582
220.181.72.156,1259185,304803,1563988
220.181.72.157,31442249,7221090,38663339
220.181.72.234,67252,105347,172599
220.181.72.31,1424,3364,4788
220.181.72.97,798,154980,155778
220.181.72.98,7713,1172885,1180598
220.181.74.134,4857186,79705,4936891
220.181.74.135,816164,29898,846062
220.181.74.145,3770301,79841,3850142
220.181.74.170,1304205,75564,1379769
220.181.74.171,704867,74365,779232
220.181.74.172,5837023,28909,5865932
220.181.74.173,5459610,21405,5481015
220.181.74.206,21771408,77185,21848593
220.181.74.29,7528,9260,16788
220.181.74.30,722,430,1152
220.181.74.40,9595,10947,20542
220.181.75.112,23864,1235,25099
220.181.75.121,1182085,733745,1915830
220.181.76.26,2600585,356298,2956883
220.181.76.27,3090683,517961,3608644
220.181.76.28,3384654,517808,3902462
220.181.76.30,3286753,353936,3640689
220.181.76.31,2998580,284613,3283193
220.181.76.32,3419255,348768,3768023
220.181.76.33,2830218,298849,3129067
220.181.76.34,131575,7025,138600
220.181.76.35,5834,2501,8335
220.181.76.36,27607,5770,33377
220.181.76.37,14901,2226,17127
220.181.76.38,1142834,858135,2000969
220.181.76.39,1119198,625603,1744801
220.181.76.40,2187259,1463939,3651198
220.181.76.41,3848485,2755007,6603492
220.181.76.42,832407,473769,1306176
220.181.76.43,2605361,1794879,4400240
220.181.76.44,1129982,1059478,2189460
220.181.76.45,1090592,1035818,2126410
220.181.76.66,1709692,1774908,3484600
220.181.76.67,622733,359470,982203
220.181.76.68,689951,584763,1274714
220.181.76.69,911393,608818,1520211
220.181.76.70,2972852,1329808,4302660
220.181.76.71,2287147,810738,3097885
220.181.76.72,2715157,1297908,4013065
220.181.76.73,2201956,923648,3125604
220.181.76.74,1699213,504063,2203276
220.181.76.75,2041204,745077,2786281
220.181.76.76,1664162,831828,2495990
220.181.76.77,2482501,1195624,3678125
220.181.76.78,1944322,967241,2911563
220.181.76.80,638993,315867,954860
220.181.76.81,2311010,650188,2961198
220.181.78.241,14520,464,14984
220.181.78.245,492721317,25601859,518323176
220.181.78.246,6798068,2638990,9437058
220.181.78.255,493404739,26242292,519647031
220.181.79.0,7144026,2351071,9495097
220.181.79.17,2262,2530,4792
220.181.79.70,96710,26611,123321
220.181.8.231,19110,7812,26922
220.181.8.32,633762,219955,853717
220.181.8.34,681437,285391,966828
220.181.8.71,19673,4229,23902
220.181.89.6,8932,44447,53379
220.181.89.7,22176,87874,110050
220.181.89.79,495,2312,2807
220.181.89.80,29469,30979,60448
220.181.9.134,223,22173,22396
220.181.90.126,21174,3230,24404
220.181.90.152,70242,7344,77586
220.181.90.159,20344,40641,60985
220.181.90.160,2072,240,2312
220.181.90.161,38259,764,39023
220.181.90.162,18396,256,18652
220.181.90.163,2508,160,2668
220.181.90.17,28251517,1950730,30202247
220.181.90.170,38146,66813,104959
220.181.90.171,7315,19400,26715
220.181.90.18,34794787,2522352,37317139
220.181.90.181,18459,53936,72395
220.181.90.182,17580,57241,74821
220.181.90.19,25502961,1929804,27432765
220.181.90.198,39,577,616
220.181.90.20,29635151,2049397,31684548
220.181.90.21,33046578,2126392,35172970
220.181.90.22,31207250,2120831,33328081
220.181.90.223,40120,145560,185680
220.181.90.224,38350,141434,179784
220.181.90.225,25665,99925,125590
220.181.90.226,43070,153555,196625
220.181.90.245,338,1095,1433
220.181.90.25,34309238,2005023,36314261
220.181.90.26,29627487,1962090,31589577
220.181.90.27,32686495,1913735,34600230
220.181.90.28,34798360,1892991,36691351
220.181.90.30,10353306,2428882,12782188
220.181.90.31,7946583,2417656,10364239
220.181.90.32,6310776,2601171,8911947
220.181.90.33,3358680,2157166,5515846
220.181.90.36,60054,19160,79214
220.181.90.39,117868,10236,128104
220.181.90.42,30428353,2036876,32465229
220.181.90.43,7746499,2724027,10470526
220.181.90.44,7394847,2879227,10274074
220.181.90.45,9974329,3424182,13398511
220.181.90.46,5105986,2532149,7638135
220.181.90.56,4067507,2877466,6944973
220.181.90.57,3366954,2282161,5649115
220.181.90.72,36591,20939,57530
220.181.90.74,39,26331,26370
220.181.90.75,39,762,801
220.181.90.78,1315,5108,6423
220.181.90.79,27674,29828,57502
220.181.90.80,10256,17917,28173
220.181.90.81,1651,6290,7941
220.181.90.82,2450,5475,7925
220.181.90.84,11922,2398,14320
220.181.90.99,20107,39670,59777
220.181.91.144,141457,23198,164655
220.181.91.18,1542692,3654,1546346
220.181.91.185,4646288,14704,4660992
220.181.91.186,71285,236,71521
220.181.91.19,1919033,6454,1925487
220.181.91.192,386299,19712,406011
220.181.91.195,1828,1743,3571
220.181.91.196,49688,6945,56633
220.181.91.198,248075,6098,254173
220.181.91.199,3477166,27825,3504991
220.181.91.20,6383184,10990,6394174
220.181.91.200,3121875,34090,3155965
220.181.91.201,272014,14479,286493
220.181.91.203,23756,519,24275
220.181.91.21,8521145,10988,8532133
220.181.91.215,223049,38947,261996
220.181.91.22,3872401,6327,3878728
220.181.91.23,4346599,7934,4354533
220.181.91.24,4654937,9467,4664404
220.181.91.25,8062344,15690,8078034
220.181.91.26,9662730,9034,9671764
220.181.91.27,1590776,4128,1594904
220.181.91.29,6757200,13328,6770528
220.181.91.30,1375886,5570,1381456
220.181.91.31,3500703,8084,3508787
220.181.91.32,10106884,16084,10122968
220.181.91.34,5735622,10407,5746029
220.181.91.35,1112060,5231,1117291
220.181.91.36,6747280,8867,6756147
220.181.91.37,8032512,18592,8051104
220.181.91.42,28870462,17258,28887720
220.181.91.43,9660426,9676,9670102
220.181.91.44,18984073,20473,19004546
220.181.99.170,363236,20244,383480
220.181.99.48,732,3383,4115
220.184.141.94,618,1115,1733
220.184.186.214,309,598,907
220.185.166.100,12523,1243,13766
220.185.167.213,9537,52,9589
220.185.170.37,46454,1148,47602
220.185.28.124,32882,139,33021
220.189.14.181,9537,53,9590
220.189.200.219,16560,450,17010
220.189.202.211,20128,950,21078
220.189.202.235,24840,456,25296
220.189.211.19,3763,402,4165
220.189.211.20,268912,111646,380558
220.189.211.22,6489,1044,7533
220.189.211.23,18504,15705,34209
220.189.211.27,3381,5223,8604
220.189.218.10,24840,456,25296
220.189.220.85,12762,454,13216
220.189.221.141,306762,901,307663
220.189.221.189,209562,787,210349
220.189.249.243,20412,512,20924
220.189.249.63,9616,450,10066
220.189.255.29,2189703,127538,2317241
220.191.101.250,103,199,302
220.191.125.104,525,375,900
220.191.202.235,5516,697,6213
220.191.21.151,93036,293,93329
220.191.210.13,31007,684,31691
220.191.210.179,19320,456,19776
220.191.224.57,19320,456,19776
220.191.228.138,45204,3720,48924
220.191.229.139,8808,458,9266
220.191.230.215,1468,268,1736
220.191.236.85,15180,458,15638
220.191.243.127,18014,930,18944
220.191.253.186,9616,458,10074
220.194.199.68,212966,14004,226970
220.194.199.69,454833,11667,466500
220.194.199.81,0,0,0
220.194.203.67,212,249,461
220.194.203.91,720,1665,2385
220.194.213.216,67181,1272,68453
220.194.213.217,202405,2544,204949
220.194.216.19,2608272,12744,2621016
220.194.216.20,2179661,22782,2202443
220.194.216.23,87476,1596,89072
220.194.216.37,1055,2872,3927
220.194.249.61,41,143,184
220.194.48.141,0,0,0
220.194.48.143,55723,83395,139118
220.194.58.142,16560,456,17016
220.194.59.46,1902,1584,3486
220.194.60.135,26539,1913,28452
220.194.60.136,312392,2140,314532
220.194.62.151,17535,2318,19853
220.196.42.187,256392,11397,267789
220.196.59.46,18147,464,18611
220.198.115.129,310,330,640
220.200.18.209,129,200,329
220.202.121.211,542404,2136,544540
220.228.6.237,0,0,0
220.231.189.73,16560,462,17022
220.231.190.47,63539,2634,66173
220.231.2.25,3244,824,4068
220.231.31.168,26220,1032,27252
220.233.76.185,85629,16240,101869
220.245.67.189,757920,21715,779635
220.248.13.55,285,263,548
220.248.79.50,73116,227,73343
220.249.151.59,59526,2236,61762
220.249.154.111,41,143,184
220.249.243.124,908,622,1530
220.249.243.127,331,615,946
220.249.243.25,5390,744,6134
220.249.243.32,15080,1121,16201
220.249.244.253,462,1749,2211
220.249.245.94,524,1995,2519
220.249.245.95,524,1899,2423
220.249.245.96,262,2244,2506
220.249.245.97,786,2980,3766
220.249.245.98,1048,6113,7161
220.78.186.151,22058,36130,58188
221.0.110.39,15180,460,15640
221.0.174.136,429,431,860
221.1.204.166,1495,277,1772
221.10.171.26,41,151,192
221.10.253.210,16900,448,17348
221.106.11.0,841,285422,286263
221.11.139.169,654,229,883
221.11.253.160,41,151,192
221.11.97.182,41,151,192
221.12.138.145,33120,942,34062
221.12.138.93,16560,454,17014
221.12.53.58,1689,226,1915
221.122.111.90,18760,448,19208
221.122.112.182,19320,450,19770
221.122.113.169,220601,37179,257780
221.122.115.227,305692,3423,309115
221.122.117.130,1668733,64178,1732911
221.122.117.78,65958,2628,68586
221.122.127.142,691743,4745,696488
221.122.127.176,845,4724,5569
221.122.127.23,48985,134376,183361
221.122.127.33,269603,434868,704471
221.122.127.38,197665,17377,215042
221.122.127.43,882287,7493,889780
221.122.127.77,1422850,12095,1434945
221.122.127.81,510,1014,1524
221.122.127.86,57429,258386,315815
221.122.127.95,8280,224,8504
221.122.127.97,289889,448316,738205
221.122.20.179,2244,16167,18411
221.122.20.181,4566,22289,26855
221.122.71.85,107640,811,108451
221.122.80.126,2760,234,2994
221.122.80.129,9660,234,9894
221.123.168.126,1235,677,1912
221.123.168.127,122504,10405,132909
221.123.170.125,35836,55581,91417
221.123.170.18,16021,4629,20650
221.123.170.45,152454,83707,236161
221.123.170.59,30098,33757,63855
221.123.170.92,1902,2192,4094
221.123.179.204,42120,1394,43514
221.124.74.99,238,639,877
221.13.152.207,40020,898,40918
221.13.155.28,169740,424,170164
221.13.9.85,3765,802,4567
221.130.165.116,42780,1190,43970
221.130.176.149,12686,442,13128
221.130.179.41,0,84812,84812
221.130.190.200,131,660,791
221.130.190.201,3,3,6
221.130.190.230,12328,4433,16761
221.130.190.249,4323,1842,6165
221.130.190.250,2811,1450,4261
221.130.190.251,2246,1300,3546
221.130.190.27,886,200,1086
221.130.199.129,54642,151129,205771
221.130.199.207,851972,107426,959398
221.130.199.213,11578,1437,13015
221.130.199.221,320265,11055,331320
221.130.199.238,34096076,1332069,35428145
221.130.199.254,983,537,1520
221.130.199.93,265194,147813,413007
221.130.200.97,1981,1700,3681
221.130.44.237,19115835,1336682,20452517
221.130.44.238,58097,2964,61061
221.130.45.139,397835,276639,674474
221.130.45.160,1528451,454571,1983022
221.130.45.203,367754,297104,664858
221.130.45.206,88311456,2193830,90505286
221.130.45.209,2043,90505,92548
221.130.45.217,10383520,1573220,11956740
221.130.45.220,53377,93154,146531
221.130.46.124,1527042,70938,1597980
221.130.46.156,523802,248569,772371
221.131.71.84,27600,454,28054
221.133.245.140,155205,4846,160051
221.136.93.24,1832,226,2058
221.143.48.127,1415235,14322,1429557
221.146.245.102,430,2140,2570
221.149.130.135,936,554,1490
221.15.35.51,16560,456,17016
221.166.137.174,15283,8750,24033
221.174.25.36,16560,1209,17769
221.176.28.106,2093178,211958,2305136
221.176.28.141,1140,3505,4645
221.176.28.35,302180,82380,384560
221.176.28.66,5376051,2509186,7885237
221.176.28.67,113555644,47044533,160600177
221.176.28.68,93191416,36496882,129688298
221.176.30.183,7972985,2043001,10015986
221.176.30.187,30848,8466,39314
221.176.30.192,495005,200605,695610
221.176.30.199,7790282,378592,8168874
221.176.30.202,3401,916,4317
221.176.30.204,19628933,661679,20290612
221.176.30.206,1015926,17533,1033459
221.176.30.211,120713,86556,207269
221.176.30.220,2148,8180,10328
221.176.30.221,925222,710176,1635398
221.176.30.239,483179,613823,1097002
221.176.30.240,106143,101797,207940
221.176.30.250,24753343,15718359,40471702
221.176.30.251,21858272,136854247,158712519
221.176.30.53,262461,65115,327576
221.176.30.55,20659,27978,48637
221.176.30.57,570856,4944955,5515811
221.176.31.102,2569201,384055,2953256
221.176.31.104,1407,1099,2506
221.176.31.105,2614876,840631,3455507
221.176.31.106,29665309,5622036,35287345
221.176.31.108,217204,693279,910483
221.176.31.109,95970,251420,347390
221.176.31.110,347816,629557,977373
221.176.31.111,48343,280038,328381
221.176.31.112,82861,103807,186668
221.176.31.113,48221,90587,138808
221.176.31.123,75802,288162,363964
221.176.31.125,74378,115051,189429
221.176.31.127,63348,209700,273048
221.176.31.129,90715,71688,162403
221.176.31.131,142774,92731,235505
221.176.31.145,34644,40340,74984
221.176.31.147,5807306,7172415,12979721
221.176.31.149,244537,75656,320193
221.176.31.15,173398,430452,603850
221.176.31.150,12257,69973,82230
221.176.31.16,769531,196400,965931
221.176.31.17,202313,79369,281682
221.176.31.178,21436,24223,45659
221.176.31.18,115058,223115,338173
221.176.31.182,241750,97138,338888
221.176.31.190,32955,198152,231107
221.176.31.191,22685,669083,691768
221.176.31.193,1556012,1439926,2995938
221.176.31.200,672,5535,6207
221.176.31.209,6362869,1884001,8246870
221.176.31.211,2525207,471092,2996299
221.176.31.230,11830406,4687123,16517529
221.176.31.244,1791320,347763,2139083
221.176.31.254,332297,25414,357711
221.176.31.6,17903397,2874557,20777954
221.176.31.61,75177,135655,210832
221.176.31.62,223947,136200,360147
221.176.31.72,3072801,164191,3236992
221.176.31.74,59002802,180230,59183032
221.176.31.79,1630,2285,3915
221.176.60.136,28152,1813,29965
221.176.60.137,75018,1813,76831
221.176.60.143,779122,51140,830262
221.176.60.144,1855484,61007,1916491
221.176.64.200,1544995,120420,1665415
221.176.9.126,1841491,43110,1884601
221.176.9.132,207876,85181,293057
221.176.9.135,28399,50528,78927
221.176.9.146,42272,1204,43476
221.176.9.147,4356,4364,8720
221.176.9.184,527293,86657,613950
221.176.9.187,13459,10859,24318
221.176.9.217,86541,31232,117773
221.176.9.220,1630,3204,4834
221.176.9.98,1430,2974,4404
221.179.173.112,1693,297,1990
221.179.178.10,456,1274,1730
221.179.178.11,228,637,865
221.179.178.6,456,1274,1730
221.179.190.10,69163,59357,128520
221.179.190.212,29708,11356,41064
221.179.190.213,769,519,1288
221.179.190.216,22001,715,22716
221.179.190.254,675,1596,2271
221.179.193.175,1290,3782,5072
221.179.193.232,9667,1515,11182
221.179.8.178,566,576,1142
221.180.149.159,22080,450,22530
221.180.185.224,34406,1404,35810
221.181.64.21,1074837,128872534,129947371
221.181.64.22,1509704,218367349,219877053
221.181.64.23,501984,38986760,39488744
221.181.64.33,524207,130425795,130950002
221.181.64.34,38672,95103,133775
221.181.64.35,166904,57254569,57421473
221.181.64.36,286583,18089243,18375826
221.181.64.37,784409,77195071,77979480
221.181.64.38,836583,62328846,63165429
221.181.64.39,932030,480843081,481775111
221.181.64.41,1234475,198844305,200078780
221.181.64.42,345465,25830903,26176368
221.181.64.45,501292,4024741,4526033
221.181.64.57,8565,886,9451
221.181.64.59,437648,407498850,407936498
221.181.69.65,14489,1194,15683
221.181.73.222,3139,1571,4710
221.181.73.225,2089,1371,3460
221.181.73.59,0,684,684
221.181.73.79,1279516,12076,1291592
221.182.218.248,12774,32046,44820
221.182.218.249,1141095,105070,1246165
221.182.89.153,17940,446,18386
221.192.132.10,854,942,1796
221.192.141.79,9628,226,9854
221.192.141.80,9628,226,9854
221.192.147.117,14500,12365,26865
221.192.147.43,105172,25799,130971
221.192.147.44,103063,25153,128216
221.192.147.45,98845,23459,122304
221.192.147.46,216837,24423,241260
221.193.75.46,41,151,192
221.194.113.3,16560,454,17014
221.194.130.7,66123,28820,94943
221.194.181.48,643554,34556,678110
221.194.184.171,411101,19722,430823
221.194.44.201,9616,454,10070
221.194.44.204,31740,1344,33084
221.196.188.232,123,429,552
221.196.213.216,0,130,130
221.196.246.240,0,201,201
221.199.182.16,1164,450,1614
221.2.141.203,16560,458,17018
221.2.201.168,15180,458,15638
221.2.207.103,11078,454,11532
221.200.67.47,809,131,940
221.200.8.52,41,151,192
221.202.44.252,123,453,576
221.202.93.106,41,143,184
221.203.186.218,0,572,572
221.204.10.94,16503,2064,18567
221.204.12.65,21440,458,21898
221.204.14.179,756,268,1024
221.204.160.39,1881,161,2042
221.204.160.53,152288,7416,159704
221.204.164.54,0,0,0
221.204.171.176,0,0,0
221.204.171.47,726,3758,4484
221.204.182.33,4039,373,4412
221.204.186.245,136619,22547,159166
221.204.186.255,0,0,0
221.204.187.225,22080,454,22534
221.204.202.14,163373,3777,167150
221.204.202.35,509762,19251,529013
221.204.202.45,355908,7228,363136
221.204.21.8,75319,3318,78637
221.204.230.125,23460,225,23685
221.204.237.26,24076,1328,25404
221.204.249.120,34678,1394,36072
221.204.42.237,129,348,477
221.204.8.244,131472,113888,245360
221.206.126.176,459,848,1307
221.208.141.241,151801,9373,161174
221.208.195.103,11040,458,11498
221.208.196.55,17565,687,18252
221.208.196.65,22080,446,22526
221.208.198.49,792,380,1172
221.208.208.32,16560,450,17010
221.208.50.113,20700,500,21200
221.209.118.18,41,151,192
221.209.137.236,41,151,192
221.209.235.74,799700,16594,816294
221.210.50.49,22080,462,22542
221.211.216.223,41,151,192
221.211.30.117,1604,538,2142
221.212.167.57,74,293,367
221.212.71.34,213137,168,213305
221.212.91.16,3758,610,4368
221.212.91.26,67620,1005,68625
221.212.91.28,257628,10491,268119
221.214.14.190,16560,454,17014
221.214.55.235,20726,146248,166974
221.215.141.171,11040,452,11492
221.215.178.95,131,172,303
221.215.38.154,17492,944,18436
221.215.97.186,17940,460,18400
221.216.174.111,1238,5102,6340
221.218.71.79,611,1489,2100
221.219.110.125,464,22208,22672
221.220.130.11,2896,302,3198
221.220.242.69,41,143,184
221.220.59.147,3825,1110,4935
221.222.113.32,0,130,130
221.223.129.138,41,151,192
221.223.88.195,0,130,130
221.224.112.63,27600,681,28281
221.224.33.73,21808,964,22772
221.224.83.91,16560,452,17012
221.224.9.45,6078,448,6526
221.225.130.190,923,7171,8094
221.225.180.215,205,401,606
221.225.219.221,512,1008,1520
221.225.252.48,0,68,68
221.225.29.3,41,151,192
221.225.52.31,479,311,790
221.225.80.210,213,124,337
221.226.119.90,17856,1388,19244
221.226.2.190,3230,456,3686
221.226.37.58,4588,954,5542
221.226.47.237,12398,2656,15054
221.226.56.29,59340,1180,60520
221.226.75.24,11040,456,11496
221.226.86.201,19614,460,20074
221.227.106.43,19074,106,19180
221.227.110.204,237,154,391
221.227.203.242,1186,773,1959
221.227.223.26,9259,787,10046
221.227.235.6,306,599,905
221.227.59.10,1089,144317,145406
221.227.59.91,9545,53,9598
221.227.80.236,42187,971,43158
221.228.157.167,9541,53,9594
221.228.178.217,15339,33,15372
221.228.186.90,10349,2576598,2586947
221.228.198.224,187,0,187
221.228.199.33,40980,1737,42717
221.228.199.34,26535,5109,31644
221.228.199.37,4443,11489,15932
221.228.199.38,64362,12894,77256
221.228.199.40,7050,2093,9143
221.228.199.41,1652,827,2479
221.228.199.42,7301,488,7789
221.228.199.43,11815,2447,14262
221.228.202.147,1139833,170692,1310525
221.228.202.55,672237,317422,989659
221.228.202.71,189730,8644,198374
221.228.204.126,48008,15008,63016
221.228.204.127,1301,4021,5322
221.228.204.128,1708,363,2071
221.228.204.129,1708,373,2081
221.228.204.26,25414,45368,70782
221.228.204.36,324637,308015,632652
221.228.204.38,189573,22591,212164
221.228.204.39,27027,8220,35247
221.228.204.40,35176,23991,59167
221.228.204.41,1708,246,1954
221.228.204.42,3208,5587,8795
221.228.204.76,3956,30786,34742
221.228.208.105,69266,2524,71790
221.228.208.115,1351,2207,3558
221.228.208.121,241208,243567,484775
221.228.208.122,94897,328733,423630
221.228.208.16,74370,241286,315656
221.228.208.18,70699,249559,320258
221.228.208.28,663,1453,2116
221.228.208.44,239075,457878,696953
221.228.208.75,176353,358836,535189
221.228.208.78,80550,17883,98433
221.228.208.82,363494,337829,701323
221.228.208.83,278261,239806,518067
221.228.210.216,250810,6304,257114
221.228.213.177,2059,115,2174
221.228.213.178,66,310,376
221.228.213.192,28,264,292
221.228.214.7,13800,540,14340
221.228.228.58,7128,34937,42065
221.228.230.156,45367,908,46275
221.228.230.158,31166,908,32074
221.228.230.161,5896,227,6123
221.228.230.65,22428,23646,46074
221.228.231.9,133506,3290,136796
221.228.248.140,958,1110,2068
221.228.248.152,267720,1106,268826
221.228.248.86,3531474,7338,3538812
221.228.249.88,838062,967,839029
221.228.249.90,491964,3264,495228
221.228.64.214,3953192,1953,3955145
221.228.74.7,5785,437,6222
221.228.75.136,967263,60030,1027293
221.228.75.137,21777,6251,28028
221.228.75.143,1678,394,2072
221.228.75.196,74739,9750,84489
221.228.79.230,44917,1087,46004
221.228.85.60,15200,1175,16375
221.229.120.33,16560,450,17010
221.229.162.70,16567,3724,20291
221.229.162.8,132932,3817,136749
221.229.163.145,21158,2338,23496
221.229.163.146,144016,4685,148701
221.229.163.147,51050,615,51665
221.229.163.250,4113,1425,5538
221.229.163.251,864,1224,2088
221.229.166.228,38782,2622,41404
221.229.167.23,746,1364,2110
221.229.167.27,750,1259,2009
221.229.167.28,835249,1171,836420
221.229.167.31,750,1252,2002
221.229.167.46,138045,17235,155280
221.229.247.219,26302,1383,27685
221.230.10.172,23062,2206,25268
221.230.6.242,16560,448,17008
221.231.109.107,42780,930,43710
221.231.125.42,19074,106,19180
221.231.137.106,120029,941,120970
221.231.137.118,22254,1368,23622
221.231.138.100,27588,2576,30164
221.231.138.39,77824,413,78237
221.231.140.246,67857,3579,71436
221.231.141.143,18956,756,19712
221.231.141.154,494246,7108,501354
221.231.141.173,44813,896,45709
221.231.141.2,5804,266,6070
221.231.3.239,19319,78,19397
221.231.51.137,9537,49,9586
221.231.55.31,7296,494,7790
221.231.64.31,1210,929,2139
221.232.128.72,16560,468,17028
221.232.155.11,17940,448,18388
221.232.185.232,9541,53,9594
221.232.247.51,716364,46224,762588
221.233.118.144,205,401,606
221.233.135.245,57735,2047,59782
221.233.135.255,1724,1148,2872
221.233.137.85,9537,53,9590
221.233.247.245,16560,464,17024
221.233.247.247,28980,928,29908
221.233.25.149,0,0,0
221.233.25.164,6650774,42835,6693609
221.233.25.165,6154071,39597,6193668
221.233.25.166,5600750,34699,5635449
221.233.25.169,1215119,7470,1222589
221.233.25.170,166142,1176,167318
221.233.25.171,1720252,9844,1730096
221.233.25.172,120930,1774,122704
221.233.42.216,1159098,100,1159198
221.233.60.57,33024,956,33980
221.234.124.186,123712,78,123790
221.234.18.183,56580,1120,57700
221.234.36.168,6900,130,7030
221.234.38.156,46260,3585,49845
221.234.38.243,1498017,471128,1969145
221.234.42.162,53760,565,54325
221.234.42.163,195,205,400
221.234.42.72,1468,185,1653
221.234.43.196,750076,1131,751207
221.234.44.21,411268,18986,430254
221.234.46.15,100988,10483,111471
221.234.52.217,0,604,604
221.235.142.181,9537,53,9590
221.235.175.224,9537,53,9590
221.235.187.167,3235487,4748,3240235
221.235.187.59,43463728,55157,43518885
221.235.187.67,1978860,89814,2068674
221.235.187.73,681365,2322,683687
221.235.187.74,2538,716,3254
221.235.187.75,834900,717,835617
221.235.187.76,1143395,852,1144247
221.235.188.153,388770,844,389614
221.235.188.155,27600,421,28021
221.235.188.157,194385,421,194806
221.235.191.60,98666,388,99054
221.235.191.65,134418,838,135256
221.235.199.12,2892049,4969,2897018
221.235.199.13,846193,3675,849868
221.235.199.16,1181972,3094,1185066
221.235.205.110,171656,2540,174196
221.235.205.129,210892,19779,230671
221.235.205.149,147484,443,147927
221.235.205.150,758,1302,2060
221.235.205.151,46875,991,47866
221.235.205.152,105575,952,106527
221.235.205.156,9949880,1449,9951329
221.235.205.157,273216,683,273899
221.235.205.159,1440031,436,1440467
221.235.205.179,251133,879,252012
221.235.205.201,377,652,1029
221.235.205.205,14955092,13346,14968438
221.235.205.206,4629707,70606,4700313
221.235.205.207,390489,40636,431125
221.235.205.210,17398511,1075613,18474124
221.235.205.211,6225532,144625,6370157
221.235.205.47,62593,2299,64892
221.235.205.71,16560,450,17010
221.235.218.108,221376,6225,227601
221.235.219.105,32958,45,33003
221.235.248.219,11396,3068,14464
221.235.248.220,19976,4045,24021
221.235.248.63,14318,10034,24352
221.235.254.100,457541,390734,848275
221.235.254.120,5693,540,6233
221.235.31.18,9537,53,9590
221.235.68.159,704,10112,10816
221.235.85.241,1662,345,2007
221.236.15.24,10961,47411,58372
221.236.15.25,489242,316456,805698
221.236.15.44,64,376,440
221.236.16.188,209439,64946,274385
221.236.173.151,523,380,903
221.236.173.214,294790,10506,305296
221.236.174.185,6612667,46406,6659073
221.236.21.144,701494,128211,829705
221.236.21.150,2330,409,2739
221.236.21.156,4744,1353,6097
221.236.21.165,23747294,169497,23916791
221.236.21.166,29118990,194220,29313210
221.236.224.133,9537,53,9590
221.236.29.112,48,282,330
221.237.14.87,28665,1036460,1065125
221.237.182.115,56869,1091,57960
221.237.182.210,215120,963,216083
221.237.208.141,26675,1169637,1196312
221.237.45.78,514,934,1448
221.238.18.62,899599,445560,1345159
221.238.18.63,807215,447062,1254277
221.238.193.40,16560,448,17008
221.238.20.207,3873,1368,5241
221.238.20.214,453,329,782
221.238.22.136,4140,186,4326
221.238.22.138,2460898,114708,2575606
221.238.22.140,2485926,108728,2594654
221.238.22.142,4662,2082,6744
221.238.22.144,538,1556,2094
221.238.22.145,4140,186,4326
221.238.22.149,705301,18972,724273
221.238.22.151,3011729,69795,3081524
221.238.22.154,85326,8575,93901
221.238.22.155,19166,3388,22554
221.238.22.161,43512,19432,62944
221.238.23.18,18056,454,18510
221.238.23.243,792713,25164,817877
221.238.23.244,15915438,2101929,18017367
221.238.23.245,4796033,336716,5132749
221.238.23.246,570149,16275,586424
221.238.24.116,45014,3485,48499
221.238.255.244,300,132,432
221.238.29.156,98721,275414,374135
221.238.29.157,1597205,273676,1870881
221.238.66.217,2253508,32131,2285639
221.239.112.252,167,255,422
221.239.60.126,19074,105,19179
221.239.90.232,19495,13442,32937
221.239.90.233,28665,14952,43617
221.4.242.64,8318,464,8782
221.5.10.198,18200,76162,94362
221.5.107.233,2754,483,3237
221.5.107.255,17686,10754,28440
221.5.2.72,322,6369,6691
221.5.47.25,113780,4871,118651
221.5.96.56,2073,2322,4395
221.6.115.255,292472,4712,297184
221.6.196.56,390098,25844,415942
221.6.200.121,12800,454,13254
221.6.6.100,3388,6182,9570
221.6.6.98,5855,9270,15125
221.6.6.99,419064,109047,528111
221.7.198.206,42366,2838,45204
221.7.45.129,41,151,192
221.8.13.204,17940,466,18406
221.8.220.21,93659,6434,100093
221.8.220.23,210104,6463,216567
221.8.220.25,79501,7314,86815
221.8.220.27,1025853,38597,1064450
221.8.220.29,28808,1176,29984
221.8.220.31,62828,2556,65384
221.8.23.114,27600,456,28056
221.8.79.136,6104,466,6570
222.107.45.60,6772,226647,233419
222.112.30.59,1865,562,2427
222.117.212.103,3268,205489,208757
222.118.74.48,59279,3354354,3413633
222.119.204.108,727,878,1605
222.124.115.221,4157,491664,495821
222.126.242.212,48300,1145,49445
222.126.246.200,85504,1596,87100
222.130.177.118,214,186,400
222.130.187.217,0,64,64
222.131.12.106,264,200,464
222.131.63.221,2512,14618,17130
222.132.18.26,487,248,735
222.132.18.73,15201,232,15433
222.132.5.105,233185,14949,248134
222.132.5.92,13080,5220,18300
222.133.10.225,21617,964,22581
222.133.182.242,23842,922,24764
222.133.189.219,113303,962,114265
222.134.172.191,82,302,384
222.134.217.13,2909,1759,4668
222.134.66.147,22080,456,22536
222.134.71.207,22080,460,22540
222.134.89.11,2556258,41492,2597750
222.135.141.179,11040,460,11500
222.138.110.183,129,222,351
222.138.49.171,41,151,192
222.138.97.16,15226,1346,16572
222.139.51.82,41,151,192
222.141.142.94,41,151,192
222.141.53.68,402,1136,1538
222.141.64.126,0,130,130
222.142.50.90,129,178,307
222.142.58.38,2187511,14035,2201546
222.142.58.39,2933,2614,5547
222.143.133.137,9120,230,9350
222.143.137.65,17940,404,18344
222.143.24.160,67799,6883,74682
222.143.24.255,12256,1714,13970
222.143.36.64,1444,456,1900
222.150.144.38,476667,9736262,10212929
222.158.163.113,1773,2596,4369
222.160.117.128,41,151,192
222.160.230.161,0,604,604
222.161.208.11,4389057,71978,4461035
222.161.212.28,116,643,759
222.161.212.30,227,643,870
222.161.212.33,106613,5368,111981
222.161.212.37,324739,40531,365270
222.161.212.93,345,1006,1351
222.161.254.46,23655,5465,29120
222.161.254.81,584927,4745,589672
222.162.105.43,44830,1394,46224
222.162.227.25,45540,909,46449
222.162.6.155,41,151,192
222.163.201.35,171089,3360,174449
222.163.207.250,5544005,41014,5585019
222.166.143.235,237,153,390
222.168.106.125,19074,106,19180
222.168.12.151,900,626,1526
222.168.190.178,1424,934,2358
222.168.251.107,9541,53,9594
222.168.44.74,13022,1448,14470
222.169.83.201,9537,53,9590
222.170.116.183,214,124,338
222.170.123.169,1098,650,1748
222.170.255.110,251,143,394
222.170.65.10,373708,3072,376780
222.170.70.168,35873365,10653,35884018
222.170.73.77,7730,1083,8813
222.170.73.78,4310,4014,8324
222.170.91.169,4741,4414,9155
222.170.93.13,5653071,219543,5872614
222.170.94.139,406038,3072,409110
222.170.95.226,14365200,69642,14434842
222.170.95.227,530,254,784
222.170.95.48,377,601,978
222.171.183.171,197409,1125,198534
222.171.241.110,11174,597205,608379
222.171.247.86,16560,454,17014
222.171.251.6,724,262,986
222.172.106.209,15180,452,15632
222.172.184.158,165182,671,165853
222.172.184.72,0,68,68
222.172.197.80,215,122,337
222.172.238.141,93,2221,2314
222.173.113.171,6999,225,7224
222.173.177.73,19320,452,19772
222.173.181.82,16760,115,16875
222.173.188.23,3327732,41606,3369338
222.173.188.31,2530290,150281,2680571
222.173.188.32,1516071,40702,1556773
222.173.194.106,19320,456,19776
222.173.200.169,31740,938,32678
222.173.22.74,23460,448,23908
222.173.50.19,2175,7262,9437
222.173.50.78,16024799,575797,16600596
222.173.51.167,4421148,115270,4536418
222.173.51.169,6736670,204284,6940954
222.173.51.171,8259454,237446,8496900
222.173.51.173,5572946,303332,5876278
222.173.56.12,4080,153893,157973
222.173.56.8,831,1749,2580
222.173.56.9,207,491,698
222.173.57.196,12704,12462,25166
222.173.57.198,16956,17479,34435
222.173.57.200,6102,4788,10890
222.173.57.202,22587,24108,46695
222.174.116.201,35661,858,36519
222.175.101.35,2344,871,3215
222.175.114.49,12888,458,13346
222.175.114.55,201079,8165,209244
222.175.132.248,10720,456,11176
222.175.134.113,23460,444,23904
222.175.134.84,24840,446,25286
222.177.13.150,0,68,68
222.177.15.13,12420,454,12874
222.178.110.225,740,130,870
222.178.152.77,94900,940,95840
222.178.158.77,606733,11242,617975
222.178.188.140,2276,536,2812
222.178.188.163,20700,452,21152
222.178.243.195,20556,936,21492
222.178.90.23,26082,1826,27908
222.179.134.108,6188,227,6415
222.179.234.145,46920,1115,48035
222.180.100.203,50904,2082,52986
222.180.101.113,26220,681,26901
222.180.149.125,5472,458,5930
222.180.158.21,48,64,112
222.180.173.6,4290,0,4290
222.180.173.8,35012,669,35681
222.180.173.9,20520,1546,22066
222.180.62.18,179601,1109,180710
222.181.161.239,9540,53,9593
222.181.164.75,1205,1507,2712
222.181.23.152,161554,796,162350
222.181.61.216,137,49277,49414
222.181.63.50,260,50763,51023
222.182.216.48,190229,689,190918
222.182.96.107,187431,248,187679
222.182.99.61,19074,106,19180
222.183.125.11,9537,53,9590
222.183.157.73,9537,53,9590
222.183.211.166,32573,159,32732
222.183.214.194,16526,16589,33115
222.184.101.55,15180,452,15632
222.184.130.133,9537,53,9590
222.184.164.169,311,597,908
222.184.230.110,1196122,31423,1227545
222.184.230.111,119443,891,120334
222.184.239.21,102,201,303
222.184.239.67,23460,452,23912
222.184.35.17,0,0,0
222.184.35.18,1026562,67384,1093946
222.184.35.19,478406,36985,515391
222.184.35.8,16560,454,17014
222.184.91.245,2184305,36027,2220332
222.185.102.249,9537,53,9590
222.185.145.143,131343,95,131438
222.185.171.36,103,2926,3029
222.185.203.138,569818,1061,570879
222.185.21.134,307,598,905
222.185.228.119,121690,4015,125705
222.185.228.125,1191,1481,2672
222.186.10.182,19390,456,19846
222.186.10.197,100138,11539,111677
222.186.10.210,13736,3317,17053
222.186.10.236,6426,2134,8560
222.186.10.245,1184,1976,3160
222.186.11.2,77748,5280,83028
222.186.12.113,999498,58053,1057551
222.186.12.249,21825,6090,27915
222.186.129.206,3416,318,3734
222.186.129.207,123768,9303,133071
222.186.129.213,119382,1958,121340
222.186.129.216,299996,861,300857
222.186.129.22,456,421,877
222.186.129.25,69632,425,70057
222.186.129.29,0,446,446
222.186.129.70,239457,4637,244094
222.186.13.107,2936,516,3452
222.186.13.215,25478,1348,26826
222.186.13.42,20467,823,21290
222.186.13.58,876,372,1248
222.186.130.122,348435,31245,379680
222.186.130.153,52791,10170,62961
222.186.130.154,102428,2999,105427
222.186.130.158,2416072,1167,2417239
222.186.130.216,368126,14529,382655
222.186.130.229,1496762,2620,1499382
222.186.130.74,2203,407,2610
222.186.131.206,262950,1892,264842
222.186.132.150,342511,443,342954
222.186.132.29,375,652,1027
222.186.16.108,33324,450,33774
222.186.160.7,8080,3129,11209
222.186.17.135,101374,475,101849
222.186.17.152,284179,60371,344550
222.186.17.153,142544,58378,200922
222.186.17.154,218563,73545,292108
222.186.17.161,1468644,157,1468801
222.186.17.163,770371,398,770769
222.186.17.19,756,1946,2702
222.186.17.21,696,1916,2612
222.186.17.38,752,1920,2672
222.186.18.118,10146066,119302,10265368
222.186.18.3,121758,452,122210
222.186.189.15,45424,2252,47676
222.186.19.224,8067020,159079,8226099
222.186.19.231,4012283,46605,4058888
222.186.19.234,1652075,11762,1663837
222.186.19.28,877858,1376,879234
222.186.19.35,3252012,560264,3812276
222.186.19.50,2394388,4481,2398869
222.186.19.65,10563710,627085,11190795
222.186.19.69,10298444,1039805,11338249
222.186.19.70,3383159,539157,3922316
222.186.19.81,1649806,99712,1749518
222.186.19.84,185098,99783,284881
222.186.19.86,2192676,1952,2194628
222.186.19.88,3660330,8361,3668691
222.186.191.137,564,955,1519
222.186.191.160,26638,1912,28550
222.186.21.135,38204,1857,40061
222.186.21.21,2317437,267562,2584999
222.186.21.25,67277,3210,70487
222.186.22.34,1390,266,1656
222.186.221.8,9541,53,9594
222.186.223.1,42780,1040,43820
222.186.23.90,144394,574,144968
222.186.24.14,104626,1832,106458
222.186.24.64,527,384,911
222.186.3.25,1593915,14012,1607927
222.186.3.255,109508,1456,110964
222.186.3.55,786635,14423,801058
222.186.30.146,15092,908,16000
222.186.30.183,54117,677,54794
222.186.31.223,3210,456,3666
222.186.33.150,17152,1850,19002
222.186.37.15,34500,459,34959
222.186.39.106,193105,483,193588
222.186.39.25,18048,452,18500
222.186.39.52,20745,341,21086
222.186.39.62,7673,2298,9971
222.186.42.27,121430,1582,123012
222.186.43.140,959147,2167,961314
222.186.43.32,33404,914,34318
222.186.46.39,32759,4854,37613
222.186.46.51,11595115,134211,11729326
222.186.46.52,7140714,71943,7212657
222.186.46.55,0,0,0
222.186.46.62,957568,58614,1016182
222.186.47.148,1225570,1065,1226635
222.186.47.166,69124,4243,73367
222.186.47.167,800057,69277,869334
222.186.47.17,562,65,627
222.186.48.136,8950,450,9400
222.186.51.111,11136,530,11666
222.186.54.36,17484,3609,21093
222.186.54.37,17077,4120,21197
222.186.55.224,170274,8020,178294
222.186.56.139,4391,1272,5663
222.186.57.123,333435,8097,341532
222.186.57.29,6346,1103,7449
222.186.58.26,245,408,653
222.186.59.30,16184,646,16830
222.186.60.108,614,298,912
222.186.60.18,442,616,1058
222.186.60.19,783998,35550,819548
222.186.60.23,0,118,118
222.186.60.36,1031107,1674948,2706055
222.186.60.39,29675,1534,31209
222.186.60.46,305,113,418
222.186.60.65,3757425,1093,3758518
222.186.60.84,1103898,3708,1107606
222.186.61.202,6754,456,7210
222.186.63.177,600147,103051,703198
222.186.63.30,237360,482,237842
222.186.72.144,16560,458,17018
222.186.8.220,144349,1269,145618
222.186.9.34,19198,912,20110
222.186.9.63,56347,1028,57375
222.186.9.78,27700,1125,28825
222.186.9.82,148131,251,148382
222.187.0.71,1009763,96333,1106096
222.187.0.72,100224,16196,116420
222.187.114.17,1750,462,2212
222.187.207.176,9660,456,10116
222.187.207.184,20700,482,21182
222.187.221.163,412221,33885,446106
222.187.221.188,3531914,4320,3536234
222.187.221.211,23732,741,24473
222.187.221.250,2428,555,2983
222.187.222.125,93370,2693,96063
222.187.222.177,1403,268,1671
222.187.222.207,11414,452,11866
222.187.222.50,161976,825,162801
222.187.223.224,22371,887,23258
222.187.225.126,113639,2995,116634
222.187.225.127,9978,28503,38481
222.187.225.128,6058,15248,21306
222.187.225.129,15194,43438,58632
222.187.225.130,185344,38523,223867
222.187.225.16,2355030,6089,2361119
222.187.225.236,9918,780,10698
222.187.225.25,184078,5180,189258
222.187.225.253,17940,472,18412
222.187.225.46,247346,12112,259458
222.187.225.51,82194,4110,86304
222.187.225.97,42343038,1018473,43361511
222.187.226.15,5350,7124,12474
222.187.226.23,0,0,0
222.187.226.27,257585,3466,261051
222.187.27.199,2350,1522,3872
222.187.32.200,1164,454,1618
222.187.99.51,11078,912,11990
222.188.141.20,1537,2790,4327
222.188.172.134,747,591,1338
222.188.184.126,87,87,174
222.188.91.100,1206,446,1652
222.189.167.150,41,143,184
222.189.187.243,13684,448,14132
222.189.205.194,413,794,1207
222.189.238.234,90468,646,91114
222.189.238.236,324023,7676,331699
222.189.238.63,241289,17354,258643
222.189.239.135,0,441,441
222.189.239.246,423383,3551,426934
222.189.239.97,50029,889,50918
222.189.55.13,94015,255,94270
222.190.110.126,11666,950,12616
222.190.118.122,889,130,1019
222.190.122.91,5520,456,5976
222.190.123.58,15804,1840,17644
222.191.140.68,307,598,905
222.191.148.29,81,91,172
222.191.169.140,19078,106,19184
222.191.221.193,553,433,986
222.191.250.120,23678,918,24596
222.191.251.105,1358254,38536,1396790
222.191.251.141,27019,14317,41336
222.194.63.208,254346,18970,273316
222.194.64.73,566,181,747
222.196.192.248,9537,53,9590
222.196.200.165,9537,53,9590
222.197.182.135,187069,37439,224508
222.198.122.8,632794,158412,791206
222.198.122.9,525251,154090,679341
222.198.128.225,0,0,0
222.199.18.224,19074,105,19179
222.199.191.39,3762,322,4084
222.199.191.53,126954,6478,133432
222.208.179.116,17670,466,18136
222.208.183.227,653258,9112,662370
222.208.189.199,9537,53,9590
222.208.242.41,19320,460,19780
222.209.146.251,308,558,866
222.209.222.74,0,971,971
222.209.42.183,903,617,1520
222.210.0.244,704,13973,14677
222.210.1.211,904,391940,392844
222.210.10.37,41,151,192
222.210.113.102,474,309,783
222.210.18.147,0,187,187
222.210.18.192,400,132,532
222.210.194.224,219,32979,33198
222.210.20.23,4646,1844,6490
222.210.23.40,713,557,1270
222.210.25.75,908,559,1467
222.210.26.79,103,187,290
222.210.38.254,51274,2117,53391
222.210.49.171,5847,275,6122
222.210.54.40,41,151,192
222.210.56.183,1183,780,1963
222.210.57.46,147166,1757,148923
222.210.6.143,33698,879,34577
222.210.8.208,205,601,806
222.210.86.196,1469,415,1884
222.211.115.85,509,930,1439
222.211.4.200,0,604,604
222.211.64.124,499549,150928,650477
222.211.64.77,558444,163998,722442
222.211.64.78,561749,168268,730017
222.211.64.92,517942,171171,689113
222.211.64.93,509873,145068,654941
222.211.64.94,421781,157315,579096
222.211.64.95,508938,152644,661582
222.211.64.96,419115,146105,565220
222.211.64.97,514624,146209,660833
222.211.64.98,526235,175357,701592
222.211.65.24,51516,2732,54248
222.211.7.151,41,143,184
222.211.80.15,0,0,0
222.211.87.168,11414360,300609,11714969
222.211.87.171,43897,2550,46447
222.211.87.172,10543722,367965,10911687
222.211.87.176,12393924,384196,12778120
222.211.87.182,12791169,421196,13212365
222.211.87.186,10428342,360647,10788989
222.211.87.190,11525251,449201,11974452
222.212.253.119,1150,396,1546
222.213.214.160,41,151,192
222.213.32.124,5333,969580,974913
222.214.203.163,680,469,1149
222.215.154.175,3958,1774836,1778794
222.215.24.212,20700,454,21154
222.215.44.163,22079,45,22124
222.215.48.152,935,21224,22159
222.215.99.154,20700,450,21150
222.216.184.192,9537,49,9586
222.216.188.105,497858,127967,625825
222.216.188.26,668630,163971,832601
222.216.188.27,566511,164410,730921
222.216.188.28,591083,145341,736424
222.216.188.29,468018,118229,586247
222.216.188.30,600297,146600,746897
222.216.188.31,540641,149382,690023
222.216.188.32,508316,126840,635156
222.216.188.33,462658,147169,609827
222.216.188.34,531479,135308,666787
222.216.188.35,522584,138184,660768
222.216.188.36,630324,155491,785815
222.216.188.37,442245,114731,556976
222.216.188.39,348,655,1003
222.216.188.40,348,681,1029
222.216.188.52,1134,1954,3088
222.216.188.56,378,670,1048
222.216.188.57,378,695,1073
222.216.188.99,444174,126727,570901
222.216.190.100,278470,14384,292854
222.216.190.101,13085,4424,17509
222.216.190.65,922880,18904,941784
222.216.190.67,656695,13119,669814
222.216.190.68,2669654,70858,2740512
222.216.190.70,60312,10829,71141
222.216.190.72,64526,34982,99508
222.216.190.73,10240,227,10467
222.216.190.74,27717,6212,33929
222.216.190.75,54695,6267,60962
222.216.190.76,11248,1014,12262
222.216.190.77,111620,7194,118814
222.216.190.78,6262,228,6490
222.216.190.79,220218,46752,266970
222.216.190.80,15854,39185,55039
222.216.190.82,55416,4822,60238
222.216.190.83,25531,2085,27616
222.216.190.84,1294,388,1682
222.216.190.85,470421,36900,507321
222.216.190.86,2001388,95583,2096971
222.216.190.87,8954,234,9188
222.216.190.88,19413,734,20147
222.216.190.90,30676,5048,35724
222.216.190.91,5770,1940,7710
222.216.190.98,357733,47085,404818
222.216.190.99,0,0,0
222.216.209.140,48638,595,49233
222.216.223.247,9537,53,9590
222.216.229.39,9637,966,10603
222.216.28.135,24840,687,25527
222.216.28.185,46920,1145,48065
222.216.28.71,35880,914,36794
222.216.29.85,1704,675,2379
222.216.44.17,514,998,1512
222.217.2.75,426,246,672
222.217.206.71,455,281,736
222.217.210.249,86,86,172
222.217.221.217,37744,931,38675
222.217.240.155,2122,458,2580
222.217.48.52,42045,2380,44425
222.218.163.159,41,151,192
222.218.170.219,6532,10138,16670
222.218.184.8,207,558,765
222.218.201.244,32953,35,32988
222.218.45.199,348,612,960
222.218.45.201,376,627,1003
222.218.91.117,10214,4095,14309
222.219.14.107,6900,53,6953
222.219.169.119,9541,53,9594
222.219.211.158,0,68,68
222.219.239.189,611,1121,1732
222.219.42.22,16561,36,16597
222.219.58.131,9541,53,9594
222.219.58.205,9537,53,9590
222.219.9.12,9537,53,9590
222.22.73.130,0,453,453
222.220.11.119,103,199,302
222.220.114.89,383,185107,185490
222.220.175.192,79,84,163
222.220.201.127,205,558,763
222.220.26.223,2242,328952,331194
222.220.56.230,0,68,68
222.220.68.139,9537,53,9590
222.220.72.16,213,122,335
222.220.74.71,20185,34143,54328
222.220.76.12,9537,53,9590
222.220.82.15,101,200,301
222.220.87.228,409,745,1154
222.221.189.150,102,201,303
222.221.198.106,0,272,272
222.221.199.199,216,125,341
222.221.5.138,9820,452,10272
222.221.5.85,6291,476,6767
222.221.6.177,16560,448,17008
222.221.6.244,18564,693,19257
222.222.210.93,1561027,40463,1601490
222.222.29.222,9537,53,9590
222.222.45.87,454570,36898,491468
222.222.45.88,1134154,86327,1220481
222.222.45.89,18217,23141,41358
222.222.62.82,9660,229,9889
222.222.63.14,38069,1408,39477
222.222.99.153,28982,121,29103
222.223.125.250,12662,866,13528
222.223.155.135,20700,448,21148
222.223.186.128,67620,1199,68819
222.223.187.11,17318,940,18258
222.223.188.212,998,446,1444
222.223.239.114,51108,2226,53334
222.223.36.186,0,130,130
222.223.36.238,411,749,1160
222.223.39.122,0,30,30
222.236.117.87,94410,109016,203426
222.240.151.16,41087,24934,66021
222.240.157.95,20700,452,21152
222.240.172.231,9856,992,10848
222.240.172.232,46239,1099,47338
222.240.172.233,5120,516,5636
222.240.173.87,1454,268,1722
222.240.184.250,99933,5798,105731
222.240.205.94,18462,950,19412
222.240.225.31,7701,910,8611
222.240.225.75,23452,1737,25189
222.240.85.39,114939,62,115001
222.241.112.216,204,371,575
222.241.146.245,41,143,184
222.241.150.200,41400,1994,43394
222.241.224.254,460,685,1145
222.241.249.241,204,292,496
222.241.252.39,305,599,904
222.241.254.132,0,68,68
222.241.31.131,94,111,205
222.241.91.39,32992,113,33105
222.242.159.67,354134,5862,359996
222.242.165.38,3139,16885,20024
222.242.180.0,79,79,158
222.242.186.90,1127,2410,3537
222.242.193.113,21972,1894,23866
222.242.193.17,0,0,0
222.242.227.71,17940,460,18400
222.242.241.151,41,151,192
222.242.243.24,613,1119,1732
222.242.6.150,9537,53,9590
222.243.110.151,672100,197856,869956
222.243.110.152,598568,183846,782414
222.243.110.153,556116,155764,711880
222.243.110.154,502845,172537,675382
222.243.110.155,521535,159932,681467
222.243.110.156,579764,192818,772582
222.243.124.58,15314,1241,16555
222.243.137.206,9537,52,9589
222.243.149.67,23485,837,24322
222.243.162.156,16560,454,17014
222.243.170.137,80144,761,80905
222.243.32.83,927,1674,2601
222.244.110.145,719,1400,2119
222.244.117.221,306,746,1052
222.244.127.84,20723,24331626,24352349
222.244.150.97,12420,19317,31737
222.244.18.106,7333,211951,219284
222.244.189.95,307,603,910
222.244.194.42,216,185,401
222.244.204.142,162086,38095,200181
222.244.53.112,18363,166,18529
222.244.94.45,201,124,325
222.245.10.249,101894,65,101959
222.245.108.213,163,3547,3710
222.245.111.243,85,85,170
222.245.221.60,615,260929,261544
222.245.239.53,205,373,578
222.245.54.82,9537,52,9589
222.245.8.60,104,200,304
222.246.102.63,100117,9929,110046
222.246.109.232,103,200,303
222.246.232.190,376,653,1029
222.246.252.9,166,66863,67029
222.246.27.42,562,181,743
222.246.31.204,446,308,754
222.246.88.0,16491,111,16602
222.247.183.192,148720,93,148813
222.247.235.227,9537,52,9589
222.247.40.25,9660,227,9887
222.247.42.35,14654,976,15630
222.247.45.149,1521,2942,4463
222.247.48.32,6900,1091,7991
222.247.96.41,23,30,53
222.25.1.21,14880,454,15334
222.27.50.147,19078,106,19184
222.29.48.209,9537,53,9590
222.31.208.85,9537,53,9590
222.31.219.175,9537,49,9586
222.34.237.99,53820,1422,55242
222.34.6.171,16560,450,17010
222.35.78.53,131135,6386,137521
222.41.92.89,33574,1358,34932
222.44.63.244,14040,1344,15384
222.48.144.111,2476,454,2930
222.56.118.14,1073432,23179,1096611
222.62.143.49,16560,466,17026
222.64.138.86,710,469,1179
222.64.147.160,4414,2791,7205
222.64.178.244,104,198,302
222.64.2.144,170,124,294
222.64.25.124,32880,120,33000
222.64.50.152,103,200,303
222.64.74.117,583516,8172,591688
222.65.106.193,184,411,595
222.65.109.107,414,189,603
222.65.117.253,104,199,303
222.65.14.117,375,1318,1693
222.65.148.1,612,1116,1728
222.65.17.26,617,1488,2105
222.65.173.236,2635,4340,6975
222.65.190.226,133,547,680
222.65.208.80,104,201,305
222.65.249.61,471,306,777
222.65.251.40,103,198,301
222.65.46.232,104,200,304
222.65.59.28,964,653,1617
222.65.6.167,104,202,306
222.65.6.189,921,589,1510
222.65.66.78,101,198,299
222.66.158.202,219836,10255,230091
222.66.158.209,28258,4338,32596
222.66.171.81,57854,6129,63983
222.66.171.90,690331,162363,852694
222.66.171.93,220641,3204,223845
222.66.26.206,407496,28377,435873
222.66.26.34,1255495,98040,1353535
222.66.36.51,44956,1338,46294
222.66.64.136,1532,452,1984
222.66.64.137,14066,928,14994
222.66.76.43,22080,452,22532
222.66.80.152,0,0,0
222.66.88.253,19479,454,19933
222.66.97.80,33097,2250,35347
222.67.130.164,422,250,672
222.67.195.8,5704,8631,14335
222.67.240.222,4784,7124,11908
222.67.87.235,103,201,304
222.67.96.103,475,313,788
222.68.185.234,2256,442,2698
222.69.127.84,103,200,303
222.69.139.238,0,201,201
222.69.87.14,877,586,1463
222.70.156.124,101,199,300
222.70.2.106,237,155,392
222.70.3.244,410,797,1207
222.70.50.16,513,1004,1517
222.70.55.19,239,155,394
222.71.108.201,513,1006,1519
222.71.169.63,101,202,303
222.71.197.137,235,143,378
222.71.242.102,104,202,306
222.71.60.168,412,802,1214
222.73.107.167,33686,5384,39070
222.73.109.106,763270,184405,947675
222.73.111.217,26,108,134
222.73.112.125,16080,450,16530
222.73.113.39,6034,11465,17499
222.73.113.55,7655,2994,10649
222.73.123.221,555,426,981
222.73.124.245,173520,2579,176099
222.73.129.131,343638,9776,353414
222.73.131.26,513,236,749
222.73.133.13,336625,14949,351574
222.73.133.22,545974,21317,567291
222.73.133.70,181,4418,4599
222.73.133.9,1340557,8473,1349030
222.73.134.118,112025,9227,121252
222.73.134.119,147898,11196,159094
222.73.134.45,3382630,277558,3660188
222.73.134.55,2192957,357943,2550900
222.73.136.108,1055,359,1414
222.73.136.158,0,908,908
222.73.136.197,31168,1534,32702
222.73.136.63,9711,672,10383
222.73.137.111,10214950,35880,10250830
222.73.137.114,629229,4815,634044
222.73.137.30,5504331,1031,5505362
222.73.137.48,281954,2319,284273
222.73.137.57,2582382,881,2583263
222.73.137.77,1080797,8969,1089766
222.73.137.90,50082,893,50975
222.73.150.16,9494,926,10420
222.73.151.136,36656,2206,38862
222.73.151.142,30448,6716,37164
222.73.151.193,12110,2992,15102
222.73.151.194,6423,3856,10279
222.73.158.7,907,11404,12311
222.73.165.118,101212,9758,110970
222.73.173.113,737135,20942,758077
222.73.173.151,2890,362,3252
222.73.173.210,63867,3957,67824
222.73.174.165,32798,3755,36553
222.73.174.168,387249,48711,435960
222.73.174.170,13609,5302,18911
222.73.174.175,27203,3695,30898
222.73.174.201,12658,13781,26439
222.73.176.250,268708,35461,304169
222.73.176.252,226273,5985,232258
222.73.179.139,294761,22572,317333
222.73.179.144,230529,20268,250797
222.73.179.175,121624,5375,126999
222.73.179.246,87262,1000,88262
222.73.180.151,10222,454,10676
222.73.180.251,268045,1800,269845
222.73.181.10,360040,19894,379934
222.73.181.18,298757,22245,321002
222.73.181.20,334155,7885,342040
222.73.181.21,540478,34815,575293
222.73.181.9,29825,8128,37953
222.73.183.249,2669,9211,11880
222.73.205.216,13408,984,14392
222.73.205.222,19320,452,19772
222.73.210.0,44160,926,45086
222.73.210.253,20700,452,21152
222.73.218.144,1545,841,2386
222.73.227.188,83525,12628,96153
222.73.227.69,1305,187,1492
222.73.230.179,23980,1208,25188
222.73.231.10,622752,15717,638469
222.73.231.20,53636,1554,55190
222.73.233.41,946,368,1314
222.73.234.220,154507,4832,159339
222.73.236.214,100223,12178,112401
222.73.238.206,67089,6499,73588
222.73.241.56,864,2144,3008
222.73.242.50,28614,1284,29898
222.73.244.14,146674,3080,149754
222.73.244.15,510380,11163,521543
222.73.244.174,54296,31681,85977
222.73.244.37,20010,20350,40360
222.73.244.77,68009,5846,73855
222.73.244.88,279696,2296,281992
222.73.245.137,1816613,24779,1841392
222.73.245.138,1675722,972,1676694
222.73.245.140,1036729,6053,1042782
222.73.245.143,1197344,12101,1209445
222.73.245.179,661051,2324,663375
222.73.245.180,597988,1701,599689
222.73.245.185,3982935,23993,4006928
222.73.245.186,14202,771,14973
222.73.245.189,1849447,11368,1860815
222.73.245.206,849102,908,850010
222.73.245.208,58362,469,58831
222.73.245.210,984,1192,2176
222.73.245.238,9960983,37041,9998024
222.73.245.247,992,1132,2124
222.73.245.58,25908614,76752,25985366
222.73.250.164,5065,225,5290
222.73.250.167,24712,468,25180
222.73.250.168,22080,448,22528
222.73.250.178,10130,450,10580
222.73.250.220,5065,225,5290
222.73.250.252,62706,1356,64062
222.73.250.31,19624,928,20552
222.73.28.129,178742,17115,195857
222.73.28.53,30450,22333,52783
222.73.28.66,258,1537,1795
222.73.29.78,24385,21915,46300
222.73.29.87,240,345,585
222.73.3.16,0,0,0
222.73.32.223,44748,1072,45820
222.73.34.108,28076,1336,29412
222.73.40.179,625027,131649,756676
222.73.40.9,81742,141051,222793
222.73.44.153,16560,462,17022
222.73.44.185,767,366,1133
222.73.44.65,957,1250,2207
222.73.47.234,67827,8530,76357
222.73.48.32,776,60,836
222.73.49.129,7382347,188265,7570612
222.73.49.130,15062728,244089,15306817
222.73.49.131,9175861,191511,9367372
222.73.49.235,319641,1350,320991
222.73.49.41,881349,21937,903286
222.73.55.131,11137,14232,25369
222.73.55.143,75960,22785,98745
222.73.55.147,110941,11579,122520
222.73.55.151,33666,7716,41382
222.73.55.168,85367,11979,97346
222.73.55.184,1988,3430,5418
222.73.55.190,25150,7884,33034
222.73.55.55,637588,324369,961957
222.73.55.90,2610,5599,8209
222.73.55.91,20190,10770,30960
222.73.55.93,4840,12910,17750
222.73.56.66,16560,460,17020
222.73.56.76,308388,175680,484068
222.73.57.65,220505,2681,223186
222.73.6.128,1661,14981,16642
222.73.60.211,865834,4337,870171
222.73.60.214,2324322,817,2325139
222.73.60.217,0,0,0
222.73.61.140,3722888,8784,3731672
222.73.61.143,1874442,769,1875211
222.73.61.179,1391442,797,1392239
222.73.61.180,2211977,8685,2220662
222.73.61.184,16962,1039,18001
222.73.61.211,7532365,32692,7565057
222.73.61.214,785841,6644,792485
222.73.61.239,1177542,769,1178311
222.73.61.240,98382,1426,99808
222.73.61.243,777401,1589,778990
222.73.61.246,94824,1844,96668
222.73.61.250,711102,1500,712602
222.73.62.111,13491,11763,25254
222.73.65.87,106554,276110,382664
222.73.65.88,38885,120216,159101
222.73.65.89,23804,81170,104974
222.73.65.90,107276,223664,330940
222.73.65.91,74989,86077,161066
222.73.65.93,26170,2117,28287
222.73.65.96,57410,235242,292652
222.73.66.152,74679,13320,87999
222.73.67.104,1625,182,1807
222.73.68.18,186935,1492,188427
222.73.68.195,23878,450,24328
222.73.69.147,342,620,962
222.73.69.148,1523634,14350,1537984
222.73.69.92,306950,127047,433997
222.73.69.93,6951,867,7818
222.73.69.95,449360,81704,531064
222.73.78.140,817762,30725,848487
222.73.85.11,165518,7207,172725
222.73.85.230,18508,3015,21523
222.73.85.52,282,457,739
222.73.95.241,42833,9494,52327
222.73.96.12,723,35153,35876
222.73.96.25,2690,740,3430
222.73.96.27,18891,1736,20627
222.73.96.33,197097,190993,388090
222.73.96.34,95933,76060,171993
222.73.96.49,55321,21217,76538
222.73.96.50,120671,75909,196580
222.73.96.66,46943,27483,74426
222.73.96.73,323237,299891,623128
222.73.96.74,137463,67278,204741
222.73.96.75,58641,47073,105714
222.73.96.76,4251,4259,8510
222.73.96.77,163950,146576,310526
222.73.96.78,317705,278565,596270
222.73.96.79,349529,256584,606113
222.73.96.80,148722,102613,251335
222.73.96.81,171637,132068,303705
222.73.96.98,107731,77991,185722
222.73.96.99,58180,29378,87558
222.73.99.33,1039677,607262,1646939
222.74.121.247,0,52,52
222.74.203.135,17940,454,18394
222.75.81.126,103,201,304
222.76.178.72,9537,53,9590
222.76.200.253,17608,450,18058
222.76.205.161,37335,460,37795
222.76.208.140,1404,266,1670
222.76.208.145,130250,1708,131958
222.76.208.148,408585,26466,435051
222.76.208.63,1401,268,1669
222.76.210.117,72183,938,73121
222.76.210.118,170581,10398,180979
222.76.210.185,1942,1076,3018
222.76.210.45,18702,1352,20054
222.76.212.128,3252,729,3981
222.76.212.95,16560,450,17010
222.76.213.109,31079,7688,38767
222.76.213.110,727349,6172,733521
222.76.213.113,188348,10569,198917
222.76.213.24,173752,1556,175308
222.76.213.49,5556,452,6008
222.76.213.52,16560,458,17018
222.76.214.146,20700,450,21150
222.76.214.178,13664,1008,14672
222.76.214.213,16560,456,17016
222.76.214.71,10218,452,10670
222.76.214.82,571,455,1026
222.76.214.91,645677,21347,667024
222.76.215.118,300198,3345,303543
222.76.215.124,46214,17091,63305
222.76.215.126,34296,980,35276
222.76.215.186,244841,3768,248609
222.76.215.238,27034637,6295,27040932
222.76.215.24,6136,3580,9716
222.76.215.252,24840,675,25515
222.76.215.46,1468,184,1652
222.76.216.219,422,1015,1437
222.76.216.254,9220,454,9674
222.76.218.141,33120,946,34066
222.76.218.27,16560,446,17006
222.76.218.84,8524,273,8797
222.76.219.176,9616,462,10078
222.76.219.182,17184,771,17955
222.76.219.183,6412,464,6876
222.76.219.187,16560,458,17018
222.76.233.95,617,1412,2029
222.76.234.50,240,157,397
222.76.44.177,239,154,393
222.76.44.193,50914,9593254,9644168
222.77.181.21,4190,460,4650
222.77.181.84,2835592,13950,2849542
222.77.203.127,44506,385,44891
222.77.36.135,9537,53,9590
222.77.91.112,83,83,166
222.78.117.191,19206,281,19487
222.78.157.66,0,68,68
222.78.168.134,411,802,1213
222.78.215.169,0,68,68
222.78.250.104,20868,930,21798
222.78.73.134,10540,2431766,2442306
222.78.90.72,16498,118,16616
222.78.94.161,3333,1017,4350
222.79.107.133,206,372,578
222.79.19.168,924,595,1519
222.79.220.250,33868,1736,35604
222.79.33.121,847185,4408,851593
222.79.90.214,675,467,1142
222.80.171.11,9537,53,9590
222.80.227.55,4890706,50193,4940899
222.80.44.127,9537,53,9590
222.80.97.69,474,306,780
222.81.108.90,237,156,393
222.81.12.213,9537,53,9590
222.81.136.198,9541,53,9594
222.81.15.107,0,68,68
222.81.155.219,9537,53,9590
222.81.200.71,922,1677,2599
222.81.21.196,1099,772,1871
222.81.3.226,41,151,192
222.81.41.163,477,308,785
222.81.58.51,736,495,1231
222.81.79.113,1140,1535,2675
222.81.84.88,0,68,68
222.82.102.228,2902,328366,331268
222.82.119.219,512,998,1510
222.82.143.217,409,798,1207
222.82.153.219,116013,12738,128751
222.82.164.72,235,156,391
222.82.188.162,814927,4751,819678
222.82.199.192,35006,268,35274
222.82.205.168,19074,106,19180
222.82.215.217,11552,454,12006
222.82.218.19,163321,2286,165607
222.82.218.9,76826,983,77809
222.82.78.185,683519,1408,684927
222.83.117.17,9537,53,9590
222.83.167.165,776,296,1072
222.83.205.68,16560,35,16595
222.83.234.16,1872,2101,3973
222.83.57.218,1734,28085,29819
222.84.188.143,473009,260323,733332
222.84.188.205,7677,1001,8678
222.84.188.75,20087,9997,30084
222.84.189.199,1290900,5345,1296245
222.84.189.200,2774,3600,6374
222.84.190.7,873333,4904,878237
222.84.190.8,224442,1656,226098
222.84.42.235,102,199,301
222.84.59.48,581,184,765
222.84.73.131,0,68,68
222.84.79.112,28615,159,28774
222.85.106.161,14930,707,15637
222.85.128.71,45366,1907,47273
222.85.64.129,398,1282,1680
222.86.1.129,214,124,338
222.86.119.20,50133,167,50300
222.86.156.245,0,190,190
222.86.203.15,169,125,294
222.86.225.138,113,227,340
222.86.3.73,19074,105,19179
222.86.31.251,228,68,296
222.87.185.144,9537,49,9586
222.87.253.0,1442,741,2183
222.88.70.33,237,340,577
222.88.74.234,12275,452,12727
222.88.83.11,17940,458,18398
222.88.91.200,859740,1484,861224
222.88.91.204,70380,702,71082
222.88.91.211,372033,5307,377340
222.88.91.213,1468,751,2219
222.88.91.214,214160,2006,216166
222.88.91.215,7296700,2822,7299522
222.88.91.217,696509,18844,715353
222.88.91.218,89700,530,90230
222.88.91.219,1926740,1824,1928564
222.88.91.220,3867220,9081,3876301
222.88.91.224,381796,5502,387298
222.88.91.227,677300,2432,679732
222.88.91.228,2812036,5294,2817330
222.88.91.229,213717,1993,215710
222.88.91.230,1187335,2020,1189355
222.88.93.131,263910,6765,270675
222.88.93.182,352515,188134,540649
222.88.93.183,415052,225088,640140
222.88.93.184,233830,157770,391600
222.88.93.185,284845,208430,493275
222.88.93.186,301346,215844,517190
222.88.93.187,341260,241737,582997
222.88.93.200,277252,177205,454457
222.88.93.201,270660,190060,460720
222.88.93.202,268069,184212,452281
222.88.93.203,285520,198074,483594
222.88.93.213,191421,11798,203219
222.88.93.214,511594,149076,660670
222.88.93.215,563005,158236,721241
222.88.93.216,537238,145269,682507
222.88.93.217,674933,147368,822301
222.88.93.219,717037,172673,889710
222.89.175.23,160,51,211
222.89.178.160,525944,41602,567546
222.89.188.14,16556,48728,65284
222.89.188.145,4708,13087,17795
222.89.188.162,18891,1851,20742
222.89.188.210,285009,5607,290616
222.89.189.2,176325,12421,188746
222.89.191.200,0,32,32
222.89.191.252,17940,442,18382
222.89.191.56,1319987,920,1320907
222.89.191.60,449099,20794,469893
222.89.192.114,55200,1140,56340
222.89.226.197,4925,227,5152
222.89.41.102,2760,0,2760
222.90.10.132,9537,53,9590
222.90.124.52,162,23,185
222.90.159.159,9537,53,9590
222.90.166.254,9537,53,9590
222.90.198.179,0,68,68
222.90.206.23,16560,464,17024
222.90.217.28,9537,49,9586
222.90.222.169,11680,149,11829
222.90.46.142,41,151,192
222.90.46.6,41,143,184
222.91.123.115,193,158,351
222.91.240.48,9537,53,9590
222.91.251.71,1317,772,2089
222.91.84.98,239,152,391
222.92.116.25,8280,456,8736
222.92.154.88,28446,1413,29859
222.92.223.11,16560,450,17010
222.92.49.65,16560,448,17008
222.92.77.185,11664,672,12336
222.92.8.143,448,266,714
222.92.84.170,3486,450,3936
222.93.112.90,309,597,906
222.93.213.31,216,122,338
222.93.224.211,1129,772,1901
222.93.238.186,9537,53,9590
222.93.95.93,9537,53,9590
222.94.111.93,217,155,372
222.94.16.28,41,143,184
222.94.167.138,0,380,380
222.94.185.44,0,68,68
222.94.201.221,587,82388,82975
222.94.206.55,792,174,966
222.94.217.63,238,154,392
222.94.226.47,2684,1827,4511
222.94.227.238,2836,1836,4672
222.94.243.158,232014,737,232751
222.94.246.40,68340,23082341,23150681
222.94.26.84,520,1005,1525
222.94.36.208,101,186,287
222.94.37.3,180455,343,180798
222.94.51.163,6900,52,6952
222.94.56.230,2229,1335,3564
222.94.83.98,1184,773,1957
222.95.10.123,1359,838,2197
222.95.103.18,104,200,304
222.95.113.70,98534,72,98606
222.95.215.105,992,350825,351817
222.95.244.206,9537,53,9590
222.95.4.192,2917,79727,82644
222.95.5.242,10790,30556,41346
222.95.61.90,2850,624504,627354
222.95.70.6,9537,53,9590
222.95.71.49,9537,53,9590
222.95.75.63,41,143,184
222.95.82.121,341,1290,1631
222.95.98.226,278900,103,279003
222.95.99.120,2005,1207,3212
222.97.189.25,4828,1265,6093
222.98.252.85,6135,33,6168
223.10.168.155,20226,1213,21439
223.10.46.215,483941,398,484339
223.10.8.150,0,142,142
223.100.5.63,310691,1144,311835
223.11.101.229,296723,311,297034
223.11.11.154,10600,35818579,35829179
223.11.187.136,1618,1026,2644
223.11.197.86,0,68,68
223.11.25.9,0,53,53
223.11.6.78,371138,1009,372147
223.115.135.60,76610,16896,93506
223.12.1.166,0,68,68
223.12.147.229,7242,519,7761
223.12.206.171,1904,415,2319
223.12.241.227,216,122,338
223.13.165.145,10965,166144,177109
223.13.180.32,515,16700,17215
223.13.75.211,33170,159,33329
223.13.77.61,9541,53,9594
223.135.85.71,2760,53,2813
223.14.120.204,7410,18784,26194
223.14.207.44,448,277,725
223.14.237.23,10477,6992,17469
223.14.27.166,102,200,302
223.144.19.37,668,400,1068
223.145.152.161,46,60,106
223.146.167.172,767312,1399,768711
223.146.20.25,103,199,302
223.146.52.231,162,23,185
223.146.63.248,3337536,266638,3604174
223.146.64.0,236,4485,4721
223.146.64.2,2519138,100515,2619653
223.146.90.216,476,309,785
223.147.0.51,307,562,869
223.147.22.67,88,88,176
223.150.45.72,82154,73,82227
223.151.147.92,56179,156,56335
223.151.204.154,4416,8618,13034
223.151.230.75,407,801,1208
223.151.235.107,41,143,184
223.152.15.128,477,311,788
223.152.201.179,1665,1086,2751
223.152.226.236,475,311,786
223.152.253.164,215,124,339
223.152.76.132,4355,2604,6959
223.153.115.182,3294,656749,660043
223.153.2.31,0,68,68
223.153.32.130,22135,1614,23749
223.154.13.106,74,79,153
223.154.133.231,7065,86593,93658
223.154.169.153,64051,181491,245542
223.154.5.65,246133,188,246321
223.156.78.194,19082,106,19188
223.158.145.118,9541,53,9594
223.159.185.57,102,201,303
223.159.187.74,101,200,301
223.159.197.228,0,199,199
223.166.186.42,714,13820,14534
223.167.161.158,0,0,0
223.18.214.137,408,1260,1668
223.19.172.110,0,68,68
223.19.192.173,84,84,168
223.19.233.197,0,68,68
223.198.108.249,213,123,336
223.198.12.167,12776,63,12839
223.198.160.25,58939,156,59095
223.198.188.125,9537,53,9590
223.198.191.93,104,201,305
223.198.193.38,9537,53,9590
223.198.199.212,32954,37,32991
223.198.200.85,1994,1092,3086
223.198.235.190,1106,411,1517
223.198.38.255,103,200,303
223.198.46.45,514,999,1513
223.198.53.172,101,201,302
223.198.58.254,9236,654,9890
223.198.80.71,5018,409,5427
223.199.1.202,311,799,1110
223.199.100.88,12505,102,12607
223.199.175.60,4140,158,4298
223.199.200.182,143,16489,16632
223.199.28.122,36687,1062,37749
223.199.82.23,5352,661496,666848
223.199.88.37,9537,53,9590
223.202.1.87,1418,2997,4415
223.202.100.90,2299,3525,5824
223.202.100.92,10986,6343,17329
223.202.102.218,15962,2337,18299
223.202.15.103,836,931,1767
223.202.15.104,681,921,1602
223.202.16.116,20903,2536,23439
223.202.17.112,1066449,12091,1078540
223.202.17.120,505213,153922,659135
223.202.17.123,113695,13459,127154
223.202.17.32,1855461,122069,1977530
223.202.18.137,119135,5927,125062
223.202.19.119,462,153,615
223.202.19.12,164,982,1146
223.202.19.19,9586,3210,12796
223.202.19.36,4716,2465,7181
223.202.19.42,1420,1039,2459
223.202.19.44,3688,12888,16576
223.202.19.73,39875,127703,167578
223.202.19.93,145,938,1083
223.202.20.127,406426,15915,422341
223.202.20.144,307466,55493,362959
223.202.20.190,80179,248212,328391
223.202.20.192,6591,3565,10156
223.202.20.216,395,1286,1681
223.202.20.221,55112,31877,86989
223.202.20.237,7939256,2350570,10289826
223.202.20.238,12653,1005,13658
223.202.25.145,122785,220,123005
223.202.25.35,81584,84997,166581
223.202.26.24,57120,888,58008
223.202.27.134,16118,2750,18868
223.202.27.35,0,0,0
223.202.27.44,8903,3795,12698
223.202.27.46,4057,12809,16866
223.202.27.66,243624,10648,254272
223.202.3.210,1434887,32264,1467151
223.202.33.139,165027,11763,176790
223.202.33.140,377029,39094,416123
223.202.33.141,58614,10713,69327
223.202.33.145,1521414,135060,1656474
223.202.33.160,1092938,301471,1394409
223.202.33.161,3480910,463857,3944767
223.202.33.162,2584992,890553,3475545
223.202.33.163,584512,21954,606466
223.202.36.50,196716,535304,732020
223.202.36.51,189757,629787,819544
223.202.36.57,17726,76569,94295
223.202.36.58,20132,88249,108381
223.202.39.100,1309,3096,4405
223.202.39.170,1057,1183,2240
223.202.39.205,49718,7032,56750
223.202.39.228,63502,43153,106655
223.202.39.229,21980,17341,39321
223.202.39.32,472,671,1143
223.202.39.56,1393,6412,7805
223.202.39.75,20848,5328,26176
223.202.39.99,551,1217,1768
223.202.41.2,43312,3785,47097
223.202.47.171,152563,8591,161154
223.202.47.26,17966,518,18484
223.202.47.27,380,1493,1873
223.202.47.28,69963,35219,105182
223.202.47.31,5106,538,5644
223.202.47.32,352221,93234,445455
223.202.49.191,12932171,4006312,16938483
223.202.49.196,587436,44514,631950
223.202.49.197,1486697,1519462,3006159
223.202.49.199,520741,4772486,5293227
223.202.49.200,527,2127,2654
223.202.49.208,1339,4260,5599
223.202.49.222,140892,221506,362398
223.202.49.225,1116,8760,9876
223.202.6.26,69973,62100,132073
223.202.6.30,2976,3251,6227
223.202.6.31,78402,42021,120423
223.202.6.33,59172,109691,168863
223.202.6.34,4669,4096,8765
223.202.62.195,4980,14187,19167
223.202.62.213,5886,6414,12300
223.202.62.215,3888,938,4826
223.202.65.171,668629,132176,800805
223.202.65.172,51,69,120
223.202.65.239,8,17,25
223.202.65.240,184334,14683,199017
223.202.67.23,2760,934,3694
223.202.68.18,409,180,589
223.202.68.235,132099,77478,209577
223.202.68.52,71570,69847,141417
223.202.68.56,110595,39392,149987
223.202.68.64,408437,139257,547694
223.202.68.87,53522,16136,69658
223.202.68.90,108085,38726,146811
223.202.68.91,145822,9821,155643
223.202.68.93,218,632,850
223.202.68.98,121860,6253,128113
223.202.80.41,26483,908,27391
223.203.194.209,28824,24381,53205
223.203.194.210,21130,14737,35867
223.203.194.211,276690,148544,425234
223.203.194.255,7423,530,7953
223.203.195.34,16560,462,17022
223.203.201.70,512,2034,2546
223.203.201.76,4938,1972,6910
223.203.201.78,11620,6352,17972
223.203.209.125,9624,12900,22524
223.203.209.126,18245,27292,45537
223.203.209.127,13926,19832,33758
223.203.209.128,16362,20720,37082
223.203.209.129,8592,11035,19627
223.203.209.130,8511,10042,18553
223.203.209.132,15585,21937,37522
223.203.209.144,505,578,1083
223.203.209.145,781,397,1178
223.203.209.150,9083,2074,11157
223.203.209.155,9947,46589,56536
223.203.209.156,8277,44393,52670
223.203.209.157,6421,32698,39119
223.203.209.158,7715,32350,40065
223.203.209.159,12400,59534,71934
223.203.209.160,4670,19203,23873
223.203.209.161,7299,38329,45628
223.203.209.162,8812,45912,54724
223.203.209.163,5984,28385,34369
223.203.209.164,4681,26660,31341
223.203.209.165,9941,52829,62770
223.203.209.166,0,442,442
223.203.209.206,525,2094,2619
223.203.209.207,3853,3628,7481
223.203.209.208,340,4019,4359
223.203.209.209,310,3150,3460
223.203.209.210,3974,3381,7355
223.203.209.212,8738,2968,11706
223.203.209.213,11010,3617,14627
223.203.209.238,366,632,998
223.203.209.31,13134,31079,44213
223.203.209.65,13225,20169,33394
223.203.209.75,803,2141,2944
223.203.209.88,29396,43542,72938
223.203.209.90,64591,1943,66534
223.203.209.99,56810,5853,62663
223.203.211.106,30353,358,30711
223.203.212.213,2127,1181,3308
223.203.216.107,220317,316,220633
223.203.219.169,0,995,995
223.203.222.20,297642,37448,335090
223.203.225.12,220,624,844
223.203.225.182,2655,1125,3780
223.203.225.19,248,519,767
223.203.225.197,198504,5310,203814
223.205.178.53,18126,23351,41477
223.214.23.62,9537,53,9590
223.214.24.238,98564,260,98824
223.214.98.92,9537,53,9590
223.220.40.70,9537,53,9590
223.220.44.184,9537,53,9590
223.220.5.169,9541,53,9594
223.221.133.248,9541,53,9594
223.221.167.207,9537,53,9590
223.221.177.30,129,130,259
223.221.212.31,16491,128,16619
223.221.71.91,8280,49,8329
223.221.97.75,9537,49,9586
223.223.176.46,38267,983,39250
223.223.182.25,598,1678,2276
223.223.182.65,5597,6067,11664
223.223.182.76,1473,2576,4049
223.223.182.81,3438,4669,8107
223.240.118.100,2578,20905565,20908143
223.240.118.82,9537,49,9586
223.240.119.107,240,157,397
223.240.119.246,9537,53,9590
223.240.134.74,2762489,3920,2766409
223.240.167.161,4299,53,4352
223.240.179.149,9537,52,9589
223.240.233.59,9541,53,9594
223.240.27.181,250914,1520,252434
223.240.49.50,16503,150,16653
223.240.56.47,175,82075,82250
223.240.62.122,16941,183,17124
223.240.63.254,9545,53,9598
223.240.79.10,102,186,288
223.240.82.85,193,155,348
223.240.95.225,49292,152,49444
223.241.139.53,213317,88,213405
223.241.31.2,0,68,68
223.241.89.38,819,1609,2428
223.242.105.67,212,122,334
223.242.35.102,3312,4932,8244
223.242.60.209,27934,1269,29203
223.242.65.71,9537,53,9590
223.243.124.40,0,68,68
223.243.57.44,98535,39,98574
223.243.91.99,0,68,68
223.244.1.14,41,151,192
223.244.14.151,85,102,187
223.244.184.185,205,596,801
223.244.205.73,49985,277,50262
223.244.227.15,3742,452,4194
223.244.227.71,36365,1135,37500
223.244.240.68,223,155,378
223.244.89.30,1128,2193,3321
223.244.91.231,687,132,819
223.244.95.100,21390,9158420,9179810
223.245.107.181,9537,53,9590
223.245.171.159,9537,53,9590
223.245.237.13,9541,53,9594
223.245.27.85,9537,53,9590
223.245.30.21,4894,3163,8057
223.245.7.193,41,151,192
223.246.107.142,9537,49,9586
223.246.171.9,4059,1990911,1994970
223.246.180.105,0,429,429
223.246.220.39,0,202,202
223.246.246.82,9541,53,9594
223.246.253.124,307,602,909
223.246.4.162,8280,53,8333
223.246.8.141,9537,53,9590
223.246.93.104,237,157,394
223.247.202.209,92158,551,92709
223.247.212.15,139,129,268
223.247.233.10,11602,1127,12729
223.247.233.119,476,676,1152
223.247.244.72,9537,53,9590
223.247.72.97,204,399,603
223.247.73.237,84,84,168
223.247.78.63,9541,53,9594
223.252.198.12,11347,13179,24526
223.252.198.14,14715007,2483254,17198261
223.252.198.177,700,2358,3058
223.252.198.69,1114,2610,3724
223.252.198.70,1246,3735,4981
223.252.198.72,2674,9566,12240
223.252.198.73,348,1191,1539
223.252.198.76,2538,5293,7831
223.252.198.78,688,2346,3034
223.252.198.79,2440,7151,9591
223.252.198.97,11914,13912,25826
223.252.207.10,97471,39441,136912
223.252.214.119,27600,435,28035
223.252.214.120,27500,435,27935
223.252.214.49,15163,1292,16455
223.252.216.1,7840,6314,14154
223.252.216.141,8348,1028,9376
223.252.216.142,6266,782,7048
223.252.216.145,6270,778,7048
223.252.216.148,1567,195,1762
223.252.216.149,5749,721,6470
223.252.216.150,9388,1162,10550
223.252.216.61,24822,7549,32371
223.252.216.62,83645,12371,96016
223.252.216.63,400061,7375,407436
223.252.216.64,101346,2387,103733
223.252.216.65,77881,16168,94049
223.252.216.66,109048,20320,129368
223.26.53.44,3830,922,4752
223.26.60.228,116864,18190,135054
223.4.146.64,40064,923,40987
223.4.169.169,48300,992,49292
223.4.179.182,16080,452,16532
223.4.179.232,106060,5811,111871
223.4.18.7,5586,8036,13622
223.4.205.6,20904,450,21354
223.4.205.91,35641,3975,39616
223.4.211.212,2150922,272489,2423411
223.4.215.108,12828,460,13288
223.4.215.25,113511,1362,114873
223.4.216.241,23460,458,23918
223.4.240.152,0,0,0
223.4.32.163,83543,2688,86231
223.4.32.195,0,892,892
223.4.32.233,69782,6037,75819
223.4.32.254,19985,675,20660
223.4.32.63,16560,450,17010
223.4.33.171,14912087,1826543,16738630
223.4.50.165,10131,24291,34422
223.4.50.169,26304,948,27252
223.4.86.132,12376,452,12828
223.4.87.168,23460,454,23914
223.4.9.166,23460,456,23916
223.4.97.77,1008,1542,2550
223.6.104.1,16560,452,17012
223.6.112.22,14472,458,14930
223.6.142.10,28980,448,29428
223.6.143.38,24840,681,25521
223.6.202.179,17688,452,18140
223.6.248.206,22157,3405,25562
223.6.248.219,3366,614,3980
223.6.248.63,166042,33590,199632
223.6.248.90,262966,66291,329257
223.6.249.178,23964,2459,26423
223.6.249.86,634748,200994,835742
223.6.250.195,128642,37043,165685
223.6.250.253,12725,450,13175
223.6.251.184,1992,2845,4837
223.6.251.206,5177,1605,6782
223.6.251.50,102485,124535,227020
223.6.251.99,57898,10329,68227
223.6.252.143,0,0,0
223.6.252.18,179658,46548,226206
223.6.252.186,42455,1404,43859
223.6.253.185,9894,6285,16179
223.6.253.226,28798,454,29252
223.6.253.237,44751,1577,46328
223.6.253.239,564931,1980,566911
223.6.253.58,1437852,88742,1526594
223.6.254.105,0,0,0
223.6.254.183,0,0,0
223.6.254.191,5266,452,5718
223.6.254.204,0,0,0
223.6.254.224,123002,16807,139809
223.6.254.235,732815,236969,969784
223.6.254.39,35250,44907,80157
223.6.255.204,69700,11121,80821
223.6.255.237,2784,1011,3795
223.6.255.246,768,1348,2116
223.6.255.39,624050,22512,646562
223.6.33.135,35880,699,36579
223.6.62.56,24840,684,25524
223.6.62.59,26657,782,27439
223.6.74.55,6751,357,7108
223.68.139.23,18370,932,19302
223.68.229.212,0,805,805
223.7.108.37,16560,462,17022
223.7.131.90,8280,450,8730
223.7.141.132,189,185,374
223.7.170.141,18441,1378,19819
223.7.172.37,1310927,17124,1328051
223.7.22.178,16560,452,17012
223.7.230.82,867161,20999,888160
223.7.253.168,33120,1130,34250
223.7.30.119,10610,376,10986
223.7.35.30,80478,900,81378
223.7.66.217,16560,462,17022
223.7.70.136,283,437,720
223.7.70.141,411,255,666
223.7.70.219,1383,687,2070
223.7.92.247,16560,466,17026
223.71.184.208,61280,7529,68809
223.72.210.38,467037,19931,486968
223.72.210.41,264356,31979,296335
223.78.110.21,0,130,130
223.78.160.94,1824,936,2760
223.8.147.210,235,155,390
223.8.216.86,409,798,1207
223.8.47.66,16487,141,16628
223.8.60.78,95,95,190
223.80.129.24,0,130,130
223.85.133.156,22998,10846,33844
223.85.134.145,581132,1072,582204
223.9.111.56,85,85,170
223.9.169.136,252,132,384
223.9.69.105,84,84,168
223.95.6.255,0,68,68
223.99.243.149,21898,354,22252
23.10.0.60,1726,1737,3463
23.10.120.159,0,0,0
23.10.2.145,39443,9347,48790
23.10.4.179,9672,210681,220353
23.10.6.145,7344,204,7548
23.10.7.210,23360,6976,30336
23.10.7.96,2068,1693,3761
23.10.8.50,91169,16833,108002
23.10.88.159,7327,1746,9073
23.100.40.77,13399,48240,61639
23.100.84.232,11485,351,11836
23.101.122.6,1380,0,1380
23.101.14.234,414866,42204,457070
23.101.151.192,38534,2200,40734
23.101.166.76,19449,5451,24900
23.101.198.132,262887,6193,269080
23.101.203.122,1443061,32016,1475077
23.101.26.42,216504,217209,433713
23.101.30.131,351678,36247,387925
23.102.128.213,3237161,3707222,6944383
23.102.155.145,81845,22340,104185
23.102.163.57,1073882,605713,1679595
23.102.165.24,65439,24144,89583
23.102.224.207,6418,1438,7856
23.102.65.6,125622,6019,131641
23.103.183.20,97190,68818,166008
23.103.189.162,1557847,4688270,6246117
23.103.189.163,632923,1986415,2619338
23.105.68.82,29230,187,29417
23.11.113.174,23540,962,24502
23.11.113.56,140053,43375,183428
23.11.113.57,4869,1138,6007
23.11.113.58,3115,1630,4745
23.11.114.222,61427,15137,76564
23.11.115.172,3186,3506,6692
23.11.115.177,275902,11206,287108
23.11.115.56,5006,8265,13271
23.11.116.168,0,0,0
23.11.116.51,8362,1126,9488
23.11.121.97,1922393,2940,1925333
23.11.123.125,5072,1691,6763
23.11.124.173,509,401,910
23.11.124.249,280322,12956,293278
23.11.125.204,4601,707,5308
23.11.125.93,18121,3660,21781
23.11.175.170,0,0,0
23.11.63.199,0,0,0
23.11.94.74,22986,6389,29375
23.11.95.199,495,582,1077
23.111.8.203,18005,1628,19633
23.12.130.206,376,338,714
23.12.144.165,1535,9314,10849
23.12.145.22,204,131,335
23.12.148.13,11992,1739,13731
23.13.148.58,244103,1647,245750
23.13.165.168,2268,295,2563
23.13.171.32,71605,9612,81217
23.14.152.159,494,582,1076
23.14.168.160,533939,25470,559409
23.14.202.80,8754,931,9685
23.14.203.129,19183,2297,21480
23.14.84.166,0,0,0
23.15.10.45,18240,3440,21680
23.15.10.47,1672,959,2631
23.15.10.48,3352,520,3872
23.15.10.54,76566,30138,106704
23.15.10.55,677562,18684,696246
23.15.10.56,838,130,968
23.15.10.63,15386,2254,17640
23.15.10.64,179,97,276
23.15.10.71,13540,3815,17355
23.15.10.78,6594,966,7560
23.15.10.87,65622,23639,89261
23.15.138.24,16180,941,17121
23.15.35.176,0,0,0
23.15.8.221,1861,371,2232
23.15.8.229,2280,422,2702
23.15.8.239,2095,325,2420
23.15.81.129,564,451,1015
23.15.86.183,6351,4222,10573
23.15.88.117,53665,339,54004
23.15.91.37,17020,3319,20339
23.15.92.173,509,426,935
23.16.133.197,868,397,1265
23.192.100.216,67719,1925,69644
23.192.102.139,4125,820,4945
23.192.106.38,103398,18723,122121
23.192.109.215,22080,230,22310
23.192.112.216,77851,3423,81274
23.192.113.236,1535,3012,4547
23.192.162.101,419,65,484
23.192.162.102,419,65,484
23.192.162.110,419,65,484
23.192.162.112,419,65,484
23.192.45.132,41006,11622,52628
23.192.46.171,47757,1855,49612
23.192.46.24,15755,1022,16777
23.192.46.98,7573,1158,8731
23.192.80.104,0,0,0
23.192.81.174,65361,815,66176
23.192.82.115,19395,1601,20996
23.192.83.70,112848,5744,118592
23.192.85.235,562383,21949,584332
23.192.86.184,66881,4643,71524
23.192.88.245,4141,540,4681
23.192.89.64,1024755,135541,1160296
23.192.89.97,317961,20246,338207
23.192.90.152,0,0,0
23.192.95.144,31740,317,32057
23.192.97.125,254292,13947,268239
23.193.102.243,4177,552,4729
23.193.106.78,20710,10201,30911
23.193.108.24,0,896,896
23.193.122.155,4654,987,5641
23.193.123.125,17206,5638,22844
23.193.125.20,204,131,335
23.193.130.222,7377,2002,9379
23.193.131.56,43414,8265,51679
23.193.133.54,4283,6101,10384
23.193.133.56,22943,3139,26082
23.193.134.56,70041,1052,71093
23.193.135.168,28942,1563,30505
23.193.136.143,14020,2317,16337
23.193.137.241,37223,1715,38938
23.193.138.120,6833,4663,11496
23.193.139.37,15663,2986,18649
23.193.140.249,94692,5775,100467
23.193.143.203,224671,1824,226495
23.193.143.245,8430,1140,9570
23.193.146.202,39774,5117,44891
23.193.146.93,2553,10971,13524
23.193.148.201,0,0,0
23.193.151.96,188,188,376
23.193.152.192,0,729,729
23.193.152.58,107766,658,108424
23.193.156.56,76002,6525,82527
23.193.157.23,14152,2807,16959
23.193.160.107,20203,3778,23981
23.193.160.13,196289,2330,198619
23.193.61.7,9350,440,9790
23.193.62.27,0,0,0
23.193.70.178,9283,58,9341
23.193.79.114,1338,56,1394
23.193.85.114,1436,3110,4546
23.193.86.122,5811,2830,8641
23.193.97.247,201,3066,3267
23.196.197.122,228121,1971,230092
23.196.199.197,4140,148,4288
23.196.200.237,2720,572,3292
23.196.201.131,4059,9314,13373
23.196.204.91,31896,839,32735
23.196.206.197,62903,997,63900
23.196.206.51,78025,1399,79424
23.196.207.61,3049300,12325,3061625
23.196.211.132,17918,957,18875
23.196.211.24,4182134,112415,4294549
23.196.212.17,1903,1163,3066
23.196.213.137,28619,1378,29997
23.196.214.21,0,0,0
23.196.215.154,6194,1039,7233
23.196.217.119,24929,1611,26540
23.198.105.11,298662,1648,300310
23.198.134.208,344938,31783,376721
23.198.136.42,4152,920,5072
23.199.200.159,11345,5266,16611
23.2.130.222,13718,3222,16940
23.2.137.97,1297224,31872,1329096
23.2.139.37,7362,1106,8468
23.2.142.117,2866,1485,4351
23.2.142.208,18486,739,19225
23.2.143.153,412273,2657,414930
23.2.143.207,2277000,178,2277178
23.2.16.102,107358,3137,110495
23.2.16.104,13420,367,13787
23.2.16.13,2439,2011,4450
23.2.16.14,19997,1577,21574
23.2.16.22,17260,399,17659
23.2.16.23,7693,395,8088
23.2.16.24,2134,242,2376
23.2.16.29,126,205,331
23.2.16.32,50607,17498,68105
23.2.16.39,39919,14222,54141
23.2.16.47,4268,576,4844
23.2.16.53,277,1236,1513
23.2.16.61,277,1370,1647
23.2.16.71,0,2011,2011
23.2.16.85,6710,182,6892
23.2.16.87,47025,1293,48318
23.2.16.88,40308,1109,41417
23.2.16.93,6168,229,6397
23.2.16.94,6710,182,6892
23.2.16.95,114067,3134,117201
23.2.18.107,61477,4853,66330
23.2.18.71,23362,2592,25954
23.2.19.138,44866,1761,46627
23.2.19.155,41400,484,41884
23.2.19.210,28176,4920,33096
23.2.19.236,120407,85408,205815
23.2.19.34,1303158,100200,1403358
23.2.3.218,55069,6887,61956
23.2.3.34,3164746,879059,4043805
23.2.37.212,564,443,1007
23.2.68.86,13101,2045,15146
23.2.69.219,617262,35855,653117
23.2.69.23,424605,15108,439713
23.2.70.243,65560,778,66338
23.2.70.39,26075,959,27034
23.2.71.120,8576,2018,10594
23.2.71.89,8048,1030,9078
23.2.99.100,13420,2892,16312
23.20.73.83,855,1317,2172
23.200.112.212,49837,2719,52556
23.200.117.248,3228,775,4003
23.200.143.82,1833,638,2471
23.200.211.172,12423,15462,27885
23.200.220.249,79146,21325,100471
23.200.223.144,4510,982,5492
23.200.228.179,46850,11379,58229
23.200.231.96,790,508,1298
23.200.235.241,6872,2646,9518
23.200.86.149,2116,313,2429
23.200.86.157,1235,725,1960
23.201.103.16,0,0,0
23.201.103.62,419,65,484
23.201.235.1,206291,864,207155
23.201.242.111,9448,3022,12470
23.201.243.166,463328,14180,477508
23.201.248.239,3620,788,4408
23.201.249.186,752,587,1339
23.201.250.248,123183,20628,143811
23.201.255.14,74130,1239,75369
23.202.164.117,15036,1647,16683
23.202.166.10,14049,1928,15977
23.202.168.142,4382,890,5272
23.202.168.34,41925,7100,49025
23.202.171.162,4601,707,5308
23.202.171.7,29765,27674,57439
23.203.184.251,11250,966,12216
23.203.223.73,18354,1052,19406
23.203.243.220,81969,1101,83070
23.203.57.162,75641,3548,79189
23.204.162.222,6641,1684,8325
23.204.172.249,2444696,19875,2464571
23.205.138.156,247,307,554
23.205.177.120,191515,4704,196219
23.205.177.249,22748,1732,24480
23.205.178.132,2963,7147,10110
23.205.180.117,509,448,957
23.205.188.112,108669,872,109541
23.205.236.44,7362,979,8341
23.206.200.28,236323,2402,238725
23.206.200.81,64809,2238,67047
23.206.201.34,1439057,177317,1616374
23.206.219.168,739405,2113,741518
23.206.233.16,3424,2235,5659
23.206.252.255,21484,9247,30731
23.206.253.235,8544578,571720,9116298
23.207.100.127,23303,2990,26293
23.207.100.179,248,5496,5744
23.207.101.236,17790,8029,25819
23.207.101.249,303,264,567
23.207.102.145,988111,7563,995674
23.207.102.158,2455,673,3128
23.207.103.96,940,821,1761
23.207.104.203,828,0,828
23.207.107.205,22764,13711,36475
23.207.107.59,4402,1421,5823
23.207.108.98,0,0,0
23.207.114.222,52692,12877,65569
23.207.120.175,215,265,480
23.207.120.189,392,512,904
23.207.121.146,115669,11570,127239
23.207.121.97,604928,22153,627081
23.207.123.161,328,138,466
23.207.123.168,632808,5259,638067
23.207.123.218,75089,5547,80636
23.207.124.203,17040,12319,29359
23.207.125.204,9202,1414,10616
23.207.125.216,4217,1426,5643
23.207.126.72,29197,5211,34408
23.207.127.153,810396,23724,834120
23.207.127.192,811462,165678,977140
23.207.127.76,385768,81486,467254
23.207.96.106,83619,10796,94415
23.207.97.132,175,352,527
23.207.97.64,10986,5024,16010
23.207.98.222,464217,11432,475649
23.208.114.99,38640,365,39005
23.21.101.46,153,1517,1670
23.21.108.131,2511159,928829,3439988
23.21.110.224,2401416,1089060,3490476
23.21.118.130,4011189,1613456,5624645
23.21.118.65,84701,16268,100969
23.21.120.211,26520,21136,47656
23.21.122.213,13303,8951,22254
23.21.123.10,0,382,382
23.21.123.169,2501781,1023906,3525687
23.21.123.49,9133,2809,11942
23.21.123.64,0,9975,9975
23.21.124.76,85466,19368,104834
23.21.137.213,4844,1502,6346
23.21.137.7,6241,1884,8125
23.21.142.166,6306,1841,8147
23.21.143.123,7623,9899,17522
23.21.144.40,5908,1850,7758
23.21.145.236,19988,2753,22741
23.21.148.171,2061504,969669,3031173
23.21.149.137,165,672,837
23.21.155.170,6117,1392,7509
23.21.155.36,1407839,672389,2080228
23.21.156.126,18918,4532,23450
23.21.162.130,12482,3768,16250
23.21.168.166,6667,5664,12331
23.21.168.233,3390596,1368352,4758948
23.21.168.242,6241,2652,8893
23.21.169.184,64417,12632,77049
23.21.169.72,10507,4492,14999
23.21.175.177,12327,3663,15990
23.21.176.34,59452,11188,70640
23.21.181.140,31073,29217,60290
23.21.182.240,31826,12228,44054
23.21.188.119,6751,475,7226
23.21.189.90,1316445,519824,1836269
23.21.195.190,2525076,1077965,3603041
23.21.200.101,51966,22107,74073
23.21.200.118,2962965,1208769,4171734
23.21.201.234,2293681,1001974,3295655
23.21.203.104,57393,25799,83192
23.21.207.50,43704,10545,54249
23.21.208.42,31678,9183,40861
23.21.210.154,39118,44386,83504
23.21.210.55,6255,4392,10647
23.21.213.77,6454,3430,9884
23.21.214.253,1151,1269,2420
23.21.217.20,18969,6702,25671
23.21.219.176,40034,5984,46018
23.21.222.112,0,0,0
23.21.222.126,2931120,1154520,4085640
23.21.222.191,6345,4990,11335
23.21.223.1,4234437,1781713,6016150
23.21.225.149,43211,8650,51861
23.21.225.158,0,0,0
23.21.226.33,2169885,880636,3050521
23.21.230.204,29015,5816,34831
23.21.233.144,6306,1681,7987
23.21.234.19,287,392,679
23.21.234.216,664403,304351,968754
23.21.235.235,19008,9071,28079
23.21.239.11,16725,8409,25134
23.21.240.101,1466,536,2002
23.21.244.39,18415,9101,27516
23.21.245.201,553105,256686,809791
23.21.245.36,100191,15631,115822
23.21.246.74,18853,4883,23736
23.21.247.187,39930,25692,65622
23.21.254.161,12547,3309,15856
23.21.254.194,6241,2684,8925
23.21.255.104,2524455,1076533,3600988
23.21.41.33,51,1359,1410
23.21.43.103,4095,1906,6001
23.21.43.14,0,0,0
23.21.44.91,28328,5700,34028
23.21.46.10,6714,10892,17606
23.21.46.139,19034,6797,25831
23.21.46.213,12760,5911,18671
23.21.47.14,6306,1574,7880
23.21.47.241,34166,5945,40111
23.21.54.0,25818,11827,37645
23.21.72.138,51,1221,1272
23.21.76.118,5887,1592,7479
23.21.76.44,3282882,1264108,4546990
23.21.78.234,21238,3208,24446
23.21.79.159,0,0,0
23.21.79.43,2854180,1100147,3954327
23.21.83.67,5592429,2193166,7785595
23.21.87.6,27326,4667,31993
23.21.89.25,13065,6037,19102
23.21.92.178,38014,8563,46577
23.21.92.99,5587,524,6111
23.21.93.93,3548131,1506177,5054308
23.21.94.229,12482,4520,17002
23.210.128.72,20918,2365,23283
23.210.129.209,188,201,389
23.210.133.166,67744,1879,69623
23.210.150.120,184875,1681,186556
23.210.150.238,209021,12654,221675
23.211.100.216,121927,933,122860
23.211.106.28,77483,12243,89726
23.211.107.78,188,140,328
23.211.108.24,22334,709,23043
23.211.114.115,15345,1620,16965
23.211.123.168,357334,2990,360324
23.211.127.144,55714,814,56528
23.211.244.242,8964,2289,11253
23.211.251.142,0,0,0
23.211.252.33,204,131,335
23.211.62.167,3995,673,4668
23.212.10.224,16704,2224,18928
23.212.205.19,8809,2302,11111
23.212.7.243,6570,786,7356
23.216.11.101,629487,3386,632873
23.216.11.102,9985,11310,21295
23.216.11.104,419,65,484
23.216.11.110,137797,1012,138809
23.216.11.111,16736,288,17024
23.216.11.112,23071,1112,24183
23.216.11.118,1542,932,2474
23.216.11.119,73080,288,73368
23.216.11.120,189653,395,190048
23.216.11.125,47637,919,48556
23.216.11.80,25154,2274,27428
23.216.11.86,24423,13439,37862
23.216.11.88,187,480,667
23.216.11.93,0,0,0
23.216.11.96,422288,576,422864
23.220.144.74,1042,371,1413
23.220.160.100,434,1058,1492
23.220.160.81,347915,14541,362456
23.220.163.169,3635,788,4423
23.220.166.128,762545,60029,822574
23.220.166.61,272529,47376,319905
23.220.168.133,14581,329,14910
23.220.168.14,6259,7554,13813
23.220.168.160,7087,1351,8438
23.220.169.157,16853,386,17239
23.220.169.247,0,0,0
23.220.170.106,29728,1903,31631
23.220.170.175,1396,2301,3697
23.220.170.211,11829,472,12301
23.220.170.225,31362,5219,36581
23.220.170.67,14170,1117,15287
23.220.171.73,2857,1002,3859
23.220.173.84,273630,17635,291265
23.220.175.207,19203,1631,20834
23.220.176.56,899,470,1369
23.220.178.68,58114,950,59064
23.220.179.182,10839,382,11221
23.220.180.224,74050,2672,76722
23.220.180.49,8616,929,9545
23.220.181.142,154479,8121,162600
23.220.182.130,79249,3719,82968
23.220.182.133,60711,359,61070
23.220.182.69,0,0,0
23.220.183.74,1078,933,2011
23.220.187.108,23711,4290,28001
23.220.187.25,346,227,573
23.220.189.19,30359,2222,32581
23.220.189.7,8600,1588,10188
23.220.192.95,0,0,0
23.220.193.52,14568,329,14897
23.221.23.207,204,131,335
23.222.169.251,188,144,332
23.222.169.94,138421,6796,145217
23.222.76.189,15981,7249,23230
23.224.157.179,1540,1985,3525
23.226.229.28,192016,6543,198559
23.228.206.155,65663,14412,80075
23.228.206.170,31035,367,31402
23.229.214.8,483069,29169,512238
23.229.238.222,546,181,727
23.23.104.55,2571498,1231855,3803353
23.23.105.240,1389410,656931,2046341
23.23.106.116,0,0,0
23.23.110.21,14164,2866,17030
23.23.111.90,42460,8384,50844
23.23.114.33,6241,2604,8845
23.23.114.6,29095,5814,34909
23.23.115.30,6241,1884,8125
23.23.115.47,13704,1929,15633
23.23.116.40,38187,6913,45100
23.23.117.191,281,225,506
23.23.117.81,5732,3003,8735
23.23.118.221,3649,1133,4782
23.23.118.240,5324,794,6118
23.23.118.53,3297541,1332856,4630397
23.23.121.203,812665,337286,1149951
23.23.121.57,8723,2448,11171
23.23.122.42,19149,8696,27845
23.23.126.64,4920,967,5887
23.23.128.206,6088,354,6442
23.23.129.1,6667,5680,12347
23.23.129.76,6210,1352,7562
23.23.132.70,3206811,1277752,4484563
23.23.141.21,5132,1187,6319
23.23.141.50,6306,1734,8040
23.23.145.114,129669,217551,347220
23.23.145.22,102,2479,2581
23.23.148.40,3995,1396,5391
23.23.149.165,15551,2625,18176
23.23.150.2,595,605,1200
23.23.151.76,2028859,889931,2918790
23.23.153.32,4844,1470,6314
23.23.155.11,2654841,1143740,3798581
23.23.155.114,7126598,2781691,9908289
23.23.156.215,42386,6890,49276
23.23.157.192,12612,3495,16107
23.23.159.123,339,727,1066
23.23.160.238,153,2213,2366
23.23.161.53,6454,3398,9852
23.23.162.145,41254,7315,48569
23.23.163.3,18522,22526,41048
23.23.165.225,838,482,1320
23.23.166.160,14023,1343,15366
23.23.168.26,26310,14919,41229
23.23.169.215,21222,4093,25315
23.23.170.92,9513,4778,14291
23.23.175.208,1482349,660234,2142583
23.23.175.254,32335,16792,49127
23.23.184.41,63227,11639,74866
23.23.188.228,29768,5486,35254
23.23.192.48,51,478,529
23.23.194.128,98174,40316,138490
23.23.198.72,49899,1352,51251
23.23.200.179,213,844,1057
23.23.207.45,725,487,1212
23.23.210.116,1587499,718196,2305695
23.23.213.240,0,0,0
23.23.215.156,494,1103,1597
23.23.216.1,19182,8509,27691
23.23.216.89,81754,12564,94318
23.23.221.238,0,0,0
23.23.230.109,12612,3063,15675
23.23.230.222,233586,4080,237666
23.23.235.161,59268,13051,72319
23.23.235.193,62446,11260,73706
23.23.236.100,6374,1428,7802
23.23.236.172,153,3921,4074
23.23.241.71,12909,6476,19385
23.23.241.94,12908,7596,20504
23.23.246.82,6241,1868,8109
23.23.248.135,18654,8702,27356
23.23.252.77,121682,4757,126439
23.23.254.47,128769,22120,150889
23.23.255.230,4095,2274,6369
23.23.72.251,297,793,1090
23.23.74.121,7197,4978,12175
23.23.74.215,102,1639,1741
23.23.77.32,12292,3772,16064
23.23.80.194,31048,32687,63735
23.23.84.42,6322,31841,38163
23.23.85.0,218,1489,1707
23.23.85.116,489,508,997
23.23.88.249,1337644,662714,2000358
23.23.90.118,0,1080,1080
23.23.92.234,12644,11960,24604
23.23.96.19,81786,13523,95309
23.23.98.170,12547,3613,16160
23.234.19.90,148210,14609,162819
23.234.195.14,24840,456,25296
23.234.195.17,24840,476,25316
23.234.21.206,69085,5804,74889
23.234.22.242,223156,21009,244165
23.234.241.96,588465,13890,602355
23.234.25.92,381810,2724,384534
23.234.50.233,7491,313,7804
23.235.192.41,762,382,1144
23.235.33.139,92780,33162,125942
23.235.33.222,13837,1515,15352
23.235.33.69,622,1213,1835
23.235.37.139,233747,102165,335912
23.235.37.222,0,400,400
23.235.43.138,14101896,1118697,15220593
23.235.47.134,81757,4136,85893
23.235.47.135,1628927,79772,1708699
23.235.47.148,6729,5137,11866
23.235.47.197,266848,4972,271820
23.235.47.198,1606445,9156,1615601
23.235.47.201,2630095,146342,2776437
23.235.47.220,847228,2354,849582
23.235.47.69,180422,58789,239211
23.236.126.32,605,234,839
23.238.20.60,626149,65663,691812
23.239.0.140,5758,2068,7826
23.239.103.105,347,370,717
23.239.3.37,183167,27051,210218
23.244.124.215,2683,2358,5041
23.244.180.79,190165,5384,195549
23.244.200.253,190773,6824,197597
23.246.227.73,596581,741790,1338371
23.251.121.137,4070192,324753,4394945
23.252.113.191,60244,2243,62487
23.252.165.225,2517698,114092,2631790
23.252.167.134,39102,1330,40432
23.253.230.220,6801,70,6871
23.253.244.176,70889,2663,73552
23.27.192.122,822,317,1139
23.27.208.62,18105,419,18524
23.29.133.18,26172,7396,33568
23.3.105.13,244,382,626
23.3.105.14,3404,774,4178
23.3.105.16,1257,195,1452
23.3.105.22,0,0,0
23.3.105.24,169528,1801,171329
23.3.105.30,3197,1325,4522
23.3.105.31,419,65,484
23.3.193.180,413445,10636,424081
23.3.193.226,41325,1102,42427
23.3.194.185,69497,1430,70927
23.3.199.173,8888,2142,11030
23.3.203.164,41060,2300,43360
23.3.98.15,27705816,69956,27775772
23.3.98.16,22499,275,22774
23.3.98.37,419,65,484
23.3.98.46,233,213,446
23.32.241.15,20130,549,20679
23.32.241.31,13419,373,13792
23.32.241.32,6710,182,6892
23.32.241.47,5070,239,5309
23.32.241.54,6710,185,6895
23.32.248.109,6710,185,6895
23.32.248.112,692,187,879
23.32.248.118,13419,371,13790
23.32.248.119,13419,372,13791
23.32.248.21,2198,322,2520
23.32.248.95,15113,2935,18048
23.32.254.188,2254,491,2745
23.32.92.244,2421416,175924,2597340
23.32.92.245,15572,7315,22887
23.32.92.246,33769,6423,40192
23.32.95.210,509,488,997
23.32.95.57,59336,8136,67472
23.33.253.102,53465,2374,55839
23.33.42.186,50761,48720,99481
23.33.42.253,4926,839,5765
23.33.43.53,53015,1618,54633
23.33.52.140,556776,303,557079
23.33.54.23,7724,5607,13331
23.34.135.96,188,147,335
23.34.144.56,188,169,357
23.34.34.115,8430,1130,9560
23.34.36.51,36066,6811,42877
23.34.44.80,1822,2814,4636
23.34.46.76,6390,1090,7480
23.34.46.96,4869,1090,5959
23.34.47.144,54099,334,54433
23.34.47.153,718263,3638,721901
23.34.48.214,339293,1341,340634
23.34.48.219,779,943,1722
23.34.49.219,631371,11860,643231
23.34.50.243,79077,1268,80345
23.34.50.90,9262,2020,11282
23.35.165.168,107005,397,107402
23.35.171.32,64139,8456,72595
23.35.194.136,197912,17923,215835
23.35.194.144,27221,3935,31156
23.35.195.215,0,0,0
23.35.198.119,21124,962,22086
23.35.200.191,1370731,25035,1395766
23.35.201.126,560986,3075,564061
23.35.204.59,4601,707,5308
23.35.66.132,10839,325,11164
23.35.84.216,126551,2446,128997
23.35.90.78,13982,4433,18415
23.36.55.148,39164,2029,41193
23.37.112.181,251116,40775,291891
23.37.112.71,35578,4148,39726
23.37.113.67,510979,7115,518094
23.37.114.122,28835,1630,30465
23.37.115.137,15578,14722,30300
23.37.116.88,6388,788,7176
23.37.117.102,143486,6535,150021
23.37.117.201,316960,24617,341577
23.37.118.224,345030,5447,350477
23.37.119.103,1504,1248,2752
23.37.119.152,7239715,5667,7245382
23.37.119.99,13768,6336,20104
23.37.121.170,15948,403,16351
23.37.121.25,87100,1438,88538
23.37.121.85,5554,1005,6559
23.37.123.175,65560,778,66338
23.37.123.67,35125,7557,42682
23.37.123.88,6399,1946,8345
23.37.124.144,92227,12216,104443
23.37.125.41,2908,2273,5181
23.37.125.46,119510,7195,126705
23.37.126.25,2792,4874,7666
23.37.126.34,109011,71543,180554
23.37.126.40,161969,28216,190185
23.37.126.72,13849,5220,19069
23.37.127.72,60200,2581,62781
23.37.147.33,927,815,1742
23.37.150.145,115560,1113,116673
23.37.150.249,26109,6011,32120
23.37.152.79,91287,21246,112533
23.37.154.122,3013,1121,4134
23.37.251.16,6096,940,7036
23.38.110.13,12006,2623,14629
23.38.110.229,6225,1380,7605
23.38.111.236,1018,5683,6701
23.38.111.251,203134,11792,214926
23.38.160.21,5870,884,6754
23.38.161.100,234710,50708,285418
23.38.161.236,99410,13683,113093
23.38.163.100,1048,472,1520
23.38.165.110,249310,4347,253657
23.38.169.208,2307,318,2625
23.38.169.240,83506,2155,85661
23.38.171.152,20968,1000,21968
23.38.173.112,191845,10488,202333
23.38.173.152,32138,2386,34524
23.38.173.175,577262,13108,590370
23.38.232.159,345220,12707,357927
23.38.91.32,15311,2069,17380
23.39.16.119,2638157,33545,2671702
23.39.4.141,11049,4179,15228
23.39.8.159,1407235,23936,1431171
23.39.8.30,4164,1047,5211
23.4.17.147,408,262,670
23.4.18.115,19409,1809,21218
23.4.22.75,5523,2415,7938
23.4.23.213,17557,1121,18678
23.4.26.0,53021,2047,55068
23.4.27.37,7820,2947,10767
23.4.29.204,4601,707,5308
23.4.30.96,3816,634,4450
23.4.31.144,53927,420,54347
23.4.37.168,7786,681,8467
23.4.43.32,160414,25394,185808
23.4.53.168,11869,1186,13055
23.4.59.32,168532,37104,205636
23.40.192.56,22023,1414,23437
23.40.192.66,0,0,0
23.41.163.212,161614,43279,204893
23.41.165.245,61661,14990,76651
23.41.177.174,15948,403,16351
23.41.178.115,32351,3844,36195
23.41.179.151,4276,7442,11718
23.41.179.56,70087,7342,77429
23.41.185.140,576,179,755
23.41.185.54,36309,3023,39332
23.41.185.97,3431280,2857,3434137
23.41.187.125,4546,1163,5709
23.41.187.168,0,0,0
23.41.189.20,2670559,72118,2742677
23.41.191.144,59050,1396,60446
23.41.191.203,33491,7353,40844
23.41.240.148,15678,1577,17255
23.41.240.65,4926,839,5765
23.41.241.125,5607,5597,11204
23.41.244.61,15180,180,15360
23.41.245.142,0,1395,1395
23.41.247.96,1504,1312,2816
23.41.250.255,18818,929,19747
23.41.250.28,171776,42616,214392
23.41.250.38,62614,9421,72035
23.41.48.181,5991,1819,7810
23.41.48.203,1085,2533,3618
23.41.48.76,542335,44136,586471
23.41.49.210,3446869,699632,4146501
23.41.50.238,2774039,6677,2780716
23.41.51.167,11835,1818,13653
23.41.53.126,604,547,1151
23.41.53.199,4476873,88864,4565737
23.41.55.186,0,0,0
23.41.55.55,133474,4307,137781
23.41.57.185,2403485,172406,2575891
23.41.57.57,88665,3297,91962
23.41.59.243,68884,13520,82404
23.41.60.165,22080,235,22315
23.41.60.45,78025,1399,79424
23.41.61.223,175,580,755
23.41.61.233,22080,262,22342
23.41.61.235,52396,3495,55891
23.41.63.123,9202,1414,10616
23.41.63.94,7360,1070,8430
23.41.69.168,176640,118,176758
23.41.75.32,11476,1405,12881
23.41.80.135,0,0,0
23.41.81.62,779,920,1699
23.41.83.45,7533085,58064,7591149
23.41.85.108,138021,19170,157191
23.41.85.45,3205,1041,4246
23.41.87.123,42718,862,43580
23.41.87.189,19917,3221,23138
23.41.90.136,18907,3675,22582
23.41.90.164,599293,12852,612145
23.41.90.168,9385,5871,15256
23.41.90.183,3882,935,4817
23.41.90.221,197229,2236,199465
23.41.91.208,33143,1350,34493
23.41.92.191,14306,4368,18674
23.42.129.169,34076,2354,36430
23.42.134.39,4049126,94244,4143370
23.42.134.96,3890,359,4249
23.42.136.159,10472058,214864,10686922
23.42.136.17,10234,2514,12748
23.42.176.164,11256,6026,17282
23.42.176.224,135569,1769,137338
23.42.179.107,4151,920,5071
23.42.181.187,1396,2333,3729
23.42.181.189,36704,3051,39755
23.42.183.166,14581,370,14951
23.42.183.76,73900,296,74196
23.42.184.188,13661,36865,50526
23.42.187.131,24772,3695,28467
23.42.188.179,9571,7989,17560
23.42.189.93,12007,842,12849
23.42.191.133,3218,3766,6984
23.42.208.137,0,0,0
23.42.209.68,6136,941,7077
23.42.21.168,101785,891,102676
23.42.213.222,71114,148,71262
23.42.219.125,23675,19944,43619
23.42.220.212,4166,712,4878
23.42.220.66,476,130,606
23.42.221.87,112540,740,113280
23.42.27.32,54228,6801,61029
23.42.32.101,145841,3523,149364
23.42.34.154,5899,3360,9259
23.42.35.129,2209580,30546,2240126
23.42.36.101,15666,4874,20540
23.42.36.152,2640,482,3122
23.42.37.0,592,562,1154
23.42.38.120,188,161,349
23.42.40.133,24339,5019,29358
23.42.40.233,2256494,16707,2273201
23.42.40.25,1903,1257,3160
23.42.40.30,459481,14397,473878
23.42.40.45,3397,3757,7154
23.42.41.101,24880,1079,25959
23.42.44.202,86697,37060,123757
23.42.45.55,19758,2337,22095
23.42.83.177,202646,3606,206252
23.42.87.212,96600,481,97081
23.42.91.168,7185602,23327,7208929
23.42.91.57,16096,1994,18090
23.42.92.173,509,444,953
23.42.93.196,0,0,0
23.43.181.114,0,0,0
23.43.181.40,0,0,0
23.43.190.68,36559,1304,37863
23.43.69.168,149367,700,150067
23.43.75.32,60081,7044,67125
23.44.128.148,7417,548,7965
23.44.128.152,42583,1299,43882
23.44.128.65,37544,3889,41433
23.44.129.125,292753,22525,315278
23.44.129.89,2991,1751,4742
23.44.131.166,9312,15809,25121
23.44.131.38,103141,2876,106017
23.44.132.187,10882,3687,14569
23.44.132.190,4936,1073,6009
23.44.132.216,573744,9351,583095
23.44.132.95,612496,19803,632299
23.44.134.140,1038,681,1719
23.44.134.234,1795,370,2165
23.44.134.243,56892,2895,59787
23.44.135.96,188,138,326
23.44.136.210,4749,712,5461
23.44.136.214,22080,227,22307
23.44.138.150,2715139,90504,2805643
23.44.138.28,959461,508929,1468390
23.44.138.38,70598,10874,81472
23.44.138.78,122659,13262,135921
23.44.139.127,1548,2212,3760
23.44.140.188,16408,7105,23513
23.44.144.229,338127,10011,348138
23.44.144.230,36647,4003,40650
23.44.145.176,65560,778,66338
23.44.145.197,7445,1070,8515
23.44.146.118,684,1381,2065
23.44.146.143,46960,3815,50775
23.44.147.114,82466,18012,100478
23.44.147.123,651,1419,2070
23.44.147.74,0,0,0
23.44.147.96,6243,4993,11236
23.44.149.168,3474722,25378,3500100
23.44.149.217,11612,7073,18685
23.44.149.229,175,399,574
23.44.150.163,926890,31365,958255
23.44.151.11,166656,1786,168442
23.44.152.75,2475561,76942,2552503
23.44.153.158,80783,13667,94450
23.44.154.109,5494,2665,8159
23.44.155.128,463150,11056,474206
23.44.155.241,6211,2556,8767
23.44.155.32,1613513,222634,1836147
23.44.155.55,17203,4294,21497
23.44.156.183,154620,20698,175318
23.44.157.246,9292,1974,11266
23.44.161.125,6087,5950,12037
23.44.161.197,7445,1054,8499
23.44.163.248,148436,2552,150988
23.44.164.216,203632,3640,207272
23.44.167.96,4931,4046,8977
23.44.168.214,23616,1111,24727
23.44.170.28,4045,442,4487
23.44.172.24,47773,1557,49330
23.44.174.146,83524,14038,97562
23.45.89.145,120822,2753,123575
23.45.90.114,6399,721,7120
23.45.90.243,133418,2112,135530
23.46.10.216,23070,3728,26798
23.46.11.203,4152,920,5072
23.46.11.76,271376,19246,290622
23.46.128.127,24931,2118,27049
23.46.128.148,414,2819,3233
23.46.128.87,3825,453,4278
23.46.129.249,29094,1630,30724
23.46.131.248,78025,1142,79167
23.46.132.207,8310,2336,10646
23.46.132.216,303566,4776,308342
23.46.133.234,450691,18821,469512
23.46.134.145,744663,6127,750790
23.46.135.158,64074,408,64482
23.46.135.96,3594,451,4045
23.46.136.101,17769397,22266,17791663
23.46.136.214,81746,2713,84459
23.46.137.133,584340,3364,587704
23.46.137.168,14701,520,15221
23.46.138.28,227650,85273,312923
23.46.138.38,272471,43551,316022
23.46.139.57,32634,7234,39868
23.46.140.24,29770,3023,32793
23.46.142.130,72213,2437,74650
23.46.26.85,194962,1220,196182
23.46.4.13,321890,1062,322952
23.46.5.196,3890,383,4273
23.46.5.236,11001,15921,26922
23.46.5.34,17848,735,18583
23.46.5.99,51820,148,51968
23.46.8.123,225430,10997,236427
23.46.9.31,245867,31034,276901
23.47.129.68,97447,242,97689
23.47.130.115,40923,5645,46568
23.47.130.222,28275,6542,34817
23.47.134.48,57903,997,58900
23.47.137.33,6163,1730,7893
23.47.137.97,184612,7024,191636
23.47.139.168,797791,12223,810014
23.47.139.37,14724,3648,18372
23.47.140.249,285304,16192,301496
23.47.141.20,2647341,23854,2671195
23.47.141.204,4601,707,5308
23.47.141.217,77426,3671,81097
23.47.143.144,116957,2937,119894
23.47.21.168,2901,280,3181
23.47.27.32,11908,1632,13540
23.47.81.125,42015,13125,55140
23.47.84.216,98193,1801,99994
23.47.90.28,79967,3653,83620
23.47.90.38,11803,1818,13621
23.47.99.55,1283678,56162,1339840
23.48.0.117,20700,262,20962
23.48.0.168,80998,828,81826
23.48.1.162,20450,6698,27148
23.48.1.68,2007513,10563,2018076
23.48.10.141,78673,3201,81874
23.48.10.204,0,0,0
23.48.11.125,5944,1737,7681
23.48.11.183,960,3458,4418
23.48.11.255,29200,3336,32536
23.48.11.33,1321,4986,6307
23.48.11.96,43452,822,44274
23.48.12.101,149786,42561,192347
23.48.12.118,470,450,920
23.48.12.169,858569,76515,935084
23.48.12.248,8912,7049,15961
23.48.12.57,34500,726,35226
23.48.12.77,56202,3744,59946
23.48.13.0,762,699,1461
23.48.13.127,22713,6136,28849
23.48.14.154,764,659,1423
23.48.14.178,520572,1484,522056
23.48.15.158,2736,4191,6927
23.48.15.210,0,362,362
23.48.15.57,3378720,48493,3427213
23.48.16.133,8309,1786,10095
23.48.16.207,22080,513,22593
23.48.16.23,25612,51996,77608
23.48.16.30,319892,8158,328050
23.48.16.37,15771,5660,21431
23.48.16.45,1736,3896,5632
23.48.16.86,55200,690,55890
23.48.17.109,17505,3328,20833
23.48.17.119,26671,8834,35505
23.48.17.225,346,227,573
23.48.17.230,297860,2369,300229
23.48.17.61,1024,331,1355
23.48.18.95,22893,1511,24404
23.48.19.129,9202,1414,10616
23.48.19.22,6031638,139954,6171592
23.48.19.64,37516,14444,51960
23.48.19.7,7021470,90066,7111536
23.48.19.78,262943,2769,265712
23.48.2.138,70083,1508,71591
23.48.2.204,0,0,0
23.48.2.208,0,0,0
23.48.21.118,27784,4817,32601
23.48.21.152,58472,1672,60144
23.48.21.162,29721,2024,31745
23.48.4.85,53015,1663,54678
23.48.5.222,7050673,103752,7154425
23.48.5.80,207087,27601,234688
23.48.7.60,33233,2132,35365
23.48.9.124,24009,21866,45875
23.48.9.129,291674,12675,304349
23.48.9.76,23711,20565,44276
23.49.133.168,313760,1903,315663
23.49.136.75,30866,4518,35384
23.49.139.32,215809,30650,246459
23.5.11.32,172983,24993,197976
23.5.245.168,9573888,10155,9584043
23.5.251.32,881417,129804,1011221
23.5.5.168,346302,1648,347950
23.5.8.75,160595,5786,166381
23.50.69.168,4714,525,5239
23.51.117.168,49285,4409,53694
23.51.123.32,310905,50094,360999
23.51.229.168,1230,181,1411
23.51.235.32,40845,6688,47533
23.51.245.168,4978,535,5513
23.51.248.75,20951,796,21747
23.51.251.32,107054,22334,129388
23.51.26.202,14980,4481,19461
23.52.139.38,66109,682,66791
23.52.155.32,2051,239,2290
23.52.27.32,15799,2203,18002
23.52.53.168,1970,251,2221
23.52.59.32,35697,5176,40873
23.53.195.232,64665,3991,68656
23.53.197.104,9581,1672,11253
23.53.199.220,22080,148,22228
23.53.200.159,33459,4717,38176
23.54.133.168,1583,118,1701
23.54.139.32,26191,4352,30543
23.54.216.159,246118,4258,250376
23.54.240.87,3872,434,4306
23.54.244.179,899,839,1738
23.54.244.216,129193,2822,132015
23.54.246.40,26185,989,27174
23.54.250.28,52637,11313,63950
23.54.250.42,3883,1365,5248
23.54.252.24,9075,2917,11992
23.54.91.32,16642,2459,19101
23.56.125.20,204,131,335
23.57.101.168,1562,162,1724
23.57.107.32,6026,887,6913
23.58.152.105,678489,8645,687134
23.58.153.230,1763136,13402,1776538
23.58.153.235,238504,13226,251730
23.58.154.116,199469,69128,268597
23.58.154.124,55361,9076,64437
23.58.155.52,4601,707,5308
23.58.224.111,70218,3214,73432
23.58.225.171,294765,2855,297620
23.58.225.237,48560,10923,59483
23.58.226.32,21476,927,22403
23.58.227.11,687,1666,2353
23.58.227.76,63291,5951,69242
23.58.228.187,5387,2747,8134
23.58.229.244,4125,820,4945
23.58.229.88,1298432,80338,1378770
23.58.230.148,625,641,1266
23.58.234.63,8299,1840,10139
23.58.235.171,233006,4235,237241
23.58.236.185,158959,2348,161307
23.58.237.227,1581871,24646,1606517
23.58.24.116,495,582,1077
23.58.241.112,19331,1793,21124
23.58.241.218,121649,12796,134445
23.58.242.144,1184,1212,2396
23.58.242.163,0,0,0
23.58.242.186,217,529,746
23.58.243.154,28935,1212,30147
23.58.245.224,833144,40704,873848
23.58.247.53,1605454,72177,1677631
23.58.248.113,661832,31021,692853
23.58.248.250,62819,11200,74019
23.58.250.194,3272,2261,5533
23.58.251.125,10505,3482,13987
23.58.251.228,78498,4088,82586
23.58.252.211,17286,2209,19495
23.58.90.175,797788,6546,804334
23.58.90.241,3319,877,4196
23.59.133.168,6392,858,7250
23.59.139.32,42040,5453,47493
23.59.145.57,77436,18998,96434
23.59.146.222,121807,12710,134517
23.59.153.68,3108,569,3677
23.59.157.20,1211,439,1650
23.59.157.204,4601,707,5308
23.59.166.140,692,454,1146
23.59.167.158,1245984,737,1246721
23.59.167.96,376,293,669
23.59.168.214,28693,1346,30039
23.59.170.150,46263,1480,47743
23.59.170.28,7831,12700,20531
23.59.172.24,4486,1015,5501
23.59.180.71,23362,2070,25432
23.59.181.236,4657,3508,8165
23.59.190.110,1676,260,1936
23.59.190.112,0,0,0
23.59.190.117,838,130,968
23.59.190.118,22080,210,22290
23.59.190.119,1257,195,1452
23.59.190.125,838,130,968
23.59.190.126,2404,505,2909
23.59.190.127,1676,260,1936
23.59.190.128,1159294,1831,1161125
23.59.190.134,419,65,484
23.59.190.141,1861,371,2232
23.59.190.142,4375,761,5136
23.59.92.83,9824,3001,12825
23.6.183.194,413,161,574
23.6.189.168,1833,637,2470
23.6.7.217,4601,957,5558
23.6.72.159,2016161,29931,2046092
23.6.8.136,0,1523,1523
23.6.8.64,7682,1465,9147
23.60.133.168,446688,1197,447885
23.60.139.32,84266,13669,97935
23.60.20.160,4428,224,4652
23.61.181.168,8974,715,9689
23.61.187.32,38670,6810,45480
23.61.194.183,179,97,276
23.61.194.184,0,485,485
23.61.194.197,4396,644,5040
23.61.194.207,744,2272,3016
23.61.194.223,80377,1358,81735
23.61.194.245,10990,1610,12600
23.61.194.246,744,2269,3013
23.61.194.247,7698,9223,16921
23.61.194.62,2943,3527,6470
23.61.75.32,8174,950,9124
23.62.109.115,95312,908,96220
23.62.109.123,17147,486,17633
23.62.109.14,913287,12571,925858
23.62.109.141,226,258,484
23.62.109.142,6717,185,6902
23.62.109.147,6710,186,6896
23.62.109.148,26840,746,27586
23.62.109.149,20130,555,20685
23.62.109.15,159928,367,160295
23.62.109.150,288,293,581
23.62.109.21,1693,286,1979
23.62.109.22,199285,44620,243905
23.62.109.24,58853,17665,76518
23.62.109.29,12602,3796,16398
23.62.109.30,2264,5188,7452
23.62.109.31,1811,2193,4004
23.62.109.32,422,783,1205
23.62.109.40,1703,97,1800
23.62.109.45,4400652,319915,4720567
23.62.109.46,293346,2306,295652
23.62.109.47,3094,3744,6838
23.62.109.48,8574729,782901,9357630
23.62.109.53,19876,19381,39257
23.62.109.55,0,0,0
23.62.109.56,6709,187,6896
23.62.109.62,14255,33420,47675
23.62.109.63,10982,836,11818
23.62.109.64,554,2371,2925
23.62.109.69,1254511,3341,1257852
23.62.109.70,164757,26929,191686
23.62.109.71,10404,1403,11807
23.62.109.72,3363,5395,8758
23.62.109.77,679,811,1490
23.62.109.78,20651,11123,31774
23.62.109.79,2022,476,2498
23.62.109.80,136561,2559,139120
23.62.109.93,34147,486,34633
23.62.168.159,1585,363,1948
23.62.2.21,0,0,0
23.62.2.24,419,65,484
23.62.2.37,838,130,968
23.62.236.102,1818,361,2179
23.62.236.117,7078,1310,8388
23.62.236.118,1785523,3777,1789300
23.62.236.120,420621,1527,422148
23.62.236.126,0,0,0
23.62.236.135,245781,605,246386
23.62.236.136,619864,1446,621310
23.62.236.142,2813061,7913,2820974
23.62.236.149,309,180,489
23.62.236.15,2799,1127,3926
23.62.236.152,85556,1430,86986
23.62.236.159,114523,890,115413
23.62.236.165,838,130,968
23.62.236.166,6968870,8545,6977415
23.62.236.167,1851,1112,2963
23.62.236.173,0,0,0
23.62.236.174,5106,1221,6327
23.62.236.176,0,0,0
23.62.236.181,187,954,1141
23.62.236.182,0,0,0
23.62.236.183,0,0,0
23.62.236.184,377369,2034,379403
23.62.236.190,0,0,0
23.62.236.21,0,0,0
23.62.236.37,419,65,484
23.62.236.39,0,0,0
23.62.236.46,309,180,489
23.62.236.48,0,0,0
23.62.236.55,838,130,968
23.62.236.61,0,0,0
23.62.236.64,0,0,0
23.62.236.71,1861,371,2232
23.62.236.72,0,0,0
23.62.236.77,275220,1064,276284
23.62.236.79,10626,2247,12873
23.62.236.94,25886998,74740,25961738
23.62.239.13,0,0,0
23.62.239.31,7894575,26673,7921248
23.62.239.32,4322080,17953,4340033
23.62.239.38,521,240,761
23.62.244.225,114711,1038,115749
23.62.245.168,6832,548,7380
23.62.251.32,12204,3242,15446
23.62.6.157,1087,486,1573
23.62.7.142,6808,1723,8531
23.62.7.144,488817,2704,491521
23.62.7.149,187,473,660
23.62.7.150,0,0,0
23.62.7.151,57336,10249,67585
23.62.7.158,0,0,0
23.62.7.160,419,65,484
23.62.7.165,0,0,0
23.62.7.174,0,0,0
23.62.98.70,5169,232,5401
23.63.226.31,4126,1134,5260
23.64.171.32,6013,940,6953
23.65.11.32,40986,6290,47276
23.65.200.159,247,308,555
23.65.216.159,1338,56,1394
23.65.29.31,0,259,259
23.65.5.168,38182,537,38719
23.66.115.144,9146,1894,11040
23.66.115.16,7362,2035,9397
23.66.136.159,20598,11540,32138
23.66.149.157,4841208,35305,4876513
23.66.231.40,0,0,0
23.66.231.45,20379,581,20960
23.66.231.47,1943,1112,3055
23.66.231.53,0,0,0
23.66.231.55,1257,195,1452
23.66.231.61,20937,632,21569
23.66.231.70,0,0,0
23.66.24.159,789286,26547,815833
23.66.56.159,372639,7394,380033
23.66.72.159,1050872,11751,1062623
23.67.160.210,45478,862,46340
23.67.160.54,98663,13433,112096
23.67.161.65,64859,46883,111742
23.67.162.222,18948,6702,25650
23.67.162.59,5454,1549,7003
23.67.165.31,181564,137969,319533
23.67.166.31,81614,7877,89491
23.67.167.45,12001,24248,36249
23.67.167.86,6100,259,6359
23.67.168.100,175,520,695
23.67.168.109,175,352,527
23.67.168.225,224420,31443,255863
23.67.168.98,238,65,303
23.67.169.97,4817954,376330,5194284
23.67.171.168,36211,5409,41620
23.67.171.19,42452,1598,44050
23.67.171.26,927,1185,2112
23.67.172.155,317065,59828,376893
23.67.172.249,100256,24594,124850
23.67.172.84,20240,13148,33388
23.67.173.127,140781,83233,224014
23.67.173.211,10776,867,11643
23.67.176.114,25335,5452,30787
23.67.176.37,44516,1871,46387
23.67.177.235,8553,2466,11019
23.67.181.29,9452,526,9978
23.67.182.145,3563344,73092,3636436
23.67.182.79,6552,3767,10319
23.67.183.145,55356,9247,64603
23.67.183.31,1241871,328069,1569940
23.67.183.96,4443,2783,7226
23.67.185.215,0,0,0
23.67.186.118,12534,474,13008
23.67.186.175,251871,24168,276039
23.67.187.118,4447,258,4705
23.67.187.195,1284343,89384,1373727
23.67.190.23,3678,1632,5310
23.67.190.245,349857,72528,422385
23.67.191.123,8280,180,8460
23.67.191.166,162503,38085,200588
23.67.191.198,6994,831,7825
23.67.191.61,46285,2764,49049
23.67.242.53,419,65,484
23.67.242.77,838,130,968
23.67.244.102,419,65,484
23.67.244.109,0,0,0
23.67.244.112,22080,210,22290
23.67.244.125,0,0,0
23.67.244.14,0,0,0
23.67.244.143,301452,639,302091
23.67.244.166,0,0,0
23.67.244.77,0,0,0
23.67.244.79,419,65,484
23.67.244.93,0,0,0
23.67.252.210,0,0,0
23.67.252.227,0,0,0
23.67.252.228,0,0,0
23.67.252.229,1676,260,1936
23.7.133.168,7321195,9828,7331023
23.7.135.188,1832,670,2502
23.7.139.12,4215,566,4781
23.7.139.216,8427,2351,10778
23.7.139.32,1183874,180155,1364029
23.72.236.241,43900,2847,46747
23.72.237.71,81984,1120,83104
23.73.100.179,899,1092,1991
23.73.100.79,8828,3869,12697
23.73.101.140,7087,1365,8452
23.73.102.173,9024,14393,23417
23.73.102.238,630532,66593,697125
23.73.106.28,22585,18983,41568
23.73.108.24,24087,4155,28242
23.73.108.46,196787,45184,241971
23.73.113.23,188,183,371
23.73.114.202,25140,1013,26153
23.73.118.203,83046,4134,87180
23.73.127.147,184917,26165,211082
23.73.127.167,112244,1572,113816
23.73.128.196,59678,1368,61046
23.73.140.13,12466,1887,14353
23.73.181.31,838,130,968
23.73.239.199,112797,884,113681
23.73.97.2,273,1180,1453
23.73.99.229,16494,2342,18836
23.74.14.229,4310,946,5256
23.74.141.20,204,131,335
23.74.143.203,556941,49423,606364
23.74.160.210,14581,362,14943
23.74.8.198,0,0,0
23.74.8.199,0,0,0
23.74.8.205,0,0,0
23.74.8.208,0,0,0
23.74.8.213,0,0,0
23.74.8.214,0,0,0
23.74.8.216,0,0,0
23.77.214.40,4096,457,4553
23.79.171.37,8477,1498,9975
23.79.172.249,467361,15952,483313
23.79.173.251,235,225,460
23.79.175.203,222095,296,222391
23.9.117.168,1562,162,1724
23.9.123.32,26496,3319,29815
23.9.207.153,111048,148,111196
23.91.114.143,4307,369,4676
23.91.121.29,264,814,1078
23.91.249.246,15214,1331360,1346574
23.91.25.101,93793,255,94048
23.92.22.86,1990,346,2336
23.96.112.58,807,177,984
23.96.80.206,85436,36712,122148
23.96.82.249,98018,33651,131669
23.97.68.212,5736,16120,21856
23.97.70.118,5019,14721,19740
23.97.72.163,4450,867,5317
23.97.72.170,4450,867,5317
23.98.49.19,11485,2288,13773
23.98.75.99,3920,12701,16621
23.99.22.218,20635,12712,33347
23.99.22.220,50284,56498,106782
23.99.248.224,203554,14922,218476
23.99.32.83,593207,10446,603653
23.99.6.30,5978,3475,9453
24.108.251.63,834,1719,2553
24.143.194.103,537,291,828
24.143.194.110,2664,3468,6132
24.143.194.112,33120,942,34062
24.143.194.120,309,977,1286
24.143.194.125,1053,2875,3928
24.143.194.14,0,424,424
24.143.194.144,8792,1288,10080
24.143.194.16,98670,10520,109190
24.143.194.21,3416,402,3818
24.143.194.22,28437,24164,52601
24.143.194.29,89388,666,90054
24.143.194.31,16573,1467,18040
24.143.194.32,91771,4302,96073
24.143.194.38,36918,19640,56558
24.143.194.40,3612,536,4148
24.143.194.53,1928468,161408,2089876
24.143.194.63,1142,378,1520
24.143.194.70,1976,1018,2994
24.143.194.71,679,821,1500
24.143.194.72,2490,2970,5460
24.143.202.13,10355,462,10817
24.143.202.23,5175,230,5405
24.217.29.132,3690,388,4078
24.44.74.76,2850251,280093,3130344
24.51.184.5,0,27135,27135
24.56.178.145,51,0,51
24.88.83.17,1743,31221,32964
27.106.206.102,661726,130813,792539
27.106.206.16,3595,1134,4729
27.110.58.19,84947,1974,86921
27.110.58.25,624834,324099,948933
27.112.0.159,10560,778,11338
27.112.2.175,95708,4159,99867
27.112.2.208,1418,1052,2470
27.112.2.46,1026,452,1478
27.112.8.24,283,894,1177
27.112.8.25,2758121,119995,2878116
27.112.8.31,819,1391,2210
27.115.110.19,11835,5272,17107
27.115.124.160,765,645,1410
27.115.124.161,1282,1298,2580
27.115.124.162,17194,3918,21112
27.115.124.173,1764,2626,4390
27.115.124.174,1511,1934,3445
27.115.124.222,3616,387,4003
27.115.67.168,0,258,258
27.115.67.169,0,2380,2380
27.115.84.0,582,532,1114
27.12.161.145,82,302,384
27.120.95.26,30663,343,31006
27.123.201.175,14025,2337,16362
27.125.190.60,42199,1531834,1574033
27.126.188.167,0,2248,2248
27.13.182.83,129,218,347
27.130.75.27,140424,4376,144800
27.131.221.248,23193,1356,24549
27.131.222.30,414,1502,1916
27.131.222.33,3835,1415,5250
27.14.182.203,41,151,192
27.144.216.133,68,68,136
27.151.251.248,79,101,180
27.152.28.231,4707,3532,8239
27.152.28.250,171990,422,172412
27.152.28.27,332084,28491,360575
27.154.166.82,768,530,1298
27.154.238.51,24,30,54
27.154.248.18,263,185,448
27.155.156.94,1146,716,1862
27.155.186.134,101,187,288
27.155.21.228,9541,53,9594
27.155.21.79,471,308,779
27.156.153.136,408,803,1211
27.157.15.202,727,558,1285
27.159.106.10,112,16483,16595
27.159.122.69,514,1005,1519
27.159.124.202,240996,736,241732
27.159.218.219,409,804,1213
27.159.46.55,406,799,1205
27.159.51.128,215,124,339
27.159.6.61,158,23,181
27.159.73.136,47,63,110
27.159.74.59,592923,4399,597322
27.159.81.151,1404,929,2333
27.16.11.233,41,151,192
27.16.118.223,103,188,291
27.16.134.116,512,1013,1525
27.16.28.86,51041,1212,52253
27.16.7.214,0,68,68
27.16.7.83,396336,523,396859
27.17.128.40,614,1200,1814
27.17.130.170,164654,123,164777
27.17.132.202,4673,2975,7648
27.17.134.156,477,307,784
27.17.142.213,119,169,288
27.17.142.255,615,1294,1909
27.17.143.137,103,185,288
27.17.144.57,309553,2761,312314
27.17.145.7,41,143,184
27.17.160.171,5393,429739,435132
27.17.162.139,12008,1379,13387
27.17.200.190,1959,10561,12520
27.17.203.41,409,800,1209
27.17.233.197,451,278,729
27.17.233.9,213,125,338
27.17.236.118,42537,1063,43600
27.17.236.220,9537,53,9590
27.17.238.60,527470,4058,531528
27.17.247.139,13237,511,13748
27.17.62.40,63660,3559,67219
27.17.62.47,22080,454,22534
27.18.102.150,926068,5149,931217
27.18.106.101,41,143,184
27.18.106.28,154635,89,154724
27.18.11.2,0,68,68
27.18.110.68,41920,1287,43207
27.18.131.73,9537,53,9590
27.18.133.219,207,400,607
27.18.144.145,41,143,184
27.18.147.224,961,780,1741
27.18.149.126,408,799,1207
27.18.153.164,0,68,68
27.18.157.128,80539,281,80820
27.18.161.74,547,16610,17157
27.18.162.75,949321,1885,951206
27.18.168.32,1774,366,2140
27.18.171.85,41,151,192
27.18.173.181,428,247,675
27.18.190.70,9537,53,9590
27.18.211.111,308,600,908
27.18.213.190,68,149,217
27.18.219.111,3083,920,4003
27.18.34.30,1084,293,1377
27.18.4.22,941,619,1560
27.18.97.34,303,746,1049
27.184.172.83,9537,52,9589
27.184.194.174,1857,25263,27120
27.184.5.23,309,602,911
27.184.54.35,500,340,840
27.184.63.192,9537,53,9590
27.185.137.172,57955,193,58148
27.185.207.41,4259,115,4374
27.186.117.153,192,153,345
27.187.104.92,1864,370547,372411
27.187.152.76,1360,27581,28941
27.187.167.63,413,801,1214
27.187.191.133,681,16583,17264
27.187.200.253,9537,52,9589
27.188.103.156,224,154,378
27.188.139.1,237,153,390
27.188.161.23,2416,134502,136918
27.188.162.86,236,154,390
27.188.175.57,478,310,788
27.188.178.97,2147,1483,3630
27.188.180.56,4302,166,4468
27.188.225.25,65759,79,65838
27.189.80.126,224,154,378
27.19.106.230,276,411,687
27.19.107.245,35673,584,36257
27.19.109.16,1194,415,1609
27.19.110.214,307,601,908
27.19.116.117,98536,41,98577
27.19.118.124,9537,53,9590
27.19.119.234,712,470,1182
27.19.125.182,1193,776,1969
27.19.132.75,9537,53,9590
27.19.160.146,309,799,1108
27.19.170.226,284135,2003,286138
27.19.202.201,86,86,172
27.19.207.126,0,68,68
27.19.213.207,77503,200,77703
27.19.220.197,3268,468,3736
27.19.221.168,0,68,68
27.19.37.167,112,117,229
27.19.54.29,638,27185,27823
27.19.62.98,472,311,783
27.19.67.131,103,2926,3029
27.19.68.150,1887,415,2302
27.19.7.168,9895,599,10494
27.19.72.1,173964,668,174632
27.19.79.170,41,151,192
27.19.85.136,85,85,170
27.19.85.41,17576,2485172,2502748
27.19.93.65,307,603,910
27.19.98.2,0,68,68
27.19.98.202,9541,53,9594
27.190.183.42,8442,88,8530
27.190.196.68,9537,49,9586
27.190.203.34,34994,891,35885
27.190.34.237,514,1001,1515
27.190.57.97,2500,152677,155177
27.190.67.201,323,479,802
27.190.82.183,9537,53,9590
27.190.87.241,1664,88223,89887
27.191.77.183,19074,106,19180
27.192.70.93,41,151,192
27.193.146.63,41,151,192
27.193.4.255,41,151,192
27.193.52.178,41,151,192
27.194.27.81,0,390,390
27.198.192.3,41,151,192
27.198.201.213,41,151,192
27.198.214.209,258,478,736
27.199.225.105,0,151,151
27.20.128.111,16564,39,16603
27.20.194.102,9537,53,9590
27.20.43.1,41,151,192
27.20.5.178,9537,53,9590
27.20.55.72,9537,53,9590
27.20.58.238,9537,53,9590
27.201.76.170,628,9356,9984
27.202.179.253,94110,1206,95316
27.202.7.32,41,143,184
27.204.96.237,0,130,130
27.205.129.191,129,178,307
27.205.214.216,0,260,260
27.208.120.46,41,151,192
27.208.166.139,41,151,192
27.209.182.37,384847,10677,395524
27.209.182.38,93726,9704,103430
27.21.10.55,660,435,1095
27.21.12.190,1095,647,1742
27.21.14.237,18914,177,19091
27.21.195.203,16569,206,16775
27.21.197.17,2149,1399,3548
27.21.198.24,226,157,383
27.21.205.16,61784,292,62076
27.21.27.29,11496,7651,19147
27.210.139.132,41,151,192
27.210.156.138,74,285,359
27.210.230.172,0,2529,2529
27.211.132.14,41,151,192
27.211.193.73,41,151,192
27.211.58.4,61771,5676,67447
27.212.131.219,41,151,192
27.212.146.6,129,200,329
27.212.179.189,0,604,604
27.213.208.237,0,650,650
27.213.248.164,0,68,68
27.213.6.32,41,151,192
27.214.187.37,0,130,130
27.214.21.28,41,143,184
27.214.45.94,41,143,184
27.215.101.158,22,92,114
27.215.195.246,1532,1809,3341
27.218.181.226,519,68,587
27.218.54.182,74,285,359
27.219.180.153,41,151,192
27.219.180.91,108,203,311
27.22.35.192,9537,53,9590
27.22.46.184,9537,53,9590
27.22.77.254,41,143,184
27.22.82.172,384,115,499
27.22.82.97,1344,1083,2427
27.22.85.233,17940,440,18380
27.22.85.234,22080,442,22522
27.220.253.133,41,143,184
27.220.65.90,41,143,184
27.221.18.146,383176,498,383674
27.221.20.254,388000,268,388268
27.221.21.200,315464,3312,318776
27.221.24.253,121488,11644,133132
27.221.36.18,63314107,216989,63531096
27.221.36.20,1443,250851,252294
27.221.36.21,52614892,362220,52977112
27.221.36.22,65752037,275965,66028002
27.221.36.25,43025231,595955,43621186
27.221.36.33,89760,644,90404
27.221.38.122,4942,1498,6440
27.221.40.51,2898920,1868,2900788
27.221.40.53,4231,201,4432
27.221.6.136,8227101,82298,8309399
27.221.6.138,4088469,37017,4125486
27.221.6.140,6659732,46046,6705778
27.221.6.142,11823761,91971,11915732
27.223.9.11,20271,1922,22193
27.224.125.143,368,548,916
27.224.142.42,85,85,170
27.224.194.232,16546,139,16685
27.224.239.100,9537,53,9590
27.224.245.126,201,124,325
27.224.31.143,568,10452,11020
27.225.11.194,310,315,625
27.225.129.243,6900,53,6953
27.225.166.88,9537,53,9590
27.225.199.13,9537,53,9590
27.225.59.57,9541,53,9594
27.225.72.80,9537,53,9590
27.225.77.57,9537,53,9590
27.225.88.249,21317,1243,22560
27.226.116.193,5316,1227666,1232982
27.226.134.164,9537,53,9590
27.226.254.184,481,310,791
27.226.254.211,213,157,370
27.226.53.165,101,188,289
27.227.132.6,9537,53,9590
27.227.134.131,0,68,68
27.227.84.1,9537,53,9590
27.23.168.73,9537,53,9590
27.23.174.43,9537,49,9586
27.23.5.22,710,13973,14683
27.23.81.200,0,68,68
27.24.128.53,0,68,68
27.24.141.210,586129,14566,600695
27.24.18.92,180517,56,180573
27.24.204.251,439,124,563
27.24.221.95,0,944,944
27.24.224.96,189292,93,189385
27.24.250.193,9537,49,9586
27.25.128.130,13574,3455860,3469434
27.25.128.159,265,188,453
27.25.131.90,41,151,192
27.25.153.58,16483,137,16620
27.25.20.143,41,143,184
27.25.45.62,97,80,177
27.25.96.83,9537,53,9590
27.254.46.80,2760,255,3015
27.255.64.241,14423,922,15345
27.255.66.99,367889,8463,376352
27.255.73.51,160276,7307,167583
27.255.84.148,12376,450,12826
27.27.57.135,41,302,343
27.28.162.212,1498,378,1876
27.29.67.35,9537,53,9590
27.30.103.135,41,151,192
27.30.73.251,0,39,39
27.31.166.93,6569,166,6735
27.32.8.188,1097,936,2033
27.33.183.73,0,136,136
27.36.203.46,0,68,68
27.36.205.85,0,130,130
27.36.73.206,81,86,167
27.40.157.221,309,200,509
27.43.227.65,129,130,259
27.45.116.216,0,68,68
27.45.15.106,11729,477,12206
27.45.207.170,41,151,192
27.45.252.212,1529,829,2358
27.47.31.145,41,151,192
27.47.31.31,41,151,192
27.50.136.195,16807,1044,17851
27.54.228.168,40106,2786,42892
27.54.229.40,356,356,712
27.54.254.155,136785,3161,139946
27.8.208.186,41,143,184
27.90.140.32,60936,2856,63792
27.90.189.159,114594,2966,117560
27.98.208.204,9081,478,9559
31.13.66.10,74418,23265,97683
31.13.67.14,0,0,0
31.13.73.12,97860,6115,103975
31.13.73.15,539656,10925,550581
31.13.74.11,4200,1278,5478
31.13.74.15,224692,256,224948
31.170.163.246,303,301,604
31.186.225.28,7849,3238,11087
31.186.225.29,5343,5806,11149
31.186.229.25,31211,32515,63726
31.186.231.49,3476,18517,21993
31.210.153.87,10158,11512,21670
31.22.4.89,628,138,766
31.220.16.48,782,400,1182
31.24.80.80,22245,16100,38345
31.25.191.139,5684,11804,17488
32.65.247.15,55553,1322,56875
32.65.247.19,31716,661,32377
36.1.111.212,475,309,784
36.1.139.144,2074,443890,445964
36.1.172.196,184,447,631
36.100.67.162,241,154,395
36.101.74.168,9537,53,9590
36.102.84.46,216,123,339
36.103.218.127,9537,53,9590
36.105.130.52,450,275,725
36.105.254.121,74,74,148
36.109.37.31,356,115,471
36.22.128.68,406,797,1203
36.22.151.120,9537,53,9590
36.225.35.14,0,130,130
36.226.190.187,2255,6513,8768
36.226.227.22,0,260,260
36.230.19.231,204,549,753
36.232.208.204,0,130,130
36.233.27.191,102,585,687
36.235.210.140,0,130,130
36.235.51.96,423,209,632
36.239.128.170,647,723,1370
36.245.15.77,538219,79087,617306
36.248.19.172,0,204,204
36.248.6.53,168083,10292,178375
36.249.106.7,74,285,359
36.250.13.96,1870,1125,2995
36.250.74.93,94048,255,94303
36.250.87.99,6353,2241,8594
36.250.9.38,0,0,0
36.250.90.10,868546,33340,901886
36.250.90.139,513596,12254,525850
36.251.94.121,129,200,329
36.32.57.14,956,25977,26933
36.32.79.126,123,429,552
36.33.193.29,41,604,645
36.33.215.125,1354,500,1854
36.33.29.144,39,180,219
36.33.65.251,75332,209,75541
36.33.89.113,82,302,384
36.34.226.241,41,151,192
36.36.87.90,0,68,68
36.40.161.18,15788,2492136,2507924
36.40.163.88,9545,53,9598
36.40.167.141,149456,17279,166735
36.40.194.97,9537,53,9590
36.40.195.121,0,67,67
36.40.39.118,128771,515,129286
36.40.46.39,454,278,732
36.40.49.253,239,153,392
36.40.78.9,9537,49,9586
36.41.141.24,19074,106,19180
36.41.87.111,903,558,1461
36.41.87.135,14,124,138
36.41.92.118,35919,6548358,6584277
36.41.93.65,94497,6202,100699
36.42.249.255,205,399,604
36.42.53.211,48,64,112
36.42.53.220,193,157,350
36.42.74.128,0,64,64
36.43.122.142,0,68,68
36.43.3.172,9537,52,9589
36.43.4.215,65920,77,65997
36.43.4.58,45,142,187
36.43.6.38,9540,49,9589
36.43.65.232,236,152,388
36.43.95.93,376,2645,3021
36.44.100.119,14745,4440,19185
36.44.110.213,49347,4918,54265
36.44.119.16,23,33,56
36.44.131.137,0,68,68
36.44.141.70,1662,1097,2759
36.44.145.78,225,152,377
36.44.180.209,9541,53,9594
36.44.203.202,9537,53,9590
36.44.204.133,9537,53,9590
36.45.143.226,0,53,53
36.45.146.10,2208,98,2306
36.45.148.47,9218,681498,690716
36.45.153.207,0,180,180
36.45.160.136,90,90,180
36.45.164.162,86145,3598,89743
36.45.171.185,0,1323,1323
36.45.212.23,33645,2896,36541
36.46.102.84,9537,53,9590
36.46.18.159,17395,67364,84759
36.46.208.254,476,309,785
36.46.251.228,410,802,1212
36.46.254.86,267,161,428
36.46.4.35,330,475,805
36.46.41.104,21160,34250,55410
36.46.49.56,92,274,366
36.46.73.190,67039,183,67222
36.46.74.124,19074,102,19176
36.46.95.6,671,432,1103
36.47.134.63,0,64,64
36.47.174.225,113445,4447,117892
36.47.203.50,1425,227,1652
36.47.210.89,45,126,171
36.47.240.112,72495,3932,76427
36.47.246.69,19074,106,19180
36.47.253.68,9537,52,9589
36.47.26.193,2760,49,2809
36.47.26.44,5520,52,5572
36.47.32.207,19074,105,19179
36.47.38.56,687,465,1152
36.48.24.215,206,373,579
36.49.108.122,0,68,68
36.49.61.147,1593,274288,275881
36.51.255.141,302452,18817,321269
36.55.231.8,0,255,255
36.56.127.153,477,309,786
36.56.211.234,9537,53,9590
36.56.224.180,9537,53,9590
36.56.229.60,94255,1057,95312
36.56.232.166,3941,385,4326
36.56.235.152,9120,284,9404
36.56.235.200,9541,53,9594
36.56.236.54,41,151,192
36.56.254.98,90,90,180
36.56.255.41,831,415,1246
36.56.33.153,35713,93,35806
36.56.66.56,9537,53,9590
36.57.110.2,0,68,68
36.57.132.186,77442,51037,128479
36.57.139.143,11956,44346,56302
36.57.176.211,215,122,337
36.57.18.68,840,1370,2210
36.57.188.179,41,151,192
36.6.111.139,15380,132,15512
36.6.239.238,3436,2472769,2476205
36.6.252.144,41,151,192
36.7.113.119,0,23,23
36.7.172.119,9847,19533,29380
36.7.172.120,7088,1801,8889
36.7.208.158,237,157,394
36.7.218.241,81,81,162
36.7.244.129,9537,53,9590
36.7.36.215,9537,53,9590
36.71.236.170,212203,1046536,1258739
36.71.243.50,532376,2822071,3354447
36.72.11.201,277953,20497,298450
36.84.113.11,122969,7597,130566
36.96.106.35,9537,53,9590
36.96.126.14,620,115,735
36.96.37.129,377,115,492
36.99.133.158,691,435,1126
36.99.235.150,66670,166,66836
37.139.28.158,764320,50640,814960
37.157.6.231,1290,1115,2405
37.157.6.232,0,0,0
37.187.142.93,1063,1234,2297
37.187.144.99,1185,2583,3768
37.187.148.44,33828,5497,39325
37.187.151.23,950,3542,4492
37.187.151.24,2117,9500,11617
37.187.154.84,2801,6581,9382
37.187.155.143,2334,9985,12319
37.187.155.144,950,2015,2965
37.187.155.153,950,3370,4320
37.187.155.156,950,5237,6187
37.187.155.170,2334,10149,12483
37.187.155.171,950,3995,4945
37.187.155.46,1900,6293,8193
37.187.155.48,467,2888,3355
37.187.155.49,483,884,1367
37.187.156.245,0,1080,1080
37.187.168.38,3821,19206,23027
37.187.27.152,12991,3163,16154
37.187.37.87,1454962,36851,1491813
37.187.87.25,0,218,218
37.187.88.114,0,213,213
37.221.165.24,3240,1430,4670
37.230.104.94,2218,223,2441
37.252.161.160,13204,1725,14929
37.252.227.11,10063,5433,15496
37.252.227.56,9,9,18
37.252.230.25,507429,1260751,1768180
37.252.230.33,9,9,18
37.252.244.73,131353,3923485,4054838
37.252.244.74,132369,2564227,2696596
37.252.247.9,6949,3718,10667
37.252.248.83,9,9,18
37.252.96.65,25182,6020,31202
37.34.63.9,2396,880,3276
37.48.79.49,147507,11304,158811
37.48.83.28,125260,693,125953
37.58.69.145,468,469,937
37.59.16.108,0,326,326
37.59.21.198,0,0,0
37.59.21.200,25984,4328,30312
37.59.24.125,11422,2895,14317
37.61.54.163,1708,577,2285
37.9.168.35,90022,4988,95010
37.98.150.152,0,439,439
38.102.167.12,9320,2272,11592
38.102.167.21,4431,801,5232
38.102.167.22,301,360,661
38.127.70.136,5988,3844,9832
38.65.9.40,520,564,1084
38.67.128.135,23899,3351,27250
38.71.4.139,617,382,999
38.71.4.141,607,1609,2216
38.71.4.145,1229,1117,2346
38.95.236.7,1580,1618,3198
38.99.78.21,7876,431,8307
38.99.78.24,7873,631,8504
38.99.78.27,1021,707,1728
39.109.0.111,8305,1609,9914
39.117.238.110,0,462,462
39.173.112.158,17474,625,18099
39.32.128.28,296,934,1230
39.32.147.122,1361,5278,6639
39.32.222.186,704,3104,3808
39.32.24.2,1522,4664,6186
39.32.87.100,577,2155,2732
39.32.88.232,1371,5257,6628
39.32.91.2,2099,7336,9435
39.64.129.224,41,151,192
39.65.118.197,17330,482,17812
39.65.217.237,337,849,1186
39.67.137.199,82,302,384
39.67.39.223,82,302,384
39.67.85.159,289,586,875
39.68.117.224,41,151,192
39.68.180.50,0,780,780
39.71.193.218,41,143,184
39.72.48.205,41,151,192
39.76.28.255,41,143,184
39.81.101.64,41,151,192
39.81.83.200,41,151,192
39.83.118.71,82,302,384
39.88.219.120,41,151,192
4.193.80.5,0,1104,1104
4.26.66.181,2557,8416,10973
4.26.66.213,0,0,0
4.26.66.214,220,2281,2501
4.26.66.53,1624,3540,5164
4.26.67.117,824,4661,5485
4.26.67.149,2134,4364,6498
4.26.67.21,423,2460,2883
4.26.67.48,1013,739,1752
4.26.67.54,220,2271,2491
4.26.67.85,1701,7943,9644
4.36.66.183,7044,3146,10190
4.53.16.148,396040,8237,404277
4.59.125.176,42900,5080,47980
41.146.51.25,1516,2342,3858
41.203.230.75,1068,2018,3086
41.218.254.108,0,68,68
41.70.128.203,0,204,204
41.71.138.209,0,130,130
42.100.21.50,47,153,200
42.100.4.140,534,62241,62775
42.100.52.63,610,1202,1812
42.100.57.204,84,84,168
42.100.73.99,4784,7261,12045
42.100.9.83,17166,16778,33944
42.100.97.26,2764,1737,4501
42.101.105.205,1142,12602,13744
42.101.197.29,213,125,338
42.101.2.148,9537,53,9590
42.101.227.229,24838,73,24911
42.101.48.246,41,151,192
42.101.83.31,22,60,82
42.102.111.227,238,154,392
42.102.131.152,711900,1011,712911
42.103.74.35,476,307,783
42.103.85.147,224,154,378
42.103.98.100,9545,53,9598
42.103.98.124,307,606,913
42.118.119.26,73601,9460,83061
42.120.0.122,22877,2794,25671
42.120.1.106,48787,4819,53606
42.120.11.243,9698,5692,15390
42.120.13.172,3396,2011,5407
42.120.142.100,1888,3834,5722
42.120.142.101,2096,2394,4490
42.120.142.109,464,832,1296
42.120.142.11,2096,1966,4062
42.120.142.120,8792,11204,19996
42.120.142.124,900,1744,2644
42.120.142.13,40,344,384
42.120.142.25,28557,11527,40084
42.120.142.30,1096,1418,2514
42.120.142.40,1872,3688,5560
42.120.142.43,812,1264,2076
42.120.142.44,10364,16702,27066
42.120.142.45,3295,5174,8469
42.120.142.48,2104,3456,5560
42.120.142.50,488,792,1280
42.120.142.55,824,1128,1952
42.120.142.61,48802,113993,162795
42.120.142.67,115698,244191,359889
42.120.142.8,3208,1920,5128
42.120.142.94,1288,1648,2936
42.120.142.96,3598,4005,7603
42.120.142.99,344,742,1086
42.120.143.144,944,69632,70576
42.120.143.145,0,544,544
42.120.143.146,1012,142868,143880
42.120.143.206,536,40236,40772
42.120.143.207,46473,1120,47593
42.120.143.209,46470,1120,47590
42.120.143.213,632,1404799,1405431
42.120.147.10,1794,1838,3632
42.120.147.17,47941,19027,66968
42.120.147.18,10769,10541,21310
42.120.147.19,1179,2324,3503
42.120.147.25,9099,1855,10954
42.120.147.26,5507,19744,25251
42.120.147.38,37477,36552,74029
42.120.147.42,101837,112581,214418
42.120.147.6,440,1142,1582
42.120.158.121,74799,3327,78126
42.120.158.125,980,3305,4285
42.120.158.54,39518,18751,58269
42.120.158.67,13120,4035,17155
42.120.158.68,4069,2182,6251
42.120.158.72,472,912,1384
42.120.158.88,11066,6191,17257
42.120.158.94,3115373,118796,3234169
42.120.16.129,5155,879,6034
42.120.16.172,196,484,680
42.120.169.26,96666,30501,127167
42.120.169.27,3832940,250593,4083533
42.120.169.29,323786,7972,331758
42.120.169.30,159787,13830,173617
42.120.169.8,85963,316854,402817
42.120.17.203,5331,1459,6790
42.120.17.238,78994,8718,87712
42.120.172.14,62030,207485,269515
42.120.172.33,148062,10715,158777
42.120.176.15,212273,191948,404221
42.120.176.26,831919,103787,935706
42.120.176.29,853617,108526,962143
42.120.176.99,568,799,1367
42.120.18.237,1254600,93694,1348294
42.120.181.104,21190,21202,42392
42.120.181.30,443829,1356609,1800438
42.120.181.9,13732,5488,19220
42.120.182.49,473744,1331417,1805161
42.120.188.14,1273681,1979471,3253152
42.120.188.19,2074,2530,4604
42.120.188.8,1541,2353,3894
42.120.188.9,1538022,2498315,4036337
42.120.19.182,17478,450,17928
42.120.20.44,41974,2730,44704
42.120.21.202,133602,3247,136849
42.120.212.102,233692,179376,413068
42.120.214.90,58869,52183,111052
42.120.217.99,419456,138085,557541
42.120.219.118,2310,8108,10418
42.120.219.172,4771,1494,6265
42.120.219.176,1628282,1569301,3197583
42.120.219.36,650430,1230220,1880650
42.120.219.59,8008,37202,45210
42.120.219.77,139017,52748,191765
42.120.219.79,6096,27806,33902
42.120.219.83,76806,13611,90417
42.120.219.89,5376,34982,40358
42.120.219.98,1216010,2962583,4178593
42.120.226.104,291635,357369,649004
42.120.226.38,115636,45018,160654
42.120.226.55,25649,32814,58463
42.120.226.96,168067,19458,187525
42.120.226.97,289769,36347,326116
42.120.40.42,1392,266,1658
42.120.41.117,27600,452,28052
42.120.41.201,744752,17852,762604
42.120.42.144,2656159,397863,3054022
42.120.42.95,23671,752,24423
42.120.45.238,20038,2895,22933
42.120.48.130,1380,305,1685
42.120.49.151,44201,2990,47191
42.120.49.235,7219,502,7721
42.120.50.117,47970,31672,79642
42.120.51.199,1115,1370,2485
42.120.52.166,44765775,1014601,45780376
42.120.60.100,2762932,4528173,7291105
42.120.61.147,2328,5672,8000
42.120.61.189,439864,2700,442564
42.120.61.190,398449,713727,1112176
42.120.61.207,33807,4926,38733
42.120.61.212,181666,1808,183474
42.120.61.63,111714,24136,135850
42.120.61.99,1549,3426,4975
42.120.63.134,278895,157534,436429
42.120.63.177,633071,172578,805649
42.120.63.204,1343,376,1719
42.120.63.236,1232737,1110459,2343196
42.120.63.49,1093611,187168,1280779
42.120.63.68,852414,68404,920818
42.120.9.248,16560,450,17010
42.120.9.68,2760,964,3724
42.121.104.223,16560,450,17010
42.121.105.157,52666,22107,74773
42.121.106.95,52291,4669,56960
42.121.108.116,22080,446,22526
42.121.111.118,29332,44194,73526
42.121.111.252,2587,657,3244
42.121.114.122,69235,4660,73895
42.121.114.93,3080352,44483,3124835
42.121.118.233,22080,448,22528
42.121.118.254,315492,7066,322558
42.121.119.46,651,1353,2004
42.121.12.120,356508,2464,358972
42.121.12.197,450108,1537,451645
42.121.120.42,647812,89403,737215
42.121.121.84,62390,6065,68455
42.121.124.99,58470,2395,60865
42.121.125.176,2475703,198506,2674209
42.121.125.250,2533568,69680,2603248
42.121.125.252,1126178,68266,1194444
42.121.125.94,24840,452,25292
42.121.126.184,645398,79817,725215
42.121.127.7,0,1417,1417
42.121.129.10,8191,2996,11187
42.121.129.239,3450506,204548,3655054
42.121.13.123,27600,450,28050
42.121.131.90,275441,26594,302035
42.121.136.168,128163,8843,137006
42.121.137.249,12420,452,12872
42.121.138.131,52257,7320,59577
42.121.14.125,16452,454,16906
42.121.14.150,64860,675,65535
42.121.14.164,213174,10697,223871
42.121.144.242,51821,1010,52831
42.121.145.184,386097,68026,454123
42.121.145.187,16618,450,17068
42.121.145.211,1770,1161,2931
42.121.15.184,43071,7045,50116
42.121.16.71,9926,1390,11316
42.121.17.200,3561716,1283318,4845034
42.121.17.52,2646,360,3006
42.121.18.140,159101,3664,162765
42.121.18.23,89369,17694,107063
42.121.195.62,579921,18529,598450
42.121.2.242,27600,450,28050
42.121.252.130,0,0,0
42.121.252.135,4641,2231,6872
42.121.252.139,9713,1977,11690
42.121.252.210,38630,5162,43792
42.121.252.241,25549,684,26233
42.121.252.246,1160328,189925,1350253
42.121.252.63,11215529,4144463,15359992
42.121.252.7,704110,743497,1447607
42.121.252.88,2808072,4691674,7499746
42.121.253.146,0,0,0
42.121.253.240,4073978,125809,4199787
42.121.253.42,13439,2923,16362
42.121.253.50,1052,2108,3160
42.121.254.12,100147,9876,110023
42.121.254.196,1890759,373239,2263998
42.121.254.210,636792,15044,651836
42.121.254.229,87072,2535,89607
42.121.254.232,2015879,3346727,5362606
42.121.254.234,644358,273658,918016
42.121.254.73,25815,6095,31910
42.121.255.219,652247,87056,739303
42.121.255.241,137706,7551,145257
42.121.30.224,18009,13869,31878
42.121.31.10,143489,13320,156809
42.121.31.101,3510381,25768,3536149
42.121.31.13,2727367,38407,2765774
42.121.31.132,73418,9814,83232
42.121.31.135,218394,19442,237836
42.121.31.14,199937,7532,207469
42.121.31.143,24890,450,25340
42.121.31.227,46414,14709,61123
42.121.31.41,199838,8312,208150
42.121.31.42,1070852,7223,1078075
42.121.31.44,54350,7949,62299
42.121.31.45,1104111,7606,1111717
42.121.31.47,2817303,18476,2835779
42.121.31.48,6050,8698,14748
42.121.31.50,1156340,12668,1169008
42.121.31.52,148433,9001,157434
42.121.31.54,530,7586,8116
42.121.31.57,1254921,14158,1269079
42.121.31.58,1106532,34048,1140580
42.121.31.59,156721,10453,167174
42.121.31.61,901597,6134,907731
42.121.31.65,56771,18526,75297
42.121.31.67,1183379,7949,1191328
42.121.31.71,418579,9401,427980
42.121.31.73,1040452,38830,1079282
42.121.31.74,369243,15231,384474
42.121.31.77,920199,26488,946687
42.121.31.78,41930,1052,42982
42.121.31.79,57097,1054,58151
42.121.31.86,1083054,9401,1092455
42.121.31.87,491248,7970,499218
42.121.31.88,1232524,15191,1247715
42.121.31.89,117606,12305,129911
42.121.31.9,267522,21892,289414
42.121.31.92,1880403,33063,1913466
42.121.31.94,206755,8675,215430
42.121.31.95,128920,6838,135758
42.121.31.97,530,7949,8479
42.121.31.98,65126,16505,81631
42.121.31.99,4519173,73600,4592773
42.121.32.101,162705,7042,169747
42.121.4.121,50337,927,51264
42.121.4.133,245,508,753
42.121.42.6,319740,48530,368270
42.121.43.10,369141,2090,371231
42.121.43.100,1935230,96295,2031525
42.121.43.101,202694,46046,248740
42.121.43.102,429990,29842,459832
42.121.43.104,186260,28321,214581
42.121.43.35,120400,2484,122884
42.121.43.55,121882,7206,129088
42.121.43.56,7876,2946,10822
42.121.43.6,27600,448,28048
42.121.43.7,146690,11199,157889
42.121.43.8,31939,448,32387
42.121.43.9,35724,1166,36890
42.121.43.96,293093,4830,297923
42.121.43.97,42041,862,42903
42.121.43.98,40020,684,40704
42.121.43.99,438117,134209,572326
42.121.52.106,54350,7971,62321
42.121.52.107,248185,7243,255428
42.121.52.109,855299,6897,862196
42.121.52.114,271790,25812,297602
42.121.52.115,103637,8699,112336
42.121.52.116,56251,712,56963
42.121.52.117,0,327,327
42.121.52.118,608513,14850,623363
42.121.52.120,1025464,18527,1043991
42.121.52.247,171618,16477,188095
42.121.53.188,110943,1436,112379
42.121.53.51,26724,7917,34641
42.121.56.119,101158,19503,120661
42.121.57.134,136279,183,136462
42.121.57.213,0,327,327
42.121.57.214,179692,1905,181597
42.121.57.215,180770,2567,183337
42.121.57.24,8972,4671,13643
42.121.57.60,178638,4723,183361
42.121.58.156,2850,224,3074
42.121.6.112,154686,7968,162654
42.121.6.7,0,184,184
42.121.64.17,255817,15575,271392
42.121.65.97,1646,181,1827
42.121.69.220,3490,878,4368
42.121.81.148,19320,454,19774
42.121.81.154,0,0,0
42.121.84.77,5001397,1309035,6310432
42.121.85.10,418501,34772,453273
42.121.85.207,396,1439,1835
42.121.86.121,1144578,43747,1188325
42.121.86.15,916338,13353,929691
42.121.89.200,443724,7305,451029
42.121.89.209,21174,2774,23948
42.121.98.161,251316,25594,276910
42.121.98.176,192741,6704,199445
42.121.98.194,298,701,999
42.121.98.24,132697,20048,152745
42.121.98.96,252771,12927,265698
42.122.105.4,9537,53,9590
42.122.111.198,84,84,168
42.122.134.192,951,617,1568
42.122.161.228,511,1009,1520
42.122.190.46,234,156,390
42.122.85.192,203,605,808
42.122.86.216,262387,2078,264465
42.123.76.100,121549,218499,340048
42.123.76.196,115496,180391,295887
42.156.140.119,75332,555437,630769
42.156.140.12,2167131,1398302,3565433
42.156.140.146,746896,748446,1495342
42.156.140.148,1181549,617501,1799050
42.156.140.149,1294385,121111,1415496
42.156.140.17,410072,130923,540995
42.156.140.176,1456043,398929,1854972
42.156.140.196,12139,2041,14180
42.156.140.214,512961,1073678,1586639
42.156.140.227,60227,76794,137021
42.156.140.74,2732265,534335,3266600
42.156.140.89,1181984,3053788,4235772
42.156.141.18,795,1473,2268
42.156.141.68,1759789,379548,2139337
42.156.141.80,166,91,257
42.156.145.18,57714,152094,209808
42.156.146.12,90051,23538,113589
42.156.146.20,1775,1732,3507
42.156.146.22,264919,215139,480058
42.156.146.23,121776,388053,509829
42.156.146.6,139610,561991,701601
42.156.146.7,27890,5303,33193
42.156.146.8,1465,2902,4367
42.156.148.6,2234,662,2896
42.156.152.116,405,1120,1525
42.156.152.117,29485,1120,30605
42.156.152.120,632,613213,613845
42.156.152.165,21475,34119,55594
42.156.152.51,172,80,252
42.156.152.6,172,80,252
42.156.153.25,1076,1920,2996
42.156.153.26,1660,3224,4884
42.156.153.27,0,371,371
42.156.153.30,2198,5219,7417
42.156.153.31,344,371,715
42.156.153.32,1824,2720,4544
42.156.153.33,344,371,715
42.156.153.36,0,371,371
42.156.153.46,384,2016,2400
42.156.153.55,1948,4600,6548
42.156.153.56,291,826,1117
42.156.153.58,656,1024,1680
42.156.153.59,3220,4570,7790
42.156.153.60,520,880,1400
42.156.153.61,2416,3848,6264
42.156.153.65,1016,1760,2776
42.156.153.67,3472,5080,8552
42.156.162.13,2194520,719309,2913829
42.156.162.26,180166,519168,699334
42.156.162.35,203628,230653,434281
42.156.162.43,426,1037,1463
42.156.162.44,13464,4245,17709
42.156.162.48,52171,11057,63228
42.156.162.50,254,396,650
42.156.162.54,302213,1190971,1493184
42.156.162.57,191731,24044,215775
42.156.162.58,2520,5391,7911
42.156.162.59,1294263,666219,1960482
42.156.162.60,297051,24156,321207
42.156.162.62,2660,9885,12545
42.156.162.73,28559,29355,57914
42.156.166.55,4528,1140,5668
42.156.167.114,72719,106873,179592
42.156.167.16,751,1535,2286
42.156.167.18,9942,229,10171
42.156.167.76,51019,388119,439138
42.156.167.87,52431,111506,163937
42.156.168.13,255207,35865,291072
42.156.168.38,876550,100840,977390
42.156.168.39,4619,14106,18725
42.156.168.53,230819,199573,430392
42.156.168.83,140118,149300,289418
42.156.168.89,44508,37514,82022
42.156.172.11,80222,388696,468918
42.156.172.19,477,615,1092
42.156.172.25,308954,165038,473992
42.156.172.38,23017,1758,24775
42.156.172.46,2694126,526992,3221118
42.156.172.57,402,2695,3097
42.156.176.99,18911674,12365818,31277492
42.156.180.10,1929,1561,3490
42.156.180.104,744127,99672,843799
42.156.180.31,842308,86885,929193
42.156.180.34,183555,162088,345643
42.156.180.37,13595,2045,15640
42.156.184.14,525065,146616,671681
42.156.184.16,199304,123860,323164
42.156.184.24,1025615,95958,1121573
42.156.184.27,37454,10178,47632
42.156.184.7,4628,1471,6099
42.156.184.93,181873,253556,435429
42.156.184.99,88946,66938,155884
42.156.186.8,1424951,2296888,3721839
42.156.186.9,1051190,1754810,2806000
42.156.190.100,25561,2298,27859
42.156.190.14,9056,2270,11326
42.156.190.15,90868,16240,107108
42.156.190.90,5855,2971,8826
42.156.190.91,5186,1176,6362
42.156.190.96,2815,2528,5343
42.156.191.30,13504,19590,33094
42.156.198.102,151377,261453,412830
42.156.198.11,318301,98047,416348
42.156.198.15,155495,1004709,1160204
42.156.198.17,9166,27264,36430
42.156.198.36,21371,94094,115465
42.156.198.40,49286,3390,52676
42.156.198.7,6699,23071,29770
42.156.198.8,831322,234748,1066070
42.156.198.9,696918,692378,1389296
42.156.202.21,6930,24004,30934
42.156.202.24,4719,2534,7253
42.156.202.30,6767,6619,13386
42.156.210.104,431422,61631,493053
42.156.210.105,122368,27322,149690
42.156.210.128,1373978,1634174,3008152
42.156.210.21,16666,24373,41039
42.156.210.22,125347,1380,126727
42.156.210.56,3006,4344,7350
42.156.210.93,4073,5276,9349
42.156.219.7,521938,1005702,1527640
42.156.219.9,1163097,141862,1304959
42.156.220.17,132652,71423,204075
42.156.220.67,436,1668,2104
42.156.235.103,6085,3090,9175
42.157.0.37,1769139,6952,1776091
42.159.100.144,51060,1135,52195
42.159.100.246,1129962,39358,1169320
42.159.101.22,28535,6124,34659
42.159.102.124,315432,16094,331526
42.159.104.188,599429,768214,1367643
42.159.132.184,3091,930,4021
42.159.132.34,24840,687,25527
42.159.136.73,3638,1382,5020
42.159.137.100,265629,33067,298696
42.159.152.31,112960,354,113314
42.159.154.166,2820,2160,4980
42.159.155.131,130198,818,131016
42.159.16.19,7876673,131425,8008098
42.159.192.161,24840,460,25300
42.159.192.172,19734,1762,21496
42.159.193.222,0,0,0
42.159.193.99,147803,24730,172533
42.159.196.123,0,0,0
42.159.208.83,13845,2762,16607
42.159.226.49,155572,21527,177099
42.159.227.172,295690,329689,625379
42.159.227.220,173181,76068,249249
42.159.229.2,503185,6443,509628
42.159.244.61,16846,2563,19409
42.159.28.54,205891,20158,226049
42.159.30.56,949,370,1319
42.159.4.65,2075637,243869,2319506
42.159.4.80,351344,11004,362348
42.159.5.109,12361,265,12626
42.159.5.48,1395,3226,4621
42.159.65.83,177596,73463003,73640599
42.159.7.52,668993,477321,1146314
42.159.80.139,30319,4170,34489
42.159.80.194,957086,225490,1182576
42.159.80.50,5615,2719,8334
42.159.80.59,35,1193,1228
42.159.80.66,47486,44842,92328
42.159.80.68,610180,45894,656074
42.159.80.83,243116,36779,279895
42.159.80.89,111052,53366,164418
42.159.80.94,3807,2051,5858
42.159.81.0,324937,84505,409442
42.159.81.190,153405,104118,257523
42.159.81.4,589816,38346,628162
42.159.81.5,56167,12011,68178
42.159.83.10,103328,1865,105193
42.159.84.45,0,0,0
42.159.99.201,327963,13229,341192
42.184.124.119,4152,2333,6485
42.184.158.195,0,53,53
42.184.17.244,202,399,601
42.184.176.227,849,1962,2811
42.184.30.52,10149,703,10852
42.184.84.174,68,76,144
42.185.120.239,371,217,588
42.185.152.117,718,1413,2131
42.185.45.120,164133,83,164216
42.202.121.221,9537,53,9590
42.202.146.10,20360,1871,22231
42.202.146.205,16560,462,17022
42.202.150.112,362659,13417,376076
42.202.150.42,1566851,1029170,2596021
42.202.150.43,344247,25209,369456
42.202.151.10,162506,5222,167728
42.202.151.31,0,0,0
42.202.151.32,0,0,0
42.202.151.57,19736932,1162247,20899179
42.202.151.7,96297,18826,115123
42.202.151.74,82288,11449,93737
42.202.151.8,808648,16706,825354
42.202.151.9,116655,23966,140621
42.202.167.42,9537,53,9590
42.202.186.28,162674,78,162752
42.202.26.63,9537,53,9590
42.202.40.192,28611,158,28769
42.203.107.188,3119,1885,5004
42.203.11.89,1342,958,2300
42.203.217.71,65762,33047,98809
42.203.221.110,76,76,152
42.224.158.131,0,260,260
42.226.137.36,0,130,130
42.226.8.226,41,151,192
42.228.17.31,0,130,130
42.232.102.90,41,151,192
42.233.241.116,41,143,184
42.233.61.155,41,151,192
42.234.33.52,342,200,542
42.236.19.165,7362,486,7848
42.236.19.166,10909,489,11398
42.236.19.167,28294,1940,30234
42.236.19.168,18705,972,19677
42.236.19.169,5179,484,5663
42.236.25.235,4345,5407,9752
42.236.25.252,3174,1928,5102
42.236.25.253,3174,1928,5102
42.236.26.24,1587,964,2551
42.236.27.24,40715,3426,44141
42.236.27.40,41182,1208,42390
42.236.27.46,39822,1173,40995
42.236.27.48,34820,506,35326
42.236.27.87,58677,1315,59992
42.236.27.88,12556,875,13431
42.236.27.95,25552,1304,26856
42.236.28.55,42178,58604,100782
42.236.9.116,181751,12962,194713
42.236.9.127,38595,11212,49807
42.236.9.128,121343,5819,127162
42.236.9.129,20698,5841,26539
42.236.9.130,110997854,5182232,116180086
42.236.9.139,7913154,211436,8124590
42.236.9.142,30632426,1425704,32058130
42.238.141.178,41,151,192
42.238.161.174,41,143,184
42.238.241.115,0,130,130
42.239.178.118,41,143,184
42.239.250.235,41,151,192
42.242.110.250,409,801,1210
42.242.111.80,1074397,34842,1109239
42.242.162.214,307,604,911
42.242.220.75,2760,53,2813
42.242.234.143,9537,53,9590
42.242.234.73,32963,55,33018
42.243.190.136,9537,53,9590
42.243.192.135,368,548,916
42.243.207.245,48,64,112
42.243.224.184,406,799,1205
42.243.239.175,74,79,153
42.243.248.84,120,125,245
42.243.27.37,640,133,773
42.243.28.61,814,7726,8540
42.243.30.249,9537,53,9590
42.243.78.140,0,68,68
42.249.178.98,1946,4002,5948
42.249.182.67,515,1006,1521
42.48.199.241,41,151,192
42.48.25.36,3524,3255,6779
42.48.254.84,2059,2016,4075
42.48.40.228,41,151,192
42.49.15.71,41,143,184
42.51.0.214,143134,18561,161695
42.51.1.212,6856,693,7549
42.51.10.71,4006,1947,5953
42.51.11.105,264293,12009,276302
42.51.11.65,25494,11567,37061
42.51.131.111,21270,12890,34160
42.51.131.122,120348,32333,152681
42.51.131.144,111171,62528,173699
42.51.131.156,33909,51210,85119
42.51.131.200,28395,2557,30952
42.51.132.231,24667,703,25370
42.51.138.244,307261,7662,314923
42.51.139.135,11489,840,12329
42.51.14.195,304409,73460,377869
42.51.14.196,14614986,686501,15301487
42.51.26.72,114930,2305,117235
42.51.26.73,53985,1155,55140
42.56.16.28,41,151,192
42.56.214.238,41,151,192
42.57.224.197,41,143,184
42.58.1.196,583,790,1373
42.58.96.50,41,151,192
42.62.0.120,173143,12638,185781
42.62.10.148,1522886,58716,1581602
42.62.104.111,259739,100830,360569
42.62.104.155,286955,55159,342114
42.62.104.182,375451,31311,406762
42.62.105.46,80643,17989,98632
42.62.105.67,4053,565,4618
42.62.107.69,9641,771,10412
42.62.18.79,1406,1157,2563
42.62.20.167,1321,1988,3309
42.62.21.156,973,627,1600
42.62.23.111,9925,1125,11050
42.62.23.161,91008,78810,169818
42.62.23.26,1486,1794,3280
42.62.23.70,993,1188,2181
42.62.24.23,12192,2080,14272
42.62.29.243,199951,7593,207544
42.62.3.180,1469288,39598,1508886
42.62.3.204,22080,452,22532
42.62.30.105,4046989,278603,4325592
42.62.30.13,973,4462,5435
42.62.30.185,3557469,171882,3729351
42.62.30.193,1043694,142294,1185988
42.62.39.205,293428,5149,298577
42.62.39.208,13749,1718,15467
42.62.4.251,215262,1887,217149
42.62.4.65,1130,1270,2400
42.62.4.66,43917,49236,93153
42.62.4.67,1396654,68261,1464915
42.62.40.42,6762,31492,38254
42.62.41.93,2400,14281,16681
42.62.43.100,117146,27198,144344
42.62.43.111,53141,19033,72174
42.62.43.27,5805719,1054106,6859825
42.62.43.98,256873,73648,330521
42.62.43.99,234341,66816,301157
42.62.45.140,1036543,22490,1059033
42.62.48.138,8115,12365,20480
42.62.48.140,5131,924,6055
42.62.48.186,387,1256,1643
42.62.48.187,57043,60021,117064
42.62.48.191,30588,10605,41193
42.62.48.203,932,1363,2295
42.62.48.225,1332,2336,3668
42.62.48.24,364,1084,1448
42.62.48.26,934,1575,2509
42.62.48.60,36173,8190,44363
42.62.48.71,469282,33851,503133
42.62.48.72,4982,3479,8461
42.62.48.87,361067,72192,433259
42.62.48.89,30922,17858,48780
42.62.48.99,5494,2420,7914
42.62.49.36,243,286,529
42.62.49.89,247,772,1019
42.62.49.91,193,720,913
42.62.50.165,351273,104602,455875
42.62.52.242,2078489,74297,2152786
42.62.52.243,3360,8817,12177
42.62.52.254,729,1312,2041
42.62.53.44,1904,918,2822
42.62.54.136,7405,26123,33528
42.62.54.150,14312,20567,34879
42.62.56.186,82966,9104,92070
42.62.59.157,3775,3219,6994
42.62.59.169,304,62,366
42.62.59.200,3199,6500,9699
42.62.59.201,16220,5969,22189
42.62.60.102,682,3460,4142
42.62.60.241,2089,1202,3291
42.62.60.255,2179827,103071,2282898
42.62.61.16,15359,4209,19568
42.62.61.18,307,760,1067
42.62.61.31,26230,476,26706
42.62.62.80,48823,59232,108055
42.62.64.149,3971771,334841,4306612
42.62.64.59,182965,20919,203884
42.62.65.95,281594,6375,287969
42.62.68.54,20913,423,21336
42.62.69.136,2169,3704,5873
42.62.71.72,879290,995175,1874465
42.62.71.73,471739,472751,944490
42.62.71.74,84335085,94299005,178634090
42.62.71.75,410882,461367,872249
42.62.74.105,8866,3799,12665
42.62.74.109,2827,7180,10007
42.62.74.110,15357,1561,16918
42.62.76.41,276,432,708
42.62.77.93,439929,16955,456884
42.62.78.73,368856,66636,435492
42.62.79.131,5174,1710,6884
42.62.79.180,24372,5208,29580
42.62.94.107,26486,6844,33330
42.62.94.110,130,490,620
42.62.94.111,6406,10160,16566
42.62.94.127,2519807,47524,2567331
42.62.94.128,3043889,9133,3053022
42.62.94.134,188196,111410,299606
42.62.94.141,23767,5065,28832
42.62.94.151,340,3136,3476
42.62.94.154,109554,93648,203202
42.62.94.158,8560,6699,15259
42.62.94.21,16730,2768,19498
42.62.94.64,10494,1514,12008
42.62.94.66,222054,43010,265064
42.62.94.7,5540,14138,19678
42.62.94.8,327,388,715
42.62.94.98,19477,11254,30731
42.62.98.104,1210,4885,6095
42.62.98.119,26116,3075,29191
42.62.98.129,120435,23035,143470
42.62.98.221,1853781,89690,1943471
42.62.99.2,7385,2664,10049
42.80.104.47,6337,1739,8076
42.81.11.19,728355,99902,828257
42.81.11.22,905568,8539,914107
42.81.11.28,2026683,250271,2276954
42.81.11.32,687,571,1258
42.81.11.33,2200314,119348,2319662
42.81.11.41,4062865,150951,4213816
42.81.11.60,2327097,82434,2409531
42.81.11.7,272260,1152,273412
42.81.11.8,4940,1412,6352
42.81.12.26,234764936,5072374,239837310
42.81.12.27,220961793,5294592,226256385
42.81.12.28,258926385,5722622,264649007
42.81.12.29,263763143,5094108,268857251
42.81.12.33,15927438,2976,15930414
42.81.12.34,19255129,6072,19261201
42.81.12.35,36283656,7917,36291573
42.81.12.36,11251856,3749,11255605
42.81.12.37,19384656,7485,19392141
42.81.12.38,15449705,8713,15458418
42.81.16.137,816711,5943,822654
42.81.16.146,419410,21977,441387
42.81.16.166,2466063,137403,2603466
42.81.16.167,54687,12152,66839
42.81.16.170,314158,9917,324075
42.81.16.182,44725,983,45708
42.81.16.194,105218,22911,128129
42.81.16.197,2240,374,2614
42.81.16.198,127562,22279,149841
42.81.16.199,7536,971,8507
42.81.16.202,1726160,29936,1756096
42.81.16.203,603192,5148,608340
42.81.16.204,34618,839,35457
42.81.16.205,104888,10547,115435
42.81.16.206,6349,1861,8210
42.81.16.207,69294,17181,86475
42.81.16.208,1451599,52481,1504080
42.81.16.209,7273,1876,9149
42.81.16.210,19295,3549,22844
42.81.16.211,361704,26142,387846
42.81.16.214,3741526,323442,4064968
42.81.16.215,2760,481,3241
42.81.16.216,744517,70565,815082
42.81.16.217,123260,7962,131222
42.81.16.218,1414262,39159,1453421
42.81.16.219,552246,33864,586110
42.81.16.221,322702,8880,331582
42.81.16.222,214616,20732,235348
42.81.16.223,1482856,154605,1637461
42.81.16.225,7449236,477876,7927112
42.81.16.226,670271,9739,680010
42.81.16.227,1276,229,1505
42.81.16.228,1873818,8514,1882332
42.81.16.229,195552,11496,207048
42.81.16.230,253801,28035,281836
42.81.16.231,3070633,91125,3161758
42.81.16.233,70772,10592,81364
42.81.16.234,1088101,43520,1131621
42.81.16.235,5700,454,6154
42.81.16.236,107050,2558,109608
42.81.16.237,162998,30609,193607
42.81.16.238,179648,19862,199510
42.81.16.239,2631190,44703,2675893
42.81.16.240,418038,900,418938
42.81.16.241,211817,19970,231787
42.81.16.243,82103,2324,84427
42.81.16.244,3144087,267825,3411912
42.81.16.245,45995,4493,50488
42.81.16.247,22000,1477,23477
42.81.16.248,19446104,4123231,23569335
42.81.16.249,3780071,200319,3980390
42.81.16.250,1848,389,2237
42.81.16.251,164337,5390,169727
42.81.16.252,340561,9988,350549
42.81.16.254,52915,3771,56686
42.81.16.255,16140,458,16598
42.81.16.6,120985,2427,123412
42.81.17.2,94636,4124,98760
42.81.20.15,3916574,195012,4111586
42.81.20.16,1247,272,1519
42.81.20.17,6957947,154705,7112652
42.81.20.18,12191911,158038,12349949
42.81.20.30,1305659,5804,1311463
42.81.20.31,2579768,11247,2591015
42.81.20.32,1310699,2041,1312740
42.81.20.34,9366267,795498,10161765
42.81.21.12,61676145,90875,61767020
42.81.21.13,76477707,118819,76596526
42.81.21.153,287,783,1070
42.81.21.158,371220,1579,372799
42.81.21.159,527055,1876,528931
42.81.21.160,550010,1230,551240
42.81.21.17,1831328,367,1831695
42.81.21.172,9063870,1185,9065055
42.81.21.173,6308256,1065,6309321
42.81.21.18,63015,344,63359
42.81.21.23,168564,3043,171607
42.81.21.24,3727,1158,4885
42.81.21.28,3527249,6003,3533252
42.81.21.32,1416857,3833,1420690
42.81.21.38,2456,928,3384
42.81.21.39,1562125,4430,1566555
42.81.21.40,439,236,675
42.81.21.41,879,470,1349
42.81.21.44,1115032,4807,1119839
42.81.21.48,1508816,5086,1513902
42.81.21.49,452935,3345,456280
42.81.21.50,1260000,4860,1264860
42.81.21.51,641385,3972,645357
42.81.21.56,1343,960,2303
42.81.21.58,1120641,1637,1122278
42.81.21.61,43398987,33605,43432592
42.81.22.149,191185649,9659498,200845147
42.81.22.78,2101825,786238,2888063
42.81.22.82,1500156,756891,2257047
42.81.22.85,883906,917240,1801146
42.81.4.115,197988,22791,220779
42.81.4.125,1268065,106849,1374914
42.81.4.254,419468,12059,431527
42.81.4.255,17593,4719,22312
42.81.5.111,49506,1218,50724
42.81.5.118,726120,34107,760227
42.81.5.119,576330,18569,594899
42.81.5.135,7654492,484,7654976
42.81.5.136,1029408,483,1029891
42.81.5.138,1334093,1464,1335557
42.81.5.144,5229177,1407,5230584
42.81.5.149,1439132,23179,1462311
42.81.5.158,409084,27275,436359
42.81.5.159,38992,363674,402666
42.81.5.29,1358446,27424,1385870
42.81.5.32,31775696,1610054,33385750
42.81.5.33,30322086,1835585,32157671
42.81.5.36,14289,750,15039
42.81.5.38,7474,1561,9035
42.81.5.39,7097,3927,11024
42.81.5.40,4548,1848,6396
42.81.5.43,4246,2604,6850
42.81.5.45,5096,2925,8021
42.81.5.56,1020368,33031,1053399
42.81.5.76,17200,446,17646
42.81.5.81,184526100,31091122,215617222
42.81.5.83,28957958,84817,29042775
42.81.5.84,42350966,18724412,61075378
42.81.5.94,12934,13328,26262
42.81.5.95,677363,39359,716722
42.81.5.97,832351,12160,844511
42.81.6.121,812820,1018,813838
42.81.6.123,1489020,2037,1491057
42.81.6.80,4062720,3117,4065837
42.81.6.94,4209000,3126,4212126
42.81.9.35,1051141,684,1051825
42.81.9.36,2151,695,2846
42.81.9.38,1227915,277,1228192
42.81.9.41,10472,1298,11770
42.81.9.42,11319133,2847,11321980
42.81.9.43,6105257,4396,6109653
42.81.9.44,12720,4803,17523
42.81.9.45,15491,1325,16816
42.81.9.46,14859465,3291,14862756
42.81.9.47,3838,2025,5863
42.81.9.51,18352286,1116227,19468513
42.81.9.52,203048087,3890979,206939066
42.81.9.54,550,592,1142
42.81.9.55,46250255,152638,46402893
42.87.225.163,41,151,192
42.88.184.32,741,505,1246
42.88.34.14,9541,53,9594
42.89.191.141,9537,53,9590
42.89.96.106,12713,133,12846
42.91.221.217,220,186,406
42.91.240.251,141173,917,142090
42.91.66.239,722,1404,2126
42.91.73.182,14120,9142,23262
42.91.78.113,2227,280281,282508
42.91.84.15,557,62653,63210
42.91.86.204,6472,36342,42814
42.91.94.35,9537,53,9590
42.93.119.42,101,199,300
42.93.120.119,3675,21937,25612
42.93.182.144,99325,200,99525
42.93.59.96,9537,53,9590
42.94.18.224,0,53,53
42.94.183.245,9537,52,9589
42.94.230.74,994,19038,20032
42.94.251.101,9660,106,9766
42.94.49.155,215,124,339
42.94.98.147,11131,125,11256
42.95.129.78,9537,53,9590
42.95.200.155,9537,53,9590
42.95.201.152,3721,871075,874796
42.96.130.152,16080,448,16528
42.96.132.176,819,5441,6260
42.96.134.54,17940,448,18388
42.96.137.115,3998,454,4452
42.96.137.14,16560,464,17024
42.96.138.5,739,738,1477
42.96.138.61,252053,18721,270774
42.96.140.155,34102,4947,39049
42.96.141.204,4142491,51256,4193747
42.96.141.211,2004884,23922,2028806
42.96.141.214,1092240,47547,1139787
42.96.141.40,3590,547,4137
42.96.142.217,27600,452,28052
42.96.143.10,17364,651,18015
42.96.143.46,12751,2677,15428
42.96.145.107,953,1158,2111
42.96.146.154,644120,25418,669538
42.96.146.224,33120,693,33813
42.96.146.231,129550,1488,131038
42.96.147.191,16560,470,17030
42.96.147.195,0,428,428
42.96.148.108,43044,1386,44430
42.96.149.196,155622,10782,166404
42.96.150.181,16560,456,17016
42.96.153.30,44160,934,45094
42.96.160.31,27600,446,28046
42.96.164.205,1244452,26807,1271259
42.96.165.164,20700,932,21632
42.96.165.215,762072,14448,776520
42.96.167.226,935237,17533,952770
42.96.167.96,26220,462,26682
42.96.169.173,136050,11428,147478
42.96.169.54,1841467,49373,1890840
42.96.170.49,88356,30742,119098
42.96.172.10,2134265,53674,2187939
42.96.172.100,4620381,30362,4650743
42.96.172.101,1779433,37197,1816630
42.96.172.102,2717788,48115,2765903
42.96.172.103,4171139,73031,4244170
42.96.172.104,1233856,16605,1250461
42.96.172.11,1234288,45403,1279691
42.96.172.12,4450725,72917,4523642
42.96.172.13,608422,15109,623531
42.96.172.14,1230873,50212,1281085
42.96.172.53,2524120,69153,2593273
42.96.172.54,5799427,80093,5879520
42.96.172.55,1417412,64065,1481477
42.96.172.56,2090451,50295,2140746
42.96.172.57,106433,22372,128805
42.96.172.59,154595,16964,171559
42.96.172.60,1880791,66650,1947441
42.96.172.61,1912781,37962,1950743
42.96.172.62,3948507,75719,4024226
42.96.172.63,761660,38693,800353
42.96.172.64,370157,7223,377380
42.96.172.65,499075,64089,563164
42.96.172.66,2930028,19150,2949178
42.96.172.67,1556980,52221,1609201
42.96.172.68,4682204,69242,4751446
42.96.172.69,1456528,41937,1498465
42.96.172.70,3793225,69107,3862332
42.96.172.71,5214358,49660,5264018
42.96.172.72,2152103,61625,2213728
42.96.172.73,9445193,131865,9577058
42.96.172.74,2877816,60252,2938068
42.96.172.75,1276162,23885,1300047
42.96.172.76,2670314,28603,2698917
42.96.172.77,3685581,40472,3726053
42.96.172.78,1082877,54342,1137219
42.96.172.79,3910535,50616,3961151
42.96.172.80,793668,38372,832040
42.96.172.81,423703,16961,440664
42.96.172.82,493316,52020,545336
42.96.172.83,362174,38351,400525
42.96.172.84,3505267,87750,3593017
42.96.172.85,1308920,40969,1349889
42.96.172.86,2041049,18774,2059823
42.96.172.87,3719585,60966,3780551
42.96.172.88,935286,24228,959514
42.96.172.89,3764442,69193,3833635
42.96.172.9,2017080,52763,2069843
42.96.172.90,4556920,56204,4613124
42.96.172.91,2577789,101430,2679219
42.96.172.92,3743526,44784,3788310
42.96.172.93,1048318,26759,1075077
42.96.172.94,270715,30336,301051
42.96.172.95,2037744,35802,2073546
42.96.172.96,2910802,54168,2964970
42.96.172.97,854994,32303,887297
42.96.172.98,3456304,72429,3528733
42.96.172.99,329041,9035,338076
42.96.173.105,1451691,44705,1496396
42.96.173.106,3330997,37648,3368645
42.96.173.107,1056372,7204,1063576
42.96.173.108,2349325,44303,2393628
42.96.173.109,2177724,54587,2232311
42.96.173.110,894947,29331,924278
42.96.173.111,1993744,58795,2052539
42.96.173.112,1130170,28932,1159102
42.96.173.113,988541,17352,1005893
42.96.173.114,929153,49790,978943
42.96.173.115,1603976,33324,1637300
42.96.173.116,1966601,9402,1976003
42.96.173.117,253180,23863,277043
42.96.173.118,1250211,30089,1280300
42.96.173.119,806844,22907,829751
42.96.173.121,2415671,44671,2460342
42.96.173.123,3474544,93072,3567616
42.96.173.15,1531943,27127,1559070
42.96.173.16,1513972,26036,1540008
42.96.173.17,1145228,17304,1162532
42.96.173.5,1040210,70494,1110704
42.96.173.6,2284587,53552,2338139
42.96.175.87,1003385,17822,1021207
42.96.177.203,27534,445,27979
42.96.185.100,49294,2117,51411
42.96.185.157,3342,522,3864
42.96.187.85,45540,928,46468
42.96.189.162,91519,1730,93249
42.96.196.227,20700,546,21246
42.96.198.67,4356,458,4814
42.96.199.90,23460,462,23922
42.96.201.214,736,926,1662
42.96.248.166,9845620,15617436,25463056
42.96.248.194,32908,5627,38535
42.96.248.225,85634,4387,90021
42.96.248.251,44993,14665,59658
42.96.249.132,19815,1314,21129
42.96.249.155,396892,90997,487889
42.96.249.171,12139125,19580302,31719427
42.96.249.234,509,487,996
42.96.249.79,2701,398,3099
42.96.250.40,22835,14631,37466
42.96.251.148,32862,458,33320
42.96.251.156,9947957,14958983,24906940
42.96.251.183,85254,44740,129994
42.97.115.33,85,90,175
42.99.128.175,79750,8005,87755
43.227.31.47,477,511,988
43.230.113.27,1776,591,2367
43.240.117.16,220967,1575,222542
43.240.13.235,772880,33162,806042
43.242.131.12,37525,2797,40322
43.242.131.20,75864,3134,78998
43.242.131.41,50431,763,51194
43.242.131.48,104713,4189,108902
43.242.131.72,547323,43782,591105
43.245.48.42,2471,5004,7475
43.247.164.20,20596,452,21048
43.248.10.0,253136,9545,262681
43.250.15.65,36807,107545,144352
43.253.140.111,818470,73437,891907
43.253.140.90,65482,7341,72823
43.253.220.60,190440,372,190812
43.253.225.111,2027906,21196,2049102
43.253.229.177,11277,8722,19999
43.253.229.181,937,467,1404
43.253.35.176,9299,1325,10624
43.253.35.177,14763,9100,23863
43.253.46.112,661613,21391,683004
43.254.216.20,1171,328,1499
45.33.59.230,546499,55697,602196
45.33.77.53,411900,27516,439416
45.34.35.125,15180,865,16045
45.48.53.82,56449,77327,133776
45.55.185.131,157671,499,158170
45.56.65.12,21714,11485,33199
45.56.79.132,0,0,0
45.56.81.144,558,947,1505
45.56.93.248,8868,4635,13503
45.56.93.85,134421,5767,140188
45.58.118.109,3004,642,3646
45.58.52.156,153307,998,154305
45.64.244.16,11521,2407,13928
45.64.244.24,7694,527,8221
45.64.64.191,723076604,6651641,729728245
45.64.64.196,153414,19634,173048
45.64.64.197,786396,2411,788807
45.64.64.52,20076,678,20754
45.64.64.9,914,182,1096
46.105.103.224,382,163,545
46.105.117.195,57277,7621,64898
46.105.236.23,24570,1472,26042
46.137.107.158,4328,1764,6092
46.137.123.139,1275,454,1729
46.137.190.194,556,1403,1959
46.137.204.20,6823,4896,11719
46.137.207.191,44759,5135,49894
46.137.218.41,15253,9636,24889
46.137.219.210,9750,9586,19336
46.137.221.196,6976,20568,27544
46.137.254.179,1645,6685,8330
46.137.84.147,364510,366705,731215
46.137.87.244,1276,454,1730
46.163.100.225,11838,3558,15396
46.17.66.55,0,233,233
46.19.141.47,20071,2998,23069
46.21.108.97,0,0,0
46.229.160.183,0,805,805
46.229.172.174,19175,2994,22169
46.23.67.211,0,3770,3770
46.231.92.197,0,11891,11891
46.235.226.85,151133,5007,156140
46.236.37.13,4919,538,5457
46.236.37.21,0,0,0
46.248.181.128,1285,1469,2754
46.249.204.14,20525,1572,22097
46.255.41.7,1770172,324147,2094319
46.27.208.20,1270,823,2093
46.28.105.14,5243,183,5426
46.28.209.18,78845,6711,85556
46.28.209.57,134092,4726,138818
46.28.209.79,2376,3573,5949
46.28.49.121,2194272,1425,2195697
46.29.93.75,12652,391,13043
46.30.212.91,810433,1192,811625
46.33.72.24,0,517,517
46.33.73.149,2134,326,2460
46.33.73.150,8707,208,8915
46.33.73.197,3395,4061,7456
46.33.73.200,8886,305,9191
46.33.73.205,905,1070,1975
46.33.73.31,17584,2576,20160
46.33.73.53,13188,1932,15120
46.38.24.214,0,10938,10938
46.4.11.16,3007,2307,5314
46.4.113.123,117421,2034,119455
46.4.122.41,500,356,856
46.51.171.105,850,579,1429
46.51.195.17,66022,33608,99630
46.51.205.200,64474,26084,90558
46.51.206.133,120308,70984,191292
46.51.216.30,1190,1126,2316
46.51.216.67,0,807,807
46.51.219.169,0,6950,6950
46.51.243.11,18235,14036,32271
46.51.253.0,14624,3255,17879
46.82.174.73,0,2957,2957
47.104.101.102,134932,46549,181481
47.116.105.121,134932,45921,180853
49.106.234.104,133654,2345,135999
49.112.135.207,0,68,68
49.113.127.143,1523,987,2510
49.113.132.98,187,73,260
49.113.141.223,28251,21804053,21832304
49.113.158.84,9537,53,9590
49.113.174.240,19074,106,19180
49.113.213.189,513,998,1511
49.113.235.204,877,528,1405
49.113.240.192,308,599,907
49.113.243.253,9537,53,9590
49.113.254.20,308,602,910
49.113.4.9,232,153,385
49.113.46.156,9545,53,9598
49.114.155.58,104,112,216
49.114.190.20,1890,1208,3098
49.114.193.191,93,93,186
49.114.195.57,204,406,610
49.114.196.255,113,155,268
49.114.198.142,9537,49,9586
49.114.222.121,53185,505,53690
49.114.227.124,1093,55104,56197
49.114.231.142,9537,53,9590
49.114.238.40,0,68,68
49.115.126.176,239,153,392
49.115.13.199,103,200,303
49.115.133.213,8370,107,8477
49.115.16.192,104,200,304
49.115.198.35,134,134,268
49.115.199.44,41,151,192
49.115.200.144,0,106,106
49.115.235.175,799,778,1577
49.115.248.162,32881,138,33019
49.115.251.17,0,68,68
49.115.255.147,0,68,68
49.115.59.167,16500,111,16611
49.115.60.207,236,152,388
49.115.84.252,1137,115304,116441
49.116.131.125,16481,101,16582
49.116.168.9,9537,52,9589
49.116.175.93,9537,49,9586
49.116.18.103,1139053,26985,1166038
49.116.228.79,9537,53,9590
49.116.23.75,16492,129,16621
49.116.239.136,0,124,124
49.116.239.90,632,1296,1928
49.116.66.27,9537,53,9590
49.116.92.159,551,387,938
49.117.13.35,1405,225166,226571
49.117.39.150,10640,3663627,3674267
49.117.51.56,258368,1215,259583
49.117.96.185,17034,214,17248
49.118.119.11,41,151,192
49.118.121.185,941,595,1536
49.118.228.198,95,95,190
49.118.242.21,17265,132,17397
49.118.7.90,9537,53,9590
49.118.82.102,47492,1437538,1485030
49.118.94.25,0,68,68
49.119.106.91,0,68,68
49.119.12.247,2535,133182,135717
49.119.183.229,455,311,766
49.119.30.159,8280,52,8332
49.119.63.55,197073,16838,213911
49.141.203.199,0,136,136
49.141.203.233,240,153,393
49.141.96.101,240,157,397
49.143.178.91,37403,12525,49928
49.144.155.62,6147,105524,111671
49.149.10.140,5323,8431,13754
49.158.108.153,3542,11211,14753
49.159.57.0,0,130,130
49.212.198.85,111042,7635,118677
49.212.233.174,0,1320,1320
49.212.25.221,57692,11580,69272
49.247.252.195,13595,2357,15952
49.247.252.39,1848,838,2686
49.4.130.39,19320,458,19778
49.4.132.18,5076,4802,9878
49.4.132.62,1101,1359,2460
49.4.132.64,448,448,896
49.4.132.82,52738,5242,57980
49.4.178.139,11515,255,11770
49.4.178.152,307146,27333,334479
49.4.178.153,83123,8198,91321
49.4.178.154,627443,41751,669194
49.4.178.158,117181189,3809286,120990475
49.4.178.160,105208750,3924553,109133303
49.4.178.166,1755882,69079,1824961
49.4.178.168,1262700,29621,1292321
49.4.178.172,2013064,3777,2016841
49.4.178.173,1111276,2738,1114014
49.4.178.176,47228283,1813855,49042138
49.4.178.177,41262392,1883250,43145642
49.64.137.207,544,185448,185992
49.64.151.182,476,312,788
49.64.16.21,133828,366,134194
49.64.168.93,153766,992,154758
49.64.180.243,9537,53,9590
49.64.187.74,342,200,542
49.64.77.195,4437,48933,53370
49.65.162.184,369,1294,1663
49.65.173.50,472,308,780
49.65.181.252,142,189,331
49.65.195.16,238,154,392
49.65.198.128,79782,599,80381
49.65.227.75,234,154,388
49.65.254.209,0,68,68
49.66.153.55,306,598,904
49.66.187.22,9537,53,9590
49.66.188.96,41,151,192
49.66.196.190,9537,53,9590
49.66.208.237,0,68,68
49.66.47.152,9537,53,9590
49.66.81.79,102,199,301
49.67.120.59,2626,558877,561503
49.67.172.232,14728,663363,678091
49.67.22.72,9540,52,9592
49.67.228.186,9537,53,9590
49.68.116.218,98540,49,98589
49.68.126.12,41,143,184
49.68.131.79,9537,53,9590
49.68.18.163,268064,634,268698
49.69.138.64,1946,197648,199594
49.69.167.179,9537,52,9589
49.69.220.136,164,23,187
49.69.54.0,822,142900,143722
49.70.163.186,101,200,301
49.70.180.32,32886,126,33012
49.70.30.203,688065,233,688298
49.70.33.99,3207,398376,401583
49.70.35.98,19077,132,19209
49.71.139.111,146548,1241,147789
49.71.253.29,9537,52,9589
49.71.41.56,2965,6503,9468
49.71.42.226,214,123,337
49.72.127.240,9820,45,9865
49.72.136.115,0,151,151
49.72.155.70,82151,58,82209
49.72.175.108,9537,53,9590
49.72.226.158,3016,1923,4939
49.72.230.42,716,1401,2117
49.72.248.225,104,200,304
49.72.98.68,9537,53,9590
49.73.1.94,1867,13986,15853
49.73.118.152,928,590,1518
49.73.242.194,9537,49,9586
49.73.253.175,168354,691,169045
49.73.49.48,193,155,348
49.73.54.208,50457,1258,51715
49.74.102.23,191,603,794
49.74.121.228,7177,14234,21411
49.74.138.175,19074,105,19179
49.74.195.246,714,468,1182
49.74.210.221,410,803,1213
49.74.222.202,413,800,1213
49.74.246.160,0,68,68
49.74.30.71,9537,49,9586
49.74.91.180,17036,159,17195
49.75.104.137,32895,135,33030
49.75.149.237,38973,4989109,5028082
49.75.151.162,215,125,340
49.75.16.253,1631,4687,6318
49.75.197.79,227,153,380
49.75.209.235,9537,53,9590
49.75.231.108,309,601,910
49.75.236.96,62928,414,63342
49.75.37.20,1190,774,1964
49.75.86.211,2147,378256,380403
49.75.88.96,33585,295636,329221
49.76.128.140,17077,150,17227
49.76.131.221,9537,52,9589
49.76.137.82,37975,166,38141
49.76.172.0,75,75,150
49.76.251.48,41,143,184
49.76.37.60,240,159,399
49.77.164.219,2027,379,2406
49.77.253.133,32881,121,33002
49.77.97.123,9537,53,9590
49.79.193.60,0,179,179
49.79.202.136,9537,52,9589
49.79.50.217,9537,53,9590
49.81.100.11,38639,56,38695
49.81.121.89,9537,53,9590
49.81.132.122,0,68,68
49.81.197.217,5022,132,5154
49.82.115.139,202,124,326
49.82.254.123,827,652,1479
49.82.45.5,9537,53,9590
49.83.119.214,18781,826,19607
49.83.20.12,102,187,289
49.83.225.231,215,446,661
49.83.43.167,7655,4528,12183
49.83.48.175,10869,6913,17782
49.83.50.182,515,1007,1522
49.84.164.166,452,279,731
49.84.166.1,1056,11300,12356
49.84.173.20,2442,132,2574
49.84.199.219,17090,124,17214
49.84.209.199,6131,1657,7788
49.84.252.166,9537,53,9590
49.84.35.159,0,68,68
49.84.4.21,4021,2496,6517
49.85.10.64,0,68,68
49.85.153.161,9537,49,9586
49.85.202.50,9541,53,9594
49.85.213.235,23,32,55
49.85.216.88,62522,1258,63780
49.85.241.178,41,151,192
49.85.48.108,0,33,33
49.86.104.111,1328,2604,3932
49.86.16.140,9537,53,9590
49.86.171.59,213,157,370
49.86.190.67,12355,7751,20106
49.86.27.134,715,1404,2119
49.86.52.54,9537,52,9589
49.87.167.2,41,151,192
49.87.208.11,24,157,181
49.87.232.142,41,151,192
49.87.35.14,192,154,346
49.88.134.0,0,68,68
49.88.236.172,168,270,438
49.88.73.252,32953,35,32988
49.89.127.157,9537,53,9590
49.89.174.104,17817,106,17923
49.89.88.115,5649,4391,10040
49.98.24.113,10926,532,11458
5.101.152.31,694,387,1081
5.133.216.140,0,196,196
5.135.142.42,12992,2087,15079
5.135.142.44,56671,9223,65894
5.135.70.197,6890,6455,13345
5.150.170.10,412,469,881
5.150.170.9,1035,904,1939
5.150.195.172,0,0,0
5.150.195.174,187,0,187
5.153.1.187,400,185,585
5.196.14.240,0,252,252
5.196.157.5,83262,7143,90405
5.196.157.6,425,221,646
5.196.192.227,59168,486,59654
5.196.242.54,0,987,987
5.196.44.177,13005,637,13642
5.196.76.161,3109,6881,9990
5.245.135.129,19475,32326,51801
5.29.14.53,143,297,440
5.35.241.239,658390,3135,661525
5.35.253.155,260389,1108,261497
5.39.44.198,365,1513,1878
5.39.74.131,222,443,665
5.39.8.31,808680,4426,813106
5.54.79.107,405617,12521,418138
5.57.16.154,33823,444,34267
5.57.16.95,1780,416,2196
5.79.21.108,438468,14073,452541
5.79.60.29,24528,2582,27110
5.79.60.30,3355,4934,8289
5.79.65.107,341855,15713,357568
5.9.101.116,0,10859,10859
5.9.143.12,370,259,629
5.9.16.66,1283,505,1788
5.9.50.87,6308,362,6670
5.9.68.42,142171,34044,176215
50.112.107.180,11151,2421,13572
50.112.108.7,938,1972,2910
50.112.113.209,1380,2384,3764
50.112.116.232,1892,27094,28986
50.112.121.8,1720,20796,22516
50.112.251.179,4412,765,5177
50.112.254.240,3820,1133,4953
50.116.10.191,392,183,575
50.116.11.205,0,454,454
50.116.18.40,1686994,22859,1709853
50.116.20.2,5900,1400,7300
50.116.20.69,190314,10261,200575
50.116.226.26,77506,90530,168036
50.116.226.28,39855,26310,66165
50.116.226.33,1053,1159,2212
50.116.27.199,383767,13918,397685
50.116.33.34,5612974,44638,5657612
50.116.34.248,2315772,11160,2326932
50.116.51.84,924995,57360,982355
50.116.53.82,17995,396,18391
50.116.54.196,3553,1295,4848
50.117.115.210,1404702,44521,1449223
50.118.108.135,58835,6852,65687
50.118.161.25,23119,3054,26173
50.118.249.167,13800,442,14242
50.118.68.223,314,374,688
50.140.184.175,73251,7439,80690
50.16.106.176,321196,10074,331270
50.16.120.80,650,2668,3318
50.16.122.26,286319,12419,298738
50.16.127.34,856635,48864,905499
50.16.187.65,0,0,0
50.16.189.214,283,636,919
50.16.191.188,32336,18163,50499
50.16.194.236,684,496,1180
50.16.203.24,6241,1884,8125
50.16.206.98,5132,1183,6315
50.16.207.180,25044,184,25228
50.16.210.128,3805,872,4677
50.16.211.26,35578,7171,42749
50.16.212.108,19001,6696,25697
50.16.218.223,36153,7192,43345
50.16.218.237,12793,4881,17674
50.16.220.115,82951,87080,170031
50.16.221.238,6704,2076,8780
50.16.222.214,5574060,2375784,7949844
50.16.223.76,426,1465,1891
50.16.224.253,5655491,2200333,7855824
50.16.225.144,1804751,717191,2521942
50.16.225.92,2880892,1150292,4031184
50.16.228.95,385,98,483
50.16.233.12,3819,819,4638
50.16.234.120,6241,1884,8125
50.16.234.209,51,488,539
50.16.235.14,37694,12304,49998
50.16.239.35,37600,12229,49829
50.16.240.115,28328,5632,33960
50.16.240.176,20002,3087,23089
50.16.240.18,218,1489,1707
50.16.244.122,0,0,0
50.16.244.38,36121,7352,43473
50.16.248.169,488544,139100,627644
50.16.248.47,25405,2305,27710
50.16.249.246,2050404,64819,2115223
50.16.251.136,2259152,984419,3243571
50.16.251.239,463,360,823
50.17.182.40,31909,13551,45460
50.17.183.95,2130,7082,9212
50.17.190.76,51,567,618
50.17.195.237,4535,15966,20501
50.17.195.247,287,371,658
50.17.197.31,645220,31531,676751
50.17.199.55,287,383,670
50.17.202.203,6454,4182,10636
50.17.203.54,3766,5256,9022
50.17.205.192,2352345,930463,3282808
50.17.208.137,0,363,363
50.17.214.159,0,1924,1924
50.17.215.106,204,4423,4627
50.17.218.247,914335,55969,970304
50.17.219.153,1210,2949,4159
50.17.227.180,0,0,0
50.17.229.94,0,0,0
50.17.230.68,1606,3218,4824
50.17.233.208,8098,1605,9703
50.17.235.125,82169,15048,97217
50.17.235.46,32090,16756,48846
50.17.237.176,12908,6812,19720
50.17.240.246,13121,8294,21415
50.17.244.149,86419,28316,114735
50.17.246.124,6306,1782,8088
50.17.246.131,110351,12893,123244
50.17.248.18,7829,2871,10700
50.18.107.44,144685,951,145636
50.18.151.160,4722,960,5682
50.18.152.60,397,2630,3027
50.18.158.143,5088,3363,8451
50.18.171.45,12682,2110,14792
50.18.176.29,19244,681,19925
50.18.180.97,340,472,812
50.18.188.142,1044078,536877,1580955
50.18.196.40,4660,12598,17258
50.18.197.82,522,3784,4306
50.18.198.103,0,0,0
50.18.200.233,523,4540,5063
50.18.200.79,213,1017,1230
50.18.201.76,499,878,1377
50.18.205.200,862,959,1821
50.18.207.67,0,0,0
50.18.213.226,4000,544,4544
50.18.214.22,322155,23037,345192
50.18.214.81,0,0,0
50.18.216.209,538,1516,2054
50.18.248.228,13118,1915,15033
50.18.46.250,5666,4380,10046
50.19.100.229,9705,1731,11436
50.19.101.124,287,845,1132
50.19.104.143,0,0,0
50.19.105.48,25696,11176,36872
50.19.106.99,6940,725,7665
50.19.108.18,7732,15730,23462
50.19.110.15,7247,2132,9379
50.19.110.18,7626,1809,9435
50.19.112.4,2084882,1049668,3134550
50.19.113.110,46924,26539,73463
50.19.116.20,25603,13726,39329
50.19.122.60,11170,1605,12775
50.19.134.31,0,371,371
50.19.210.207,2816067,1093523,3909590
50.19.215.206,190558,27720,218278
50.19.217.113,287,392,679
50.19.218.133,0,0,0
50.19.218.216,549,3120,3669
50.19.219.125,25307,8661,33968
50.19.220.213,18276,4517,22793
50.19.222.53,3171667,1142441,4314108
50.19.223.89,306,8324,8630
50.19.228.197,31432,9525,40957
50.19.232.179,1663268,692385,2355653
50.19.232.204,25173,21852,47025
50.19.234.143,102,2541,2643
50.19.237.216,14164,4136,18300
50.19.241.17,70271,14262,84533
50.19.242.207,12322,4402,16724
50.19.242.219,30986,49644,80630
50.19.243.30,940823,407576,1348399
50.19.244.67,5855,2187,8042
50.19.244.82,17364,2489,19853
50.19.245.51,6800,5544,12344
50.19.246.179,1336833,614627,1951460
50.19.249.130,6241,1852,8093
50.19.254.114,31020,35697,66717
50.19.254.96,2331,1811,4142
50.19.28.189,55547,1752,57299
50.19.81.134,3805,872,4677
50.19.84.135,4207,856,5063
50.19.85.223,102,2304,2406
50.19.87.197,5016,2249,7265
50.19.89.88,3284059,1409822,4693881
50.19.94.114,52337,32676,85013
50.19.94.173,42172,24563,66735
50.19.97.236,1717081,742644,2459725
50.19.97.40,640403,315704,956107
50.22.147.33,231488,12653,244141
50.22.149.252,1055,632,1687
50.22.225.71,176,415,591
50.22.225.72,145,241,386
50.22.225.73,309,446,755
50.22.225.74,253,391,644
50.22.225.76,290,482,772
50.22.225.77,145,241,386
50.22.225.80,4533,10401,14934
50.22.225.81,699,995,1694
50.22.225.83,158,218,376
50.22.225.84,309,446,755
50.22.225.85,3547,3276,6823
50.22.225.88,309,449,758
50.22.225.89,99,343,442
50.22.225.90,194,1950,2144
50.22.225.92,397,591,988
50.22.225.95,5321,3876,9197
50.22.240.168,358,471,829
50.22.240.171,616,912,1528
50.22.75.213,63209,690,63899
50.23.103.183,20207,6145,26352
50.23.154.27,31066,23473,54539
50.23.192.87,168101,30075,198176
50.23.201.249,2266,180,2446
50.23.69.250,72760,14176,86936
50.23.77.157,0,2585,2585
50.28.20.121,479934,12906,492840
50.28.75.32,468809,32393,501202
50.28.95.208,22047,2350,24397
50.31.151.38,19098,3340,22438
50.31.164.170,30713,69732,100445
50.31.164.171,42731,43810,86541
50.31.164.177,218,934,1152
50.31.164.178,52268,83676,135944
50.31.164.179,37804,44282,82086
50.31.164.180,41985,58740,100725
50.56.167.161,55734,758,56492
50.56.19.117,738526,54390,792916
50.56.19.121,1189,1664,2853
50.56.198.233,487,198,685
50.56.21.183,486,1297,1783
50.56.218.194,0,239,239
50.57.203.133,36818,566,37384
50.57.30.228,29388,4064,33452
50.62.113.6,111594,6224,117818
50.62.64.6,0,2450,2450
50.63.186.149,0,496,496
50.63.197.17,1709,185,1894
50.63.202.34,2700,3945,6645
50.63.202.40,220,210,430
50.63.202.60,108,190,298
50.63.202.82,10014,2083,12097
50.63.208.6,568,543,1111
50.63.72.6,79124,4207,83331
50.7.101.143,0,436,436
50.7.190.144,2810,4476,7286
50.7.222.61,45381,3164,48545
50.7.70.167,936,2440,3376
50.76.51.25,8470,224,8694
50.93.200.21,6856,452,7308
50.93.202.196,785,340,1125
50.93.205.33,301687,22902,324589
50.93.207.95,252333,18681,271014
50.97.151.51,419,461,880
50.97.173.33,6304,879,7183
50.97.220.71,4495,4700,9195
50.97.236.103,390463,487187,877650
50.97.236.104,172578,175267,347845
50.97.236.9,78173,6022,84195
52.0.100.180,2836,628,3464
52.0.106.247,3197,895,4092
52.0.157.155,5643,643,6286
52.0.160.128,136004,21406,157410
52.0.191.81,7356,16020,23376
52.0.209.71,0,1720,1720
52.0.227.113,113533,16051,129584
52.0.228.191,1224,5868,7092
52.0.243.247,3197,895,4092
52.0.51.112,3197,895,4092
52.0.75.88,3197,895,4092
52.0.76.48,708054,26218,734272
52.0.90.81,3575,1097,4672
52.1.107.79,2760,199,2959
52.1.119.193,17011,3142,20153
52.1.127.176,3197,895,4092
52.1.134.32,629,450,1079
52.1.16.134,10570,1940,12510
52.1.165.20,3765,1397,5162
52.1.188.183,1220,3985,5205
52.1.194.116,3197,895,4092
52.1.206.36,109609,44996,154605
52.1.230.207,3197,895,4092
52.1.255.156,3144,948,4092
52.1.35.34,28716,16380,45096
52.1.36.248,25230,5589,30819
52.1.50.53,4504,343,4847
52.1.57.76,278,1634,1912
52.1.59.230,43922,24915,68837
52.1.70.200,340020,31657,371677
52.1.84.75,548,544,1092
52.1.96.246,3197,895,4092
52.10.154.134,201040,30488,231528
52.10.158.20,4011,891,4902
52.10.160.47,37739,9875,47614
52.10.2.26,19792,5204,24996
52.10.205.21,817,423,1240
52.10.224.160,516698,4722,521420
52.10.250.85,0,607,607
52.10.38.228,30749,12930,43679
52.10.48.103,49692,1405,51097
52.10.52.8,29958,8919,38877
52.11.10.142,16850,4915,21765
52.11.124.85,2128,2373,4501
52.11.35.208,10040,1294,11334
52.11.5.254,708,5445,6153
52.12.22.117,51467,21681,73148
52.16.111.197,1066,1174,2240
52.16.149.66,27045,12937,39982
52.16.165.187,561,10969,11530
52.16.176.217,1368,228,1596
52.16.209.233,4285,2898,7183
52.16.49.172,5779,2005,7784
52.17.10.153,1012,190,1202
52.17.167.129,11146,15849,26995
52.17.177.60,3756,1811,5567
52.17.92.204,760,1506,2266
52.17.99.57,1830,879,2709
52.24.42.146,3405,1019,4424
52.24.71.134,0,630,630
52.24.74.223,0,0,0
52.28.3.11,1965,2403,4368
52.4.10.98,3197,895,4092
52.4.145.196,3197,895,4092
52.4.155.164,3197,895,4092
52.4.16.5,1634,1207,2841
52.4.190.132,8249,3374,11623
52.4.194.113,706,577,1283
52.4.2.74,32924,75751,108675
52.4.216.46,3420,2280,5700
52.4.227.110,22848,15925,38773
52.4.25.129,6840,4208,11048
52.4.28.3,4837,731,5568
52.4.49.239,1125,1235,2360
52.4.5.225,108586,35581,144167
52.4.6.78,19989,2708,22697
52.4.69.93,3197,895,4092
52.5.0.233,3279,10929,14208
52.5.104.219,5208,1227,6435
52.5.107.125,6838,1177,8015
52.5.129.17,2894,826,3720
52.5.140.83,770,608,1378
52.5.141.223,3197,895,4092
52.5.151.113,3197,895,4092
52.5.162.201,1234,1468,2702
52.5.166.231,29930,5451,35381
52.5.201.18,10260,4521,14781
52.5.22.32,5256,5416,10672
52.5.222.219,16539,1523,18062
52.5.224.149,148302,45585,193887
52.5.239.246,9345,2480,11825
52.5.241.141,0,0,0
52.5.244.15,688,543,1231
52.5.246.155,21715,4297,26012
52.5.254.79,3197,895,4092
52.5.29.49,3197,895,4092
52.5.33.114,12066,743,12809
52.5.39.116,36020,14021,50041
52.5.42.153,3197,895,4092
52.5.53.112,14405,5122,19527
52.5.77.71,3197,895,4092
52.5.86.254,30300,32687,62987
52.5.9.177,5354,970,6324
52.6.1.112,471,347,818
52.6.112.207,3197,895,4092
52.6.115.64,3197,895,4092
52.6.143.115,20520,14533,35053
52.6.150.197,110107,13674,123781
52.6.154.18,3197,948,4145
52.6.171.63,33333,2316,35649
52.6.188.255,320745,69443,390188
52.6.28.190,13680,8944,22624
52.6.4.36,3197,895,4092
52.6.41.22,187345,433602,620947
52.6.58.26,15042,1619,16661
52.6.68.157,51809,60210,112019
52.6.83.24,5155,1227,6382
52.6.84.223,8746,5095,13841
52.64.64.139,10469,73,10542
52.68.131.226,12690,79749,92439
52.68.147.36,95,563,658
52.68.159.96,942,888,1830
52.68.64.177,14874,2586,17460
52.7.151.62,4417,339,4756
52.7.50.98,102029,11310,113339
52.7.69.215,10416,2454,12870
52.74.108.242,1190,1453,2643
52.74.144.107,5515,1790,7305
52.74.19.2,1078,1934,3012
52.74.51.234,1331,522,1853
52.74.81.162,24059,973,25032
52.74.93.214,10160,14184,24344
52.8.50.162,534,359,893
52.8.66.84,16704,49620,66324
54.144.128.15,65142,4650,69792
54.144.128.182,172369,21252,193621
54.144.151.239,308,2086,2394
54.144.230.113,5724,15795,21519
54.145.18.222,7745,2538,10283
54.145.193.180,1425283,160217,1585500
54.145.227.19,331259,214076,545335
54.145.227.236,171,291,462
54.145.232.108,150525,61523,212048
54.145.237.4,8450,11503,19953
54.145.46.223,1478340,89803,1568143
54.145.57.126,315209,20187,335396
54.146.136.187,1197,2086,3283
54.146.136.99,316620,10066,326686
54.146.158.214,151558,7279,158837
54.146.211.236,3998,23718,27716
54.146.254.147,37946,13501,51447
54.146.255.180,341632,7708,349340
54.146.4.97,7632,24238,31870
54.146.68.175,972688,21430,994118
54.146.69.117,71996,18564,90560
54.146.72.122,172390,1237,173627
54.146.92.103,1241,2363,3604
54.147.9.190,374280,11535,385815
54.148.121.68,11336,2431,13767
54.148.133.112,10215,3101,13316
54.148.136.240,1457,894,2351
54.148.175.26,484,3840,4324
54.148.180.114,446,2301,2747
54.148.186.187,23831,6316,30147
54.148.254.248,380903,22339,403242
54.148.46.57,10552,4037,14589
54.148.83.249,0,310,310
54.149.105.240,47561,6500,54061
54.149.127.134,3405,1020,4425
54.149.146.34,817,374,1191
54.149.183.252,212,1103,1315
54.149.190.170,11280,1818,13098
54.149.198.84,11748,1733,13481
54.149.208.58,139152,17510,156662
54.149.219.52,10390,3767,14157
54.149.228.248,31555,10746,42301
54.149.254.231,5441,867,6308
54.149.42.204,80633,7143,87776
54.149.81.165,940,827,1767
54.151.207.150,69817,6669,76486
54.152.179.182,51617,43329,94946
54.152.196.142,4081,752,4833
54.152.20.147,60730,19040,79770
54.152.22.68,3197,895,4092
54.152.247.150,3197,895,4092
54.152.27.126,0,895,895
54.153.102.154,638,1091,1729
54.153.116.25,1119,772,1891
54.153.120.108,2003,1485,3488
54.153.120.77,2090,1482,3572
54.153.123.189,1084,948,2032
54.153.22.42,3865,2610,6475
54.153.50.210,1036,637,1673
54.153.69.200,2315,1259,3574
54.154.104.253,462,257,719
54.154.205.64,4821,678,5499
54.157.211.35,222762,42929,265691
54.157.221.103,456,311,767
54.158.102.116,365053,11004,376057
54.159.247.113,300274,17863,318137
54.160.101.226,1583,2872,4455
54.160.101.30,2096,15828,17924
54.160.102.179,55754,23703,79457
54.160.106.131,75582,2344,77926
54.160.111.243,77465,115786,193251
54.160.113.250,156243,30578,186821
54.160.120.147,1197,2086,3283
54.160.121.173,4104,7152,11256
54.160.125.220,375125,16231,391356
54.160.125.72,318,1925,2243
54.160.131.253,1927719,74272,2001991
54.160.179.203,1142,2156,3298
54.160.235.90,409891,41147,451038
54.160.242.74,1197,2086,3283
54.160.65.200,225314,32611,257925
54.160.74.185,734922,14288,749210
54.160.75.203,318,627,945
54.160.76.141,342,1868,2210
54.160.76.200,85073,5192,90265
54.160.76.226,1241,2384,3625
54.160.78.184,44,291,335
54.160.90.42,113,46,159
54.161.111.223,1892024,129293,2021317
54.161.150.192,513,873,1386
54.161.184.153,44,291,335
54.161.215.77,1107111,63623,1170734
54.161.39.75,386025,47631,433656
54.162.132.56,120705,26506,147211
54.162.218.128,166734,6108,172842
54.162.232.138,799,1472,2271
54.163.194.240,89881,4981,94862
54.163.224.72,204,5297,5501
54.163.255.45,6306,1649,7955
54.163.39.162,188141,8542,196683
54.163.95.2,525888,81296,607184
54.164.11.197,2496,2422,4918
54.164.11.235,4031,1351,5382
54.164.114.82,56213,22467,78680
54.164.142.60,353,443,796
54.164.158.77,132539,3552,136091
54.164.180.115,53607,11032,64639
54.164.192.120,2431,2098,4529
54.164.213.15,6529,7102,13631
54.164.220.255,1952,5043,6995
54.164.229.166,3575,1046,4621
54.164.23.103,3187,895,4082
54.164.232.157,468,444,912
54.164.235.95,11458,5047,16505
54.164.245.65,39424,3127,42551
54.164.246.23,48923,4977,53900
54.164.25.159,15281,7096,22377
54.164.252.11,3909,817,4726
54.164.40.184,4251,6314,10565
54.164.49.12,4493,1520,6013
54.164.53.203,1959,2050,4009
54.164.54.154,1217,1115,2332
54.165.0.186,64694,35511,100205
54.165.1.35,59154,13978,73132
54.165.128.192,312,296,608
54.165.173.197,3454,5526,8980
54.165.181.112,9861,1344,11205
54.165.194.44,5032,14343,19375
54.165.44.83,1388,1823,3211
54.165.59.98,2580,3752,6332
54.165.78.102,10240,11029,21269
54.165.78.234,928,1199,2127
54.166.127.37,723245,28954,752199
54.166.168.195,523017,8947,531964
54.166.185.224,456,46,502
54.166.191.196,52632,6009,58641
54.166.233.114,57934,19036,76970
54.166.48.239,0,0,0
54.166.74.244,6042,38092,44134
54.166.75.143,88,582,670
54.167.106.206,206499,20069,226568
54.167.170.11,406996,42517,449513
54.167.179.61,720790,14799,735589
54.167.226.166,75403,2838,78241
54.167.75.164,8003,15698,23701
54.167.99.237,365844,17824,383668
54.169.101.116,582,348,930
54.169.120.8,1662,989,2651
54.169.128.139,6287,8294,14581
54.169.151.218,3338,6125,9463
54.169.157.109,59596,100617,160213
54.169.183.118,803,6027,6830
54.169.188.1,2396,6923,9319
54.169.192.188,163021,126946,289967
54.169.198.239,289,1029,1318
54.169.198.34,1596,4684,6280
54.169.198.81,23243,24540,47783
54.169.21.245,12884,3036,15920
54.169.22.255,20710,20316,41026
54.169.220.157,468,444,912
54.169.237.30,10479,4893,15372
54.169.239.104,8269,11589,19858
54.169.245.223,6974,14505,21479
54.169.42.249,5492,5040,10532
54.169.49.156,0,0,0
54.169.5.41,805,785,1590
54.169.61.50,10761,12898,23659
54.169.7.78,805,785,1590
54.169.72.61,19230,73685,92915
54.169.9.193,805,785,1590
54.169.95.7,23948,6980,30928
54.171.12.108,920,862,1782
54.171.12.122,369,402,771
54.171.18.177,1792,4935,6727
54.171.209.224,4365,3028,7393
54.171.247.40,162,1304,1466
54.171.249.189,4704,4743,9447
54.171.32.108,1184,2622,3806
54.171.35.255,31133,23653,54786
54.172.146.155,647,575,1222
54.172.216.116,770,657,1427
54.172.219.14,39533,16012,55545
54.172.22.28,948,537,1485
54.172.25.7,50133,41082,91215
54.172.5.49,1219,1306,2525
54.172.55.10,1288,1264,2552
54.172.88.241,9297,5020,14317
54.173.153.167,539875,628919,1168794
54.173.173.108,25491,7840,33331
54.173.181.224,3187,895,4082
54.173.216.39,7512,21592,29104
54.173.223.112,3197,895,4092
54.173.226.80,2258,1680,3938
54.173.228.199,3197,895,4092
54.173.232.64,701,999,1700
54.173.246.123,4684,5280,9964
54.173.79.54,22102,6140,28242
54.173.94.171,834,2258,3092
54.174.11.150,1256,2146,3402
54.174.164.99,3946,1287,5233
54.174.214.125,3197,895,4092
54.174.227.199,3197,895,4092
54.174.37.215,9540,7166,16706
54.174.38.23,50038,3479,53517
54.174.71.114,17050,1518,18568
54.175.107.13,3197,895,4092
54.175.109.108,3197,895,4092
54.175.115.41,3197,895,4092
54.175.131.223,3197,895,4092
54.175.133.137,3197,895,4092
54.175.144.98,3197,895,4092
54.175.146.113,3075,895,3970
54.175.147.163,3197,895,4092
54.175.149.235,3197,948,4145
54.175.153.179,3197,895,4092
54.175.153.194,3197,895,4092
54.175.153.91,3197,895,4092
54.175.155.98,0,895,895
54.175.156.16,3197,895,4092
54.175.157.213,3197,895,4092
54.175.159.103,3197,895,4092
54.175.159.134,3197,895,4092
54.175.159.87,3197,895,4092
54.175.161.132,3197,895,4092
54.175.161.75,3197,895,4092
54.175.168.62,3187,895,4082
54.175.188.210,3197,895,4092
54.175.188.213,3187,895,4082
54.175.188.215,3197,895,4092
54.175.188.234,3197,895,4092
54.175.188.254,3187,895,4082
54.175.189.1,3197,895,4092
54.175.189.11,3197,895,4092
54.175.189.2,3187,895,4082
54.175.196.121,1965,2559,4524
54.175.199.21,3197,895,4092
54.175.199.71,3197,895,4092
54.175.208.135,28605,2361,30966
54.175.219.254,1997,4514,6511
54.175.39.139,12510,39419,51929
54.175.56.254,3197,948,4145
54.175.94.214,3197,895,4092
54.178.128.244,562,502,1064
54.178.149.159,47486,56936,104422
54.178.201.123,49960,36944,86904
54.178.228.244,102746,5349,108095
54.178.231.74,94055,56650,150705
54.178.237.55,3594,4953,8547
54.179.134.20,110700,176339,287039
54.179.138.247,1974,5904,7878
54.179.162.197,582525,16070,598595
54.179.168.247,1876,3237,5113
54.179.173.210,6670,4154,10824
54.179.185.81,17314,15662,32976
54.179.189.60,18842,12378,31220
54.179.31.145,53130,2828,55958
54.182.1.162,456,560,1016
54.182.1.37,0,0,0
54.182.195.105,456,424,880
54.182.195.127,0,0,0
54.182.195.13,0,0,0
54.182.195.22,912,884,1796
54.182.195.46,456,386,842
54.182.195.88,456,419,875
54.182.195.98,456,409,865
54.182.196.21,0,0,0
54.182.196.48,0,0,0
54.182.196.94,456,574,1030
54.182.197.125,456,411,867
54.182.197.134,456,403,859
54.182.197.22,456,416,872
54.182.197.26,456,413,869
54.182.197.91,912,864,1776
54.182.197.94,456,514,970
54.182.198.116,456,432,888
54.182.198.124,456,414,870
54.182.198.129,456,418,874
54.182.198.80,456,414,870
54.182.198.90,456,437,893
54.182.198.96,456,439,895
54.182.199.18,456,423,879
54.182.199.30,0,0,0
54.182.199.42,456,415,871
54.182.199.83,912,772,1684
54.182.199.98,456,420,876
54.182.2.123,0,0,0
54.182.2.130,456,420,876
54.182.200.118,456,415,871
54.182.200.62,456,414,870
54.182.200.95,456,420,876
54.182.3.116,456,405,861
54.182.3.197,456,420,876
54.182.3.9,0,0,0
54.182.4.117,0,0,0
54.182.4.120,0,0,0
54.182.4.132,456,404,860
54.182.4.143,456,449,905
54.182.4.157,456,414,870
54.182.4.170,456,513,969
54.182.4.29,456,417,873
54.182.4.78,456,408,864
54.182.6.107,0,0,0
54.182.6.117,0,0,0
54.182.6.238,0,0,0
54.182.6.241,456,420,876
54.182.6.29,456,413,869
54.182.6.76,0,474,474
54.182.6.99,456,406,862
54.182.7.23,456,417,873
54.182.7.24,456,498,954
54.182.7.29,0,0,0
54.182.7.37,456,411,867
54.183.152.222,0,0,0
54.183.152.240,267,2687,2954
54.183.173.235,800,1856,2656
54.183.18.181,3768,1072,4840
54.183.181.127,264,1085,1349
54.183.192.55,0,0,0
54.183.201.167,0,0,0
54.183.238.39,0,0,0
54.183.26.244,0,560,560
54.183.29.220,703,961,1664
54.183.42.175,269,576,845
54.183.47.82,266,473,739
54.183.68.236,3951,1559,5510
54.183.82.34,177,4149,4326
54.183.95.167,600,782,1382
54.186.106.136,1831,1984,3815
54.186.117.173,669,388,1057
54.186.121.120,448,591,1039
54.186.133.13,5837,6717,12554
54.186.165.254,1125,1168,2293
54.186.188.58,1898,389,2287
54.186.202.244,11748,1692,13440
54.186.29.125,58286,3082,61368
54.186.47.62,3767,755,4522
54.186.53.105,5874,854,6728
54.186.90.186,449,483,932
54.187.152.251,2760,233,2993
54.187.155.170,14139,5860,19999
54.187.170.186,402,674,1076
54.187.190.175,646,416,1062
54.187.195.18,5027,836,5863
54.187.39.210,6038,2617,8655
54.187.55.192,13271,2503,15774
54.191.147.67,14186,1139,15325
54.191.157.133,84304,26635,110939
54.191.19.163,12437,5354,17791
54.191.206.80,36645,8819,45464
54.191.220.159,201,516,717
54.191.35.228,20080,860,20940
54.191.60.157,185230,25217,210447
54.191.66.56,12176,10458,22634
54.191.85.110,6645,1926,8571
54.191.89.186,14473,2242,16715
54.191.93.244,3068,20329,23397
54.192.100.178,0,0,0
54.192.100.182,456,505,961
54.192.100.187,456,416,872
54.192.101.103,0,0,0
54.192.101.105,456,413,869
54.192.101.109,456,418,874
54.192.101.115,0,0,0
54.192.101.117,456,410,866
54.192.101.125,456,418,874
54.192.101.183,456,434,890
54.192.101.235,456,418,874
54.192.101.89,456,405,861
54.192.101.91,456,440,896
54.192.108.146,36377,776,37153
54.192.109.202,456,411,867
54.192.110.95,456,438,894
54.192.116.109,456,398,854
54.192.117.126,0,0,0
54.192.117.66,0,0,0
54.192.118.224,456,474,930
54.192.118.236,0,0,0
54.192.118.241,456,406,862
54.192.118.242,456,413,869
54.192.118.244,456,418,874
54.192.119.140,0,0,0
54.192.124.109,2017414,23889,2041303
54.192.124.190,140754,44573,185327
54.192.124.192,156748,28233,184981
54.192.124.197,12566,5334,17900
54.192.124.200,8847,1386,10233
54.192.124.209,7196,534,7730
54.192.124.210,7179,20366,27545
54.192.124.215,0,2384,2384
54.192.124.230,30787,708,31495
54.192.124.236,10656,14344,25000
54.192.124.24,0,446,446
54.192.124.255,18552,35843,54395
54.192.124.57,10265,1513,11778
54.192.125.114,259964,186,260150
54.192.125.115,543682,74850,618532
54.192.125.116,441258,58985,500243
54.192.125.117,0,3966,3966
54.192.125.118,917279,128000,1045279
54.192.125.127,181697,11564,193261
54.192.125.128,51335,10335,61670
54.192.125.130,51286,3199,54485
54.192.125.133,0,5229,5229
54.192.125.134,456,396,852
54.192.125.135,31948,920,32868
54.192.125.138,14690,5469,20159
54.192.125.143,145229,16920,162149
54.192.125.149,0,0,0
54.192.125.17,36699,15956,52655
54.192.125.174,26198,10921,37119
54.192.125.175,6210,3560,9770
54.192.125.178,341381,20924,362305
54.192.125.28,2149291,118745,2268036
54.192.125.34,33776,354,34130
54.192.125.61,29144310,696,29145006
54.192.125.67,5328,1058,6386
54.192.125.74,776666,42535,819201
54.192.125.77,1259899,137992,1397891
54.192.125.78,27448,3166,30614
54.192.126.1,6698,2765,9463
54.192.126.35,1683,323,2006
54.192.126.41,0,0,0
54.192.126.72,231023,17417,248440
54.192.126.78,36271,15254,51525
54.192.126.82,14549,3634,18183
54.192.13.250,0,0,0
54.192.132.159,456,422,878
54.192.132.170,456,407,863
54.192.132.180,456,385,841
54.192.132.239,0,0,0
54.192.133.39,456,457,913
54.192.133.41,456,413,869
54.192.133.65,456,418,874
54.192.136.121,3720,330,4050
54.192.137.127,456,0,456
54.192.137.131,0,0,0
54.192.137.133,456,410,866
54.192.137.134,456,416,872
54.192.137.20,3720,330,4050
54.192.138.14,1859,165,2024
54.192.138.160,456,416,872
54.192.138.177,73813,607,74420
54.192.138.192,185183,862,186045
54.192.138.195,2479,220,2699
54.192.138.198,151059,4128,155187
54.192.138.204,456,413,869
54.192.138.205,456,411,867
54.192.138.209,61341,263,61604
54.192.138.242,0,0,0
54.192.138.243,136914,12120,149034
54.192.138.249,188040,1552,189592
54.192.138.254,99124,2745,101869
54.192.138.70,9006,850,9856
54.192.139.148,0,0,0
54.192.139.151,456,433,889
54.192.139.232,45344,845,46189
54.192.139.78,88894,4844,93738
54.192.139.79,23956,298,24254
54.192.14.182,0,0,0
54.192.14.206,0,0,0
54.192.14.216,456,420,876
54.192.14.27,456,408,864
54.192.14.43,456,405,861
54.192.14.67,0,0,0
54.192.14.76,0,0,0
54.192.14.83,456,403,859
54.192.14.84,456,385,841
54.192.140.102,1238,110,1348
54.192.140.127,1239,110,1349
54.192.140.136,1240,110,1350
54.192.140.28,1240,110,1350
54.192.140.32,620,55,675
54.192.140.7,0,0,0
54.192.144.100,456,417,873
54.192.144.106,456,386,842
54.192.144.113,0,0,0
54.192.144.146,456,408,864
54.192.144.168,0,0,0
54.192.144.171,0,0,0
54.192.144.172,0,0,0
54.192.144.190,456,454,910
54.192.144.214,456,470,926
54.192.145.194,456,412,868
54.192.145.203,456,419,875
54.192.146.120,456,413,869
54.192.146.135,456,411,867
54.192.146.94,0,0,0
54.192.147.252,456,444,900
54.192.147.255,456,420,876
54.192.149.173,456,550,1006
54.192.15.181,456,438,894
54.192.15.60,456,410,866
54.192.15.73,456,437,893
54.192.15.92,456,422,878
54.192.150.124,456,412,868
54.192.151.144,0,0,0
54.192.151.146,456,406,862
54.192.156.114,0,0,0
54.192.156.115,72289,489,72778
54.192.156.12,1649,245,1894
54.192.156.152,152821,15608,168429
54.192.156.21,1649,245,1894
54.192.156.221,245931,1672,247603
54.192.156.251,1304,426,1730
54.192.156.253,7,238,245
54.192.156.36,143966,41351,185317
54.192.156.44,372452,47016,419468
54.192.156.58,0,200,200
54.192.156.59,0,180,180
54.192.156.84,115745,488,116233
54.192.156.91,668,939,1607
54.192.156.96,48779,86739,135518
54.192.157.0,65485,5979,71464
54.192.157.143,0,602,602
54.192.157.151,19718,15461,35179
54.192.157.162,25692,30269,55961
54.192.157.166,9263,2081,11344
54.192.157.175,3086038,1306,3087344
54.192.157.44,5467,3170,8637
54.192.157.54,0,199,199
54.192.157.56,0,74,74
54.192.158.56,19842,382,20224
54.192.159.102,171827,489,172316
54.192.159.108,0,0,0
54.192.159.159,101403,6557,107960
54.192.159.161,23439,4623,28062
54.192.159.172,456,385,841
54.192.159.179,8225,1094,9319
54.192.159.186,9784,1211,10995
54.192.159.25,7258,382,7640
54.192.159.81,224297,975,225272
54.192.160.1,8508,774,9282
54.192.160.241,456,425,881
54.192.160.242,456,414,870
54.192.160.254,0,453,453
54.192.161.13,0,0,0
54.192.161.158,0,1,1
54.192.161.181,456,436,892
54.192.161.184,0,0,0
54.192.161.199,456,402,858
54.192.161.22,0,0,0
54.192.161.23,0,0,0
54.192.161.237,0,0,0
54.192.161.28,456,418,874
54.192.161.32,0,0,0
54.192.162.83,0,0,0
54.192.163.60,456,432,888
54.192.172.246,456,548,1004
54.192.173.166,456,411,867
54.192.173.247,456,413,869
54.192.173.252,0,0,0
54.192.173.72,456,422,878
54.192.174.113,456,470,926
54.192.180.246,456,512,968
54.192.181.17,7344,1917,9261
54.192.188.73,456,520,976
54.192.192.12,456,396,852
54.192.192.143,456,415,871
54.192.193.177,456,417,873
54.192.193.194,0,0,0
54.192.193.213,937,812,1749
54.192.193.46,456,400,856
54.192.194.113,0,0,0
54.192.194.14,456,427,883
54.192.194.147,456,445,901
54.192.194.222,32858,291,33149
54.192.194.34,0,0,0
54.192.194.38,456,434,890
54.192.194.64,11085,1568,12653
54.192.194.84,456,414,870
54.192.195.166,168396,12651,181047
54.192.195.26,456,419,875
54.192.195.8,61341,263,61604
54.192.197.60,456,454,910
54.192.2.201,912,867,1779
54.192.202.170,912,805,1717
54.192.202.206,456,411,867
54.192.206.239,456,406,862
54.192.206.70,456,419,875
54.192.207.7,456,417,873
54.192.207.89,456,421,877
54.192.211.59,456,423,879
54.192.211.73,456,562,1018
54.192.214.221,456,417,873
54.192.214.91,456,429,885
54.192.215.103,456,406,862
54.192.215.145,0,0,0
54.192.215.179,456,386,842
54.192.215.251,456,382,838
54.192.215.97,0,0,0
54.192.219.196,456,423,879
54.192.219.29,456,420,876
54.192.224.128,456,428,884
54.192.224.55,456,406,862
54.192.226.131,0,0,0
54.192.226.146,0,0,0
54.192.226.188,456,445,901
54.192.227.26,0,0,0
54.192.231.11,456,434,890
54.192.231.120,456,386,842
54.192.231.122,0,0,0
54.192.231.176,456,408,864
54.192.231.21,0,0,0
54.192.232.103,396966,17010,413976
54.192.232.11,2760,2411,5171
54.192.232.112,0,2376,2376
54.192.232.114,5335,3889,9224
54.192.232.131,0,0,0
54.192.232.149,8568,4306,12874
54.192.232.162,583982,36315,620297
54.192.232.169,7,886,893
54.192.232.190,110280,3251,113531
54.192.232.201,12762,1003,13765
54.192.232.208,484253,76114,560367
54.192.232.214,11068,4209,15277
54.192.232.219,32893,16778,49671
54.192.232.236,10122,11832,21954
54.192.232.249,0,220,220
54.192.232.30,33882,18414,52296
54.192.232.35,67919,8937,76856
54.192.232.46,330847,30887,361734
54.192.232.49,39001,8505,47506
54.192.232.62,137541,677,138218
54.192.232.79,40284,2059,42343
54.192.232.81,148786,5281,154067
54.192.232.86,176697,15827,192524
54.192.233.132,186471,21477,207948
54.192.233.139,1768204,78374,1846578
54.192.233.141,27421,677,28098
54.192.233.173,29975,3757,33732
54.192.233.174,217452,16851,234303
54.192.233.175,910847,67647,978494
54.192.233.180,0,2550,2550
54.192.233.191,0,460,460
54.192.233.77,93925,3604,97529
54.192.233.81,87685,10675,98360
54.192.233.88,0,8789,8789
54.192.233.89,1630343,43698,1674041
54.192.233.97,1073,228,1301
54.192.234.10,275013,23348,298361
54.192.234.110,24336,6016,30352
54.192.234.18,0,178,178
54.192.234.183,52022,2078,54100
54.192.234.191,0,460,460
54.192.234.199,23052,13899,36951
54.192.234.207,1172407,95317,1267724
54.192.234.44,51766,4342,56108
54.192.234.50,32851,14924,47775
54.192.234.64,123607,8607,132214
54.192.234.82,19455,13534,32989
54.192.235.107,0,0,0
54.192.235.108,1833141,71082,1904223
54.192.235.111,831227,127041,958268
54.192.235.114,92640,4052,96692
54.192.235.117,305134,35555,340689
54.192.235.119,26139,677,26816
54.192.235.131,40266,20520,60786
54.192.235.143,0,4443,4443
54.192.235.146,474,1878,2352
54.192.235.150,330129,4177,334306
54.192.235.151,4141,796,4937
54.192.235.153,93904,4335,98239
54.192.235.154,180726,9465,190191
54.192.235.159,14,2229,2243
54.192.235.188,0,7220,7220
54.192.235.194,14534,395,14929
54.192.235.209,10519,856,11375
54.192.235.211,108701,34529,143230
54.192.235.215,60756,1363,62119
54.192.235.221,53472,5995,59467
54.192.235.244,35759,2492,38251
54.192.235.245,14521,893,15414
54.192.235.253,363419,24465,387884
54.192.235.36,659245,24191,683436
54.192.235.46,70566,1362,71928
54.192.235.56,225521,77392,302913
54.192.235.89,36062,4672,40734
54.192.235.90,20041,2013,22054
54.192.235.93,87313,3442,90755
54.192.25.10,912,829,1741
54.192.25.50,456,419,875
54.192.26.129,456,422,878
54.192.26.244,456,422,878
54.192.26.86,912,828,1740
54.192.27.247,456,400,856
54.192.28.84,215254,950,216204
54.192.3.200,456,385,841
54.192.35.124,456,423,879
54.192.35.143,456,422,878
54.192.35.174,456,432,888
54.192.35.93,456,385,841
54.192.36.131,456,413,869
54.192.36.77,456,409,865
54.192.37.18,456,418,874
54.192.37.90,912,856,1768
54.192.38.47,456,418,874
54.192.4.215,456,418,874
54.192.46.130,456,418,874
54.192.47.116,456,404,860
54.192.47.14,456,422,878
54.192.47.183,456,584,1040
54.192.47.20,456,406,862
54.192.47.229,456,418,874
54.192.47.56,0,0,0
54.192.47.7,456,418,874
54.192.54.170,456,556,1012
54.192.54.186,456,418,874
54.192.54.195,0,0,0
54.192.54.221,0,0,0
54.192.54.78,456,412,868
54.192.55.197,456,505,961
54.192.55.33,456,410,866
54.192.55.43,456,398,854
54.192.55.44,456,412,868
54.192.55.7,456,442,898
54.192.56.143,456,418,874
54.192.56.161,456,418,874
54.192.58.116,456,416,872
54.192.58.137,456,398,854
54.192.58.146,0,0,0
54.192.58.171,456,589,1045
54.192.58.53,456,441,897
54.192.58.70,456,445,901
54.192.58.78,456,551,1007
54.192.60.11,456,526,982
54.192.60.164,456,419,875
54.192.60.204,456,419,875
54.192.60.51,456,545,1001
54.192.61.126,0,0,0
54.192.7.10,0,0,0
54.192.7.155,456,385,841
54.192.7.156,456,418,874
54.192.7.163,456,412,868
54.192.7.182,456,398,854
54.192.7.215,0,0,0
54.192.74.82,456,433,889
54.192.75.202,0,0,0
54.192.75.3,456,417,873
54.192.76.41,456,406,862
54.192.76.47,0,0,0
54.192.76.60,456,589,1045
54.192.76.62,456,416,872
54.192.76.80,0,0,0
54.192.77.146,0,0,0
54.192.77.177,0,0,0
54.192.80.206,456,402,858
54.192.80.42,456,413,869
54.192.81.188,456,514,970
54.192.82.85,0,0,0
54.192.87.105,16261,432,16693
54.192.87.118,1224,174,1398
54.192.87.157,456,418,874
54.192.87.164,528,396,924
54.192.87.167,456,553,1009
54.192.87.172,61341,263,61604
54.192.87.184,456,418,874
54.192.87.193,164761,5506,170267
54.192.87.214,456,411,867
54.192.87.226,40246,262,40508
54.192.87.56,2450,260,2710
54.192.87.63,199068,10412,209480
54.192.87.68,0,0,0
54.192.87.73,0,462,462
54.192.88.29,456,453,909
54.192.91.23,0,0,0
54.192.91.30,456,415,871
54.192.91.71,456,385,841
54.192.91.72,0,0,0
54.192.91.93,0,0,0
54.193.101.97,531,13383,13914
54.193.11.219,0,0,0
54.193.114.216,68317,6005,74322
54.193.26.156,196245,53793,250038
54.193.27.43,17102,3838,20940
54.193.53.73,14184,2532,16716
54.193.58.15,1852,1805,3657
54.193.85.100,381,1017,1398
54.193.96.221,213,619,832
54.193.97.164,0,0,0
54.194.105.228,1645,1740,3385
54.194.110.152,71042,36089,107131
54.194.114.45,0,0,0
54.194.138.130,76085,40869,116954
54.194.144.11,784,343,1127
54.194.170.197,84990,42143,127133
54.194.183.214,36180,12300,48480
54.194.2.91,1018,1530,2548
54.194.215.181,15468,3023,18491
54.194.215.217,158484,95224,253708
54.194.242.115,73857,48603,122460
54.194.248.170,32832,14776,47608
54.194.249.39,7416,3820,11236
54.194.58.229,1076,1397,2473
54.194.64.150,0,0,0
54.194.65.190,3596,1918,5514
54.194.65.244,59807,26962,86769
54.194.89.88,30992,10368,41360
54.194.95.210,76633,44990,121623
54.195.129.183,109,1190,1299
54.195.243.103,4338,1605,5943
54.195.64.85,329,2441,2770
54.196.177.233,1272,10160,11432
54.196.228.3,401738,65178,466916
54.196.97.159,56264,8007,64271
54.197.155.79,1622683,90357,1713040
54.197.225.162,13191,1872,15063
54.197.235.221,5838,221,6059
54.197.244.204,12908,6780,19688
54.197.253.144,4015877,1504595,5520472
54.197.254.45,7849,1666,9515
54.197.255.118,23017,5782,28799
54.197.255.78,56571,11111,67682
54.197.90.196,55197,28067,83264
54.198.146.93,113,3728,3841
54.198.159.8,238379,71931,310310
54.198.165.82,28307,686,28993
54.198.214.216,356642,5906,362548
54.199.135.240,730,1429,2159
54.199.143.206,64219,19926,84145
54.199.156.240,97667,45847,143514
54.199.182.65,718,489,1207
54.199.184.207,24624,10264,34888
54.199.200.185,58532,22809,81341
54.199.216.166,0,4482,4482
54.200.0.216,1846,2052,3898
54.200.100.247,630,525,1155
54.200.109.59,470,394,864
54.200.129.196,0,0,0
54.200.17.206,708,3791,4499
54.200.170.244,11664,3322,14986
54.200.199.75,1984,1815,3799
54.200.204.208,1044,2714,3758
54.200.217.187,910,746,1656
54.200.227.115,470,400,870
54.200.3.37,0,764,764
54.200.85.116,4758,5553,10311
54.201.101.0,16739,6000,22739
54.201.126.138,9238,2944,12182
54.201.133.189,1570,1666,3236
54.201.16.17,7073,5213,12286
54.201.186.111,85059,1165,86224
54.201.193.251,34127,10483,44610
54.201.235.52,2003,1675,3678
54.201.237.26,5400,6266,11666
54.201.3.255,36643,8555,45198
54.201.40.217,2258,1695,3953
54.201.42.75,1278,373,1651
54.201.47.32,5145,1605,6750
54.201.50.80,224237,9519,233756
54.201.61.43,1133,1521,2654
54.201.9.46,31437,10808,42245
54.203.248.162,205,262,467
54.203.252.136,8646,33121,41767
54.204.1.132,214869,1196,216065
54.204.11.135,287,404,691
54.204.11.2,27362,24634,51996
54.204.12.163,1041,1104,2145
54.204.167.238,2394,4165,6559
54.204.17.8,287,392,679
54.204.19.32,27439,3848,31287
54.204.198.245,0,0,0
54.204.247.124,138437,13183,151620
54.204.28.90,1432737,663981,2096718
54.204.29.81,5814,2726,8540
54.204.37.67,17327,8525,25852
54.204.43.130,1607724,719735,2327459
54.204.45.207,32254,13512,45766
54.205.159.134,683275,49104,732379
54.205.241.175,79545,58492,138037
54.205.36.114,119439,866,120305
54.205.42.70,391160,131818,522978
54.205.47.136,191268,7366,198634
54.205.73.253,331505,56886,388391
54.205.74.116,582304,9832,592136
54.205.87.199,346104,90866,436970
54.206.74.46,56796,24321,81117
54.206.87.172,9994,10294,20288
54.206.87.67,3876,823,4699
54.208.105.191,511,1097,1608
54.208.111.72,367,422,789
54.208.207.189,6157,1669,7826
54.208.30.106,20179,4160,24339
54.208.32.1,1092,885,1977
54.208.84.171,141621,2935,144556
54.209.156.225,5727,357,6084
54.209.170.200,1708,5445,7153
54.209.193.1,0,0,0
54.209.21.43,1204,1196,2400
54.209.233.89,942,824,1766
54.209.29.11,12066,759,12825
54.209.87.127,0,263,263
54.210.117.19,576361,24767,601128
54.210.180.97,1486,2205,3691
54.210.201.47,139,714,853
54.210.204.103,111,548,659
54.210.243.86,367,422,789
54.210.25.175,4331,350,4681
54.210.27.16,1284,1256,2540
54.210.37.149,21804,1132,22936
54.210.43.6,13210,11923,25133
54.210.47.230,172,929,1101
54.210.80.113,2356,1867,4223
54.210.88.143,66317,1776,68093
54.210.94.192,114979,13673,128652
54.211.138.43,1485,2780,4265
54.211.193.178,148181,13881,162062
54.211.195.160,181748,5527,187275
54.211.210.22,1693745,246529,1940274
54.211.210.90,98371,1270,99641
54.212.249.2,15067,4796,19863
54.213.110.167,2995,1589,4584
54.213.124.229,13971,5303,19274
54.213.126.14,1116,824,1940
54.213.128.210,13853,5015,18868
54.213.155.154,6920,2277,9197
54.213.182.177,3406,742,4148
54.213.187.254,688,543,1231
54.213.188.230,60240,2482,62722
54.213.42.217,23806,6534,30340
54.213.55.201,13831,1233,15064
54.213.59.159,75873,42145,118018
54.213.66.69,497,373,870
54.214.0.231,1793,3788,5581
54.214.14.67,13029,4947,17976
54.214.235.13,4794,6380,11174
54.214.237.236,3820,1129,4949
54.214.49.75,121028,6852,127880
54.214.5.184,9263,3613,12876
54.215.14.109,1380,383,1763
54.215.146.104,902,6705,7607
54.215.146.207,856,1250,2106
54.215.150.43,0,440,440
54.215.154.141,0,0,0
54.215.155.4,264,559,823
54.215.202.131,267,574,841
54.215.203.117,3654,13567,17221
54.215.206.171,6469,3906,10375
54.215.226.3,30372,10070,40442
54.215.245.103,37947,9988,47935
54.215.4.49,0,384,384
54.216.136.188,329,1013,1342
54.217.231.45,7389,5153,12542
54.217.238.118,245220,324565,569785
54.217.242.188,320255,370715,690970
54.217.248.125,588,837,1425
54.218.63.67,19055,8820,27875
54.219.146.145,0,0,0
54.219.149.142,0,0,0
54.219.156.0,1524,3504,5028
54.219.158.16,2170,4780,6950
54.220.141.115,11277,2789,14066
54.221.195.144,15554,4708,20262
54.221.195.238,32557,1808,34365
54.221.198.139,56603,9816,66419
54.221.207.58,574,796,1370
54.221.209.230,102220,16809,119029
54.221.210.132,56616,13110,69726
54.221.213.157,5213821,2184793,7398614
54.221.218.39,0,0,0
54.221.221.64,332890,13016,345906
54.221.232.254,29804,30247,60051
54.221.244.8,18936,7198,26134
54.221.248.203,44705,28151,72856
54.221.248.25,132006,254259,386265
54.221.7.85,175164,16854,192018
54.222.5.22,2237703,3795,2241498
54.222.5.28,1306,184,1490
54.222.6.22,384148,1634,385782
54.223.132.204,42237,40964,83201
54.223.132.32,30409,7766,38175
54.223.132.45,319498,82397,401895
54.223.132.9,97650,54263,151913
54.223.132.93,66964,3582,70546
54.223.133.108,238943,54299,293242
54.223.134.194,0,0,0
54.223.135.78,206,333,539
54.223.137.222,253117,237507,490624
54.223.137.226,1224,152,1376
54.223.137.89,360958,383893,744851
54.223.139.205,108540,22120,130660
54.223.140.71,225955,211648,437603
54.223.142.168,38358,1047,39405
54.223.142.189,679,587,1266
54.223.145.36,41289,6294,47583
54.223.146.156,634,3277,3911
54.223.149.168,13800,448,14248
54.223.150.167,393,181,574
54.223.152.157,1199269,58267,1257536
54.223.154.144,834,3968,4802
54.223.155.25,155610,29867,185477
54.223.158.188,1561,7555,9116
54.223.160.144,50995,2256,53251
54.223.160.175,20100,187,20287
54.223.162.109,994,14431,15425
54.223.162.141,228,593,821
54.223.164.182,4431,189,4620
54.223.166.239,183514,1582,185096
54.223.167.102,23896,15679,39575
54.223.167.130,0,448,448
54.223.168.161,424966,423052,848018
54.223.169.124,1177,554,1731
54.223.170.142,899355,281198,1180553
54.223.170.48,14880,5076,19956
54.223.170.6,5084,905,5989
54.223.172.54,19632,22121,41753
54.223.182.207,1109080,277717,1386797
54.223.184.177,206,378,584
54.223.184.79,334,553,887
54.223.188.5,806,722,1528
54.224.101.4,551113,180857,731970
54.225.105.238,35683,25776,61459
54.225.108.203,287,404,691
54.225.128.114,6306,1686,7992
54.225.132.131,12547,3725,16272
54.225.133.32,4086,1097,5183
54.225.137.129,7093,10436,17529
54.225.137.151,994485,453607,1448092
54.225.137.191,2137954,1003176,3141130
54.225.138.58,7040,1434,8474
54.225.139.89,3627,1034,4661
54.225.143.217,6241,1980,8221
54.225.148.116,9021,22077,31098
54.225.150.200,153,2428,2581
54.225.152.165,12728,5079,17807
54.225.152.192,28312,5616,33928
54.225.155.186,6241,1884,8125
54.225.156.206,388,411,799
54.225.158.57,153,3085,3238
54.225.161.78,32948,17926,50874
54.225.162.139,4507,706,5213
54.225.166.71,12547,4418,16965
54.225.170.146,1056,6411,7467
54.225.170.247,25603,12910,38513
54.225.171.143,3855,884,4739
54.225.171.155,0,0,0
54.225.171.167,1317594,701546,2019140
54.225.173.40,37023,37426,74449
54.225.178.226,24391,2673,27064
54.225.179.217,153,2079,2232
54.225.181.194,4535,15966,20501
54.225.181.93,65919,13500,79419
54.225.183.232,19214,10125,29339
54.225.187.54,13501,3373,16874
54.225.188.187,204,3723,3927
54.225.190.94,297,607,904
54.225.192.106,605,670,1275
54.225.192.188,12547,3597,16144
54.225.197.131,16268,1039,17307
54.225.199.228,25669,11507,37176
54.225.199.96,662,1871,2533
54.225.203.116,4535,15966,20501
54.225.207.152,33303,2883,36186
54.225.208.85,38887,20755,59642
54.225.211.9,6668,3691,10359
54.225.212.20,110564,19330,129894
54.225.213.194,3276,344,3620
54.225.215.82,14148,2768,16916
54.225.217.11,71587,14685,86272
54.225.220.22,4210909,1561494,5772403
54.225.221.234,18881,7080,25961
54.225.223.255,430,1560,1990
54.225.230.171,4844,1506,6350
54.225.235.207,9277,3826,13103
54.225.237.87,1353478,623922,1977400
54.225.242.225,2112999,1075836,3188835
54.225.244.3,6241,1916,8157
54.225.254.180,255,3534,3789
54.225.255.140,3176,2521,5697
54.225.3.199,513885,134484,648369
54.225.50.193,90009,1161,91170
54.225.64.227,671511,10291,681802
54.225.65.165,56357,11474,67831
54.225.65.32,13216,2507,15723
54.225.70.103,0,0,0
54.225.71.190,4527997,1895128,6423125
54.225.85.29,12975,5320,18295
54.225.95.182,1491,7974,9465
54.226.39.83,908792,17468,926260
54.227.16.82,349095,11771,360866
54.227.238.49,27181,7243,34424
54.227.96.37,164820,25474,190294
54.227.97.89,205613,63261,268874
54.228.115.179,109,1194,1303
54.228.192.33,1470,2027,3497
54.228.195.12,4410,6378,10788
54.228.217.119,20124,2903,23027
54.228.242.175,116975,192715,309690
54.228.251.180,368496,480107,848603
54.229.1.204,4104,1694,5798
54.229.103.138,1830,879,2709
54.229.12.33,94083,49641,143724
54.229.132.10,13818,6541,20359
54.229.135.242,152913,94863,247776
54.229.135.25,1830,895,2725
54.229.141.47,6000,895,6895
54.229.141.51,0,0,0
54.229.148.143,3460,838,4298
54.229.199.161,58528,22587,81115
54.229.200.196,3660,2358,6018
54.229.211.45,103512,63188,166700
54.229.249.177,37346,18390,55736
54.229.29.249,67204,30891,98095
54.229.31.223,7599,128624,136223
54.229.35.162,63596,25349,88945
54.229.35.80,11771,4284,16055
54.229.4.118,104767,62277,167044
54.229.42.74,47889,23955,71844
54.229.44.206,4104,1694,5798
54.229.63.195,18367,2498,20865
54.229.7.160,48052,26326,74378
54.229.7.59,63023,33069,96092
54.229.71.38,63614,31134,94748
54.229.84.159,54360,25582,79942
54.230.0.127,0,0,0
54.230.0.137,456,409,865
54.230.0.26,0,0,0
54.230.1.134,456,416,872
54.230.100.130,456,415,871
54.230.100.176,456,425,881
54.230.100.44,456,413,869
54.230.100.96,456,432,888
54.230.101.17,456,416,872
54.230.101.183,456,410,866
54.230.101.91,456,418,874
54.230.102.168,0,1,1
54.230.102.89,456,412,868
54.230.103.98,456,385,841
54.230.108.19,456,415,871
54.230.108.45,82931,3662,86593
54.230.109.106,456,419,875
54.230.109.185,1430,196,1626
54.230.109.219,3984,790,4774
54.230.109.233,456,419,875
54.230.109.234,0,0,0
54.230.109.38,456,422,878
54.230.110.134,297979,2999,300978
54.230.110.148,456,417,873
54.230.110.154,23941,738,24679
54.230.110.179,456,417,873
54.230.110.237,456,538,994
54.230.110.77,5165,377,5542
54.230.110.92,0,0,0
54.230.111.194,0,0,0
54.230.111.215,0,0,0
54.230.111.216,0,0,0
54.230.111.97,456,400,856
54.230.116.118,620,56,676
54.230.116.143,456,405,861
54.230.116.169,456,519,975
54.230.116.194,0,0,0
54.230.116.209,456,403,859
54.230.116.219,1224,130,1354
54.230.116.58,3672,390,4062
54.230.117.155,0,0,0
54.230.117.161,456,415,871
54.230.117.195,0,0,0
54.230.117.26,0,0,0
54.230.117.69,0,0,0
54.230.118.122,180362,473,180835
54.230.118.148,456,432,888
54.230.118.185,456,400,856
54.230.118.253,456,422,878
54.230.118.98,456,422,878
54.230.119.156,456,465,921
54.230.119.71,456,409,865
54.230.119.76,0,0,0
54.230.119.96,456,385,841
54.230.12.14,456,413,869
54.230.12.192,0,0,0
54.230.12.20,456,418,874
54.230.12.39,456,412,868
54.230.12.44,0,0,0
54.230.12.54,0,575,575
54.230.12.55,0,0,0
54.230.12.77,456,419,875
54.230.12.78,456,724,1180
54.230.124.100,41392,8349,49741
54.230.124.107,0,1055,1055
54.230.124.121,5915,3039,8954
54.230.124.131,1935,2215,4150
54.230.124.132,24804,1624,26428
54.230.124.192,25209,1992,27201
54.230.124.240,2128,1309,3437
54.230.124.28,29070,788,29858
54.230.124.37,14535,403,14938
54.230.124.42,860,186,1046
54.230.124.61,19863,1388,21251
54.230.124.63,517593,10527,528120
54.230.124.69,20665,7448,28113
54.230.124.7,4528,1124,5652
54.230.124.8,234589,6326,240915
54.230.124.9,21553,2551,24104
54.230.124.96,3788,860,4648
54.230.124.99,13629,5681,19310
54.230.125.139,31704,894,32598
54.230.125.186,1038,471,1509
54.230.125.188,8262,729,8991
54.230.125.189,132970,27916,160886
54.230.125.196,652,1224,1876
54.230.125.198,7621411,22402,7643813
54.230.125.201,326,608,934
54.230.125.217,87032,27073,114105
54.230.125.23,14228,592,14820
54.230.125.236,55758,1183,56941
54.230.125.237,22502,3680,26182
54.230.125.243,38192,3285,41477
54.230.125.244,9452,403,9855
54.230.125.245,479,676,1155
54.230.125.246,95241,3150,98391
54.230.125.247,98607,2406,101013
54.230.125.249,19761,24204,43965
54.230.125.68,13485,5847,19332
54.230.125.7,2880,3094,5974
54.230.126.0,36262,3967,40229
54.230.126.1,3277,532,3809
54.230.126.100,13800,1026,14826
54.230.126.102,108550,6303,114853
54.230.126.104,25278,2737,28015
54.230.126.106,12014,93,12107
54.230.126.108,304317,6833,311150
54.230.126.133,806682,4209,810891
54.230.126.14,789978,40401,830379
54.230.126.144,84198,1183,85381
54.230.126.147,9283,941,10224
54.230.126.18,130677,19616,150293
54.230.126.194,8834,856,9690
54.230.126.196,125701,25509,151210
54.230.126.2,14820,849,15669
54.230.126.204,6929,861,7790
54.230.126.209,364022,802,364824
54.230.126.21,9576,1806,11382
54.230.126.214,48780,322,49102
54.230.126.216,134542,2404,136946
54.230.126.217,21565,3272,24837
54.230.126.218,481778,23366,505144
54.230.126.228,599832,10620,610452
54.230.126.230,1351,483,1834
54.230.126.232,13457,1836,15293
54.230.126.233,561402,28564,589966
54.230.126.24,5832,1548,7380
54.230.126.242,0,0,0
54.230.126.244,0,233,233
54.230.126.247,149520,16173,165693
54.230.126.248,0,0,0
54.230.126.254,5080,402,5482
54.230.126.27,65138,32498,97636
54.230.126.29,37399,3698,41097
54.230.126.35,452,487,939
54.230.126.37,184350,4729,189079
54.230.126.39,26430,1538,27968
54.230.126.41,4698,309,5007
54.230.126.44,22355,2481,24836
54.230.126.46,95353,8578,103931
54.230.126.50,8477,773,9250
54.230.126.58,38539,2075,40614
54.230.126.60,16770,2004,18774
54.230.126.67,13325,8595,21920
54.230.126.69,1305,2008,3313
54.230.126.70,15488,2069,17557
54.230.126.8,13046,782,13828
54.230.126.82,5461,318,5779
54.230.126.97,977391,36632,1014023
54.230.127.1,433294,18223,451517
54.230.127.11,1625788,31733,1657521
54.230.127.13,66830,7251,74081
54.230.127.131,27149,4596,31745
54.230.127.147,39612,2582,42194
54.230.127.16,248511,2803,251314
54.230.127.17,7111,3893,11004
54.230.127.19,481,394,875
54.230.127.22,15862,7479,23341
54.230.127.23,334,494,828
54.230.127.255,9670,2764,12434
54.230.127.28,55406,1634,57040
54.230.127.29,74747,2465,77212
54.230.127.35,20307,3025,23332
54.230.127.36,76774,2263,79037
54.230.127.37,614218,2005,616223
54.230.127.40,550216,2337,552553
54.230.127.44,63984,4540,68524
54.230.127.46,4781075,53489,4834564
54.230.127.52,1374,923,2297
54.230.127.53,175862,3793,179655
54.230.127.55,956,184,1140
54.230.127.56,137148,2337,139485
54.230.127.57,20807,1572,22379
54.230.127.61,23293,2390,25683
54.230.127.65,428957,185839,614796
54.230.127.74,41918,4582,46500
54.230.127.76,30610,12715,43325
54.230.127.79,429812,11371,441183
54.230.127.81,48446,22239,70685
54.230.127.82,9845,1575,11420
54.230.127.84,14874,4195,19069
54.230.127.85,30633,2443,33076
54.230.127.9,16600,1595,18195
54.230.128.116,456,479,935
54.230.128.18,456,371,827
54.230.128.187,456,408,864
54.230.129.144,456,480,936
54.230.129.159,456,406,862
54.230.129.196,456,433,889
54.230.129.227,456,419,875
54.230.129.43,456,386,842
54.230.130.114,456,411,867
54.230.130.153,456,452,908
54.230.130.186,456,409,865
54.230.131.101,456,413,869
54.230.131.106,456,434,890
54.230.131.110,456,406,862
54.230.131.230,456,386,842
54.230.132.112,456,402,858
54.230.132.214,0,0,0
54.230.132.216,456,404,860
54.230.133.148,456,419,875
54.230.133.243,456,418,874
54.230.133.84,456,436,892
54.230.134.14,456,413,869
54.230.134.153,0,0,0
54.230.134.229,456,401,857
54.230.134.62,0,0,0
54.230.135.107,456,496,952
54.230.135.120,0,0,0
54.230.135.195,0,0,0
54.230.137.249,2450,260,2710
54.230.138.101,456,414,870
54.230.138.134,12788,2140,14928
54.230.138.137,0,0,0
54.230.138.166,0,230,230
54.230.138.168,1225,260,1485
54.230.138.176,0,0,0
54.230.138.185,453,985,1438
54.230.138.19,113043,1986,115029
54.230.138.191,456,415,871
54.230.138.195,456,416,872
54.230.138.220,456,405,861
54.230.138.222,0,456,456
54.230.138.234,0,412,412
54.230.138.27,1225,130,1355
54.230.138.30,0,0,0
54.230.138.45,92060,1982,94042
54.230.138.58,0,0,0
54.230.138.84,456,453,909
54.230.139.218,1758,2058,3816
54.230.139.222,1757,2893,4650
54.230.139.252,1340740,31627,1372367
54.230.14.85,0,0,0
54.230.146.225,0,0,0
54.230.146.226,619,56,675
54.230.147.228,0,484,484
54.230.147.8,619,55,674
54.230.149.222,456,385,841
54.230.149.223,456,445,901
54.230.149.236,0,0,0
54.230.150.117,0,0,0
54.230.150.131,0,0,0
54.230.150.153,456,405,861
54.230.150.22,456,412,868
54.230.150.225,456,405,861
54.230.150.230,0,0,0
54.230.150.252,0,0,0
54.230.150.63,456,418,874
54.230.150.74,456,432,888
54.230.150.77,456,406,862
54.230.151.224,456,405,861
54.230.151.243,0,413,413
54.230.156.121,1899113,134237,2033350
54.230.156.144,278657,3192,281849
54.230.156.15,0,0,0
54.230.156.170,0,624,624
54.230.156.204,0,0,0
54.230.156.250,1394158,1821,1395979
54.230.157.157,456,658,1114
54.230.157.170,553513,75753,629266
54.230.157.215,456,872,1328
54.230.157.44,193439,1269,194708
54.230.157.45,587,4046,4633
54.230.157.69,456,385,841
54.230.157.76,26177,3272,29449
54.230.158.112,0,200,200
54.230.158.116,34600,2337,36937
54.230.158.150,668,917,1585
54.230.158.154,0,0,0
54.230.158.155,233751,27275,261026
54.230.158.161,0,860,860
54.230.158.170,148473,701,149174
54.230.158.182,1649,245,1894
54.230.158.184,1649,245,1894
54.230.158.186,32862,706,33568
54.230.158.187,33102,3270,36372
54.230.158.191,79014,489,79503
54.230.158.192,0,0,0
54.230.158.201,461821,30313,492134
54.230.158.214,4536,3124,7660
54.230.158.229,0,0,0
54.230.158.231,52822,5799,58621
54.230.158.236,304074,676,304750
54.230.158.240,456,422,878
54.230.158.247,1078165,49971,1128136
54.230.158.255,52235,2338,54573
54.230.158.41,45054,3356,48410
54.230.158.73,43921,560,44481
54.230.158.90,0,227,227
54.230.159.1,21200,3780,24980
54.230.159.11,4469,2081,6550
54.230.159.118,2686480,4969,2691449
54.230.159.124,11830,21461,33291
54.230.159.125,23918,18008,41926
54.230.159.130,13179,2224,15403
54.230.159.131,1488,333,1821
54.230.159.134,0,0,0
54.230.159.145,0,200,200
54.230.159.148,0,0,0
54.230.159.152,4540,1414,5954
54.230.159.154,1493,474,1967
54.230.159.155,6523,1014,7537
54.230.159.158,35991,62315,98306
54.230.159.20,59418,3528,62946
54.230.159.221,456,413,869
54.230.159.228,50316,8866,59182
54.230.159.240,2547151,30264,2577415
54.230.159.241,19136,2449,21585
54.230.159.247,53687,679,54366
54.230.159.249,7,661,668
54.230.159.31,17381,31441,48822
54.230.159.37,11138,25477,36615
54.230.159.41,5328,7379,12707
54.230.159.45,12781,11972,24753
54.230.159.47,15120,23743,38863
54.230.159.52,0,430,430
54.230.159.59,34889,29989,64878
54.230.159.60,14505,15890,30395
54.230.159.64,382259,3842,386101
54.230.159.9,1916516,66009,1982525
54.230.16.146,456,419,875
54.230.16.152,0,0,0
54.230.16.25,0,0,0
54.230.160.168,456,416,872
54.230.160.91,0,0,0
54.230.162.247,456,406,862
54.230.163.233,912,830,1742
54.230.163.235,456,412,868
54.230.163.41,0,425,425
54.230.17.123,456,405,861
54.230.17.203,456,413,869
54.230.17.24,0,0,0
54.230.17.62,456,421,877
54.230.173.143,0,0,0
54.230.173.151,456,418,874
54.230.173.184,0,0,0
54.230.173.245,0,0,0
54.230.174.11,456,431,887
54.230.174.115,0,0,0
54.230.174.117,456,409,865
54.230.174.128,456,381,837
54.230.174.129,456,429,885
54.230.174.136,0,0,0
54.230.174.19,456,502,958
54.230.174.210,456,396,852
54.230.174.229,456,416,872
54.230.174.27,456,402,858
54.230.174.28,456,418,874
54.230.174.62,456,419,875
54.230.174.65,456,431,887
54.230.174.67,456,401,857
54.230.174.70,456,418,874
54.230.174.78,456,501,957
54.230.174.94,456,393,849
54.230.175.191,456,422,878
54.230.175.47,456,411,867
54.230.175.48,456,405,861
54.230.175.51,456,407,863
54.230.18.102,456,425,881
54.230.18.127,0,0,0
54.230.18.217,0,0,0
54.230.18.22,456,413,869
54.230.18.224,456,406,862
54.230.18.248,456,421,877
54.230.18.48,456,415,871
54.230.180.141,456,420,876
54.230.180.179,0,0,0
54.230.180.202,456,403,859
54.230.181.191,0,0,0
54.230.181.213,456,411,867
54.230.181.221,456,402,858
54.230.181.97,456,423,879
54.230.181.98,456,391,847
54.230.182.206,0,0,0
54.230.182.217,0,0,0
54.230.183.112,456,414,870
54.230.183.244,0,0,0
54.230.183.90,456,401,857
54.230.184.163,0,0,0
54.230.185.145,456,432,888
54.230.185.81,456,496,952
54.230.186.186,0,0,0
54.230.186.198,456,413,869
54.230.186.203,456,431,887
54.230.186.21,456,414,870
54.230.186.58,0,0,0
54.230.186.59,456,415,871
54.230.187.115,456,403,859
54.230.187.202,456,390,846
54.230.189.161,456,453,909
54.230.19.102,456,417,873
54.230.19.117,456,410,866
54.230.19.124,456,476,932
54.230.19.195,0,0,0
54.230.19.61,456,386,842
54.230.19.94,0,0,0
54.230.190.115,912,799,1711
54.230.190.121,456,555,1011
54.230.190.128,456,418,874
54.230.190.133,912,867,1779
54.230.190.157,456,424,880
54.230.190.159,0,0,0
54.230.190.177,456,539,995
54.230.190.197,456,408,864
54.230.190.2,0,0,0
54.230.190.201,0,0,0
54.230.190.239,456,422,878
54.230.190.240,456,403,859
54.230.190.25,0,0,0
54.230.190.32,456,422,878
54.230.190.35,0,0,0
54.230.190.44,456,405,861
54.230.190.51,456,385,841
54.230.190.59,456,448,904
54.230.190.60,912,770,1682
54.230.190.62,456,383,839
54.230.190.64,456,451,907
54.230.190.68,456,415,871
54.230.190.70,0,0,0
54.230.191.181,456,419,875
54.230.192.116,0,0,0
54.230.192.122,41551,470,42021
54.230.192.47,456,476,932
54.230.193.252,912,805,1717
54.230.193.254,0,392,392
54.230.194.13,1366,538,1904
54.230.194.138,456,430,886
54.230.194.171,456,420,876
54.230.194.225,0,202,202
54.230.194.75,1877,505,2382
54.230.195.0,456,410,866
54.230.195.138,0,0,0
54.230.195.16,222762,4669,227431
54.230.195.167,15375,1368,16743
54.230.196.161,456,402,858
54.230.196.59,912,868,1780
54.230.197.232,456,434,890
54.230.197.3,456,411,867
54.230.198.230,0,0,0
54.230.198.70,456,419,875
54.230.199.103,456,406,862
54.230.199.178,0,0,0
54.230.2.172,456,411,867
54.230.2.56,456,418,874
54.230.200.107,456,431,887
54.230.200.181,456,434,890
54.230.200.253,0,0,0
54.230.200.69,456,399,855
54.230.201.124,0,0,0
54.230.201.132,456,414,870
54.230.201.137,456,423,879
54.230.201.239,456,419,875
54.230.201.24,0,410,410
54.230.202.136,0,0,0
54.230.202.171,0,406,406
54.230.202.209,456,419,875
54.230.202.51,456,419,875
54.230.203.2,456,426,882
54.230.203.98,0,0,0
54.230.204.123,0,0,0
54.230.204.227,456,419,875
54.230.204.38,456,591,1047
54.230.205.137,0,0,0
54.230.205.148,456,386,842
54.230.205.235,456,418,874
54.230.206.77,0,0,0
54.230.207.136,0,0,0
54.230.208.0,0,0,0
54.230.210.108,456,423,879
54.230.210.227,456,410,866
54.230.210.236,0,0,0
54.230.210.243,456,394,850
54.230.210.254,456,404,860
54.230.211.101,456,411,867
54.230.211.122,456,410,866
54.230.211.15,456,412,868
54.230.211.2,456,396,852
54.230.211.64,456,423,879
54.230.211.79,456,410,866
54.230.211.83,456,420,876
54.230.211.90,456,411,867
54.230.212.147,0,0,0
54.230.212.16,0,0,0
54.230.215.119,456,386,842
54.230.215.128,456,419,875
54.230.215.217,456,419,875
54.230.215.71,0,0,0
54.230.216.100,456,445,901
54.230.216.165,0,0,0
54.230.218.104,456,420,876
54.230.218.111,0,0,0
54.230.218.112,456,419,875
54.230.218.117,456,419,875
54.230.218.124,456,420,876
54.230.218.129,456,426,882
54.230.218.168,456,469,925
54.230.218.172,456,423,879
54.230.218.179,456,411,867
54.230.218.186,456,407,863
54.230.218.190,456,431,887
54.230.218.198,456,404,860
54.230.218.210,456,417,873
54.230.218.242,456,419,875
54.230.224.218,0,0,0
54.230.224.231,0,0,0
54.230.224.233,456,420,876
54.230.224.242,0,0,0
54.230.224.255,456,435,891
54.230.225.12,0,0,0
54.230.225.163,456,419,875
54.230.225.166,456,403,859
54.230.225.210,456,419,875
54.230.225.211,456,612,1068
54.230.225.229,456,415,871
54.230.225.31,456,418,874
54.230.225.36,456,449,905
54.230.225.39,0,0,0
54.230.225.40,0,0,0
54.230.225.62,456,522,978
54.230.225.64,0,0,0
54.230.225.8,0,0,0
54.230.226.155,0,0,0
54.230.227.185,0,0,0
54.230.228.57,0,0,0
54.230.230.104,456,412,868
54.230.230.116,456,386,842
54.230.230.118,0,0,0
54.230.230.127,0,0,0
54.230.230.131,0,0,0
54.230.230.140,456,419,875
54.230.230.33,456,419,875
54.230.230.45,456,411,867
54.230.230.46,0,0,0
54.230.230.54,0,0,0
54.230.230.55,456,419,875
54.230.230.61,0,0,0
54.230.230.75,456,382,838
54.230.230.77,456,440,896
54.230.230.81,0,0,0
54.230.230.85,0,0,0
54.230.230.98,456,517,973
54.230.232.10,971,624,1595
54.230.232.102,41853,1639,43492
54.230.232.112,6284,7679,13963
54.230.232.123,195474,6809,202283
54.230.232.125,5315,5179,10494
54.230.232.130,67975,9638,77613
54.230.232.134,0,0,0
54.230.232.139,295452,28216,323668
54.230.232.14,0,0,0
54.230.232.140,15156,2738,17894
54.230.232.145,456,443,899
54.230.232.146,103156,3327,106483
54.230.232.147,6913,904,7817
54.230.232.149,43702,14163,57865
54.230.232.155,9048,1250,10298
54.230.232.157,0,1446,1446
54.230.232.158,252128,5282,257410
54.230.232.160,3710439,54387,3764826
54.230.232.162,9723,1132,10855
54.230.232.165,146737,13484,160221
54.230.232.169,0,5500,5500
54.230.232.174,104212,18630,122842
54.230.232.177,172739,8810,181549
54.230.232.18,16791,782,17573
54.230.232.180,189291,4585,193876
54.230.232.183,793371,37777,831148
54.230.232.195,34041,26696,60737
54.230.232.202,477361,21315,498676
54.230.232.205,274482,19949,294431
54.230.232.21,1447,419,1866
54.230.232.215,20820,2085,22905
54.230.232.219,3686,386,4072
54.230.232.22,4514,6901,11415
54.230.232.228,27610,784,28394
54.230.232.234,1273791,65860,1339651
54.230.232.240,20688,544,21232
54.230.232.242,1830,2022,3852
54.230.232.244,0,0,0
54.230.232.250,297977,62724,360701
54.230.232.255,66228,12798,79026
54.230.232.26,9437,878,10315
54.230.232.28,172954,9823,182777
54.230.232.30,102601,8268,110869
54.230.232.34,176847,33389,210236
54.230.232.46,987,571,1558
54.230.232.48,66881,6310,73191
54.230.232.58,33900,5107,39007
54.230.232.61,6034,920,6954
54.230.232.62,9616,1654,11270
54.230.232.72,173978,2097,176075
54.230.232.74,0,0,0
54.230.232.75,0,0,0
54.230.232.89,456,433,889
54.230.232.9,3632,1108,4740
54.230.232.96,154,4003,4157
54.230.232.97,525712,40588,566300
54.230.233.10,456,495,951
54.230.233.101,973120,59671,1032791
54.230.233.110,0,0,0
54.230.233.113,2032,1886,3918
54.230.233.120,195110,16080,211190
54.230.233.126,228891,737,229628
54.230.233.127,731184,101940,833124
54.230.233.128,8474,3114,11588
54.230.233.13,18590,2021,20611
54.230.233.133,422536,4635,427171
54.230.233.135,489251,28592,517843
54.230.233.138,8508,779,9287
54.230.233.147,6918,516,7434
54.230.233.148,611471,15892,627363
54.230.233.150,122343,4569,126912
54.230.233.157,39031,5375,44406
54.230.233.160,1128781,44294,1173075
54.230.233.161,463016,19944,482960
54.230.233.165,135862,40025,175887
54.230.233.167,215935,27383,243318
54.230.233.17,33295,14927,48222
54.230.233.172,4200,3386,7586
54.230.233.173,2351,1626,3977
54.230.233.174,408689,113912,522601
54.230.233.176,2188692,41172,2229864
54.230.233.178,20538,2591,23129
54.230.233.185,54169,4795,58964
54.230.233.187,348687,13623,362310
54.230.233.193,79265,39073,118338
54.230.233.194,54965,10658,65623
54.230.233.196,19806,1179,20985
54.230.233.197,506050,13719,519769
54.230.233.198,244655,10647,255302
54.230.233.203,10117,1349,11466
54.230.233.204,57968,5278,63246
54.230.233.206,180372,13744,194116
54.230.233.207,414691,43330,458021
54.230.233.213,57221,1373,58594
54.230.233.215,93016,6941,99957
54.230.233.217,2726189,17452,2743641
54.230.233.220,1114005,7692,1121697
54.230.233.228,6472,1251,7723
54.230.233.229,333,479,812
54.230.233.23,85936,8126,94062
54.230.233.235,305947,3271,309218
54.230.233.240,192922,131227,324149
54.230.233.242,899432,36594,936026
54.230.233.244,20745,4685,25430
54.230.233.250,6206,1472,7678
54.230.233.29,67857,11014,78871
54.230.233.33,66906,6798,73704
54.230.233.35,416826,4519,421345
54.230.233.40,255101,30740,285841
54.230.233.41,34147,719,34866
54.230.233.44,28403,1170,29573
54.230.233.45,638100,10272,648372
54.230.233.46,189532,22055,211587
54.230.233.63,456,420,876
54.230.233.67,1206328,54527,1260855
54.230.233.69,882253,116101,998354
54.230.233.71,711,370,1081
54.230.233.74,15426,1368,16794
54.230.233.75,2590,966,3556
54.230.233.78,3990,442,4432
54.230.233.79,25585,3391,28976
54.230.233.8,731437,57604,789041
54.230.233.81,3686,656,4342
54.230.233.86,492519,21792,514311
54.230.233.89,38225,5006,43231
54.230.233.96,15935,1800,17735
54.230.233.97,175475,12868,188343
54.230.234.103,1405353,54157,1459510
54.230.234.125,223123,12378,235501
54.230.234.14,573100,39586,612686
54.230.234.150,309557,24538,334095
54.230.234.163,48062,8749,56811
54.230.234.17,0,193,193
54.230.234.170,78206,12775,90981
54.230.234.177,295054,2154,297208
54.230.234.180,193502,11484,204986
54.230.234.189,334,447,781
54.230.234.197,48847,6245,55092
54.230.234.208,211311,5955,217266
54.230.234.21,0,0,0
54.230.234.223,129535,19694,149229
54.230.234.225,224444,39528,263972
54.230.234.228,45131,3706,48837
54.230.234.247,181438,4761,186199
54.230.234.248,456,387,843
54.230.234.31,0,0,0
54.230.234.42,739100,26754,765854
54.230.234.43,3686,366,4052
54.230.234.51,0,56,56
54.230.234.58,2085,942,3027
54.230.234.61,2916524,35958,2952482
54.230.234.67,130177,6311,136488
54.230.234.72,220729,23218,243947
54.230.234.73,0,0,0
54.230.234.75,7111,4108,11219
54.230.234.78,114160,12496,126656
54.230.234.8,13867,5163,19030
54.230.234.88,14028,349,14377
54.230.234.90,11709,2464,14173
54.230.234.94,924553,15991,940544
54.230.234.97,14535,443,14978
54.230.235.100,144704,2736,147440
54.230.235.101,638630,13834,652464
54.230.235.106,270413,43540,313953
54.230.235.110,848080,30107,878187
54.230.235.112,214428,20724,235152
54.230.235.120,91770,7900,99670
54.230.235.129,150696,1959,152655
54.230.235.136,44466,842,45308
54.230.235.137,426906,62307,489213
54.230.235.138,4142,815,4957
54.230.235.155,207415,15214,222629
54.230.235.163,92581,23353,115934
54.230.235.167,2815320,53216,2868536
54.230.235.173,58308,4074,62382
54.230.235.174,147914,37780,185694
54.230.235.177,0,0,0
54.230.235.178,387837,32927,420764
54.230.235.182,11355,730,12085
54.230.235.188,139818,33288,173106
54.230.235.191,10959,1696,12655
54.230.235.196,64737,6050,70787
54.230.235.197,143625,11344,154969
54.230.235.198,372973,16263,389236
54.230.235.199,647270,52141,699411
54.230.235.21,74041,16686,90727
54.230.235.217,55970,423,56393
54.230.235.219,0,0,0
54.230.235.22,100863,4841,105704
54.230.235.221,13800,937,14737
54.230.235.222,4540,914,5454
54.230.235.226,211826,28281,240107
54.230.235.235,8202,1454,9656
54.230.235.239,0,220,220
54.230.235.244,338066,4253,342319
54.230.235.245,30046,15824,45870
54.230.235.254,17603,2667,20270
54.230.235.36,47676,4327,52003
54.230.235.48,73530,26680,100210
54.230.235.52,52025,14093,66118
54.230.235.54,5328,2091,7419
54.230.235.57,759570,46590,806160
54.230.235.58,7354,797,8151
54.230.235.62,2272,382,2654
54.230.235.84,52427,1126,53553
54.230.235.85,88586,5327,93913
54.230.235.94,2132,429,2561
54.230.236.3,210620,36923,247543
54.230.240.173,0,0,0
54.230.241.158,0,0,0
54.230.241.206,456,402,858
54.230.241.59,456,436,892
54.230.242.114,0,0,0
54.230.242.174,0,0,0
54.230.242.185,456,387,843
54.230.242.236,0,0,0
54.230.242.245,456,420,876
54.230.242.58,456,415,871
54.230.242.59,456,434,890
54.230.242.74,0,0,0
54.230.242.75,0,0,0
54.230.242.90,0,0,0
54.230.242.92,456,402,858
54.230.243.118,0,0,0
54.230.243.137,456,504,960
54.230.243.138,456,386,842
54.230.243.171,456,496,952
54.230.243.175,456,386,842
54.230.243.195,456,454,910
54.230.243.202,0,0,0
54.230.243.21,0,0,0
54.230.243.90,0,0,0
54.230.25.192,912,827,1739
54.230.25.203,456,418,874
54.230.25.204,0,0,0
54.230.251.136,0,0,0
54.230.251.143,0,0,0
54.230.251.249,456,403,859
54.230.252.115,456,404,860
54.230.252.122,0,0,0
54.230.252.31,456,436,892
54.230.252.63,456,419,875
54.230.253.140,456,408,864
54.230.253.149,456,399,855
54.230.253.15,456,420,876
54.230.253.162,456,386,842
54.230.253.171,456,419,875
54.230.253.177,456,418,874
54.230.253.180,0,0,0
54.230.253.182,456,419,875
54.230.253.184,0,0,0
54.230.253.195,456,481,937
54.230.253.197,456,417,873
54.230.253.211,456,387,843
54.230.253.223,456,386,842
54.230.253.227,456,569,1025
54.230.253.231,0,0,0
54.230.253.35,456,419,875
54.230.253.42,0,0,0
54.230.253.47,456,423,879
54.230.26.111,0,0,0
54.230.26.14,456,418,874
54.230.26.173,0,0,0
54.230.26.175,456,429,885
54.230.26.181,456,400,856
54.230.26.190,456,416,872
54.230.26.3,456,405,861
54.230.26.38,0,0,0
54.230.26.68,456,468,924
54.230.26.73,456,418,874
54.230.26.83,0,0,0
54.230.26.9,456,419,875
54.230.28.23,789,1552,2341
54.230.3.151,456,418,874
54.230.3.190,456,385,841
54.230.3.237,456,389,845
54.230.3.251,0,0,0
54.230.31.24,456,537,993
54.230.31.92,1600,3221,4821
54.230.33.245,0,0,0
54.230.33.247,0,0,0
54.230.33.48,0,0,0
54.230.33.50,456,418,874
54.230.34.175,0,418,418
54.230.34.177,0,0,0
54.230.34.191,456,418,874
54.230.34.37,456,418,874
54.230.35.22,456,515,971
54.230.35.242,456,418,874
54.230.35.53,456,407,863
54.230.35.83,456,448,904
54.230.37.130,0,0,0
54.230.37.39,456,422,878
54.230.37.86,456,418,874
54.230.38.105,912,819,1731
54.230.38.109,456,428,884
54.230.38.154,456,401,857
54.230.38.157,456,559,1015
54.230.38.177,0,0,0
54.230.38.24,456,410,866
54.230.38.245,456,385,841
54.230.38.26,456,385,841
54.230.38.79,456,408,864
54.230.39.17,456,418,874
54.230.39.239,0,0,0
54.230.4.193,456,385,841
54.230.4.197,456,664,1120
54.230.4.215,456,405,861
54.230.44.187,0,0,0
54.230.45.12,456,453,909
54.230.45.170,456,432,888
54.230.45.2,456,415,871
54.230.46.100,456,417,873
54.230.46.106,0,0,0
54.230.46.51,456,418,874
54.230.46.96,456,422,878
54.230.47.199,456,416,872
54.230.47.201,456,435,891
54.230.5.101,0,0,0
54.230.5.106,0,0,0
54.230.5.18,0,0,0
54.230.5.208,456,453,909
54.230.5.228,456,418,874
54.230.5.33,456,411,867
54.230.5.42,456,411,867
54.230.5.55,456,419,875
54.230.52.108,456,402,858
54.230.52.181,456,514,970
54.230.52.236,0,0,0
54.230.52.80,0,0,0
54.230.52.82,0,0,0
54.230.52.94,0,0,0
54.230.53.0,456,385,841
54.230.53.86,456,405,861
54.230.55.244,456,412,868
54.230.58.194,0,0,0
54.230.58.201,0,0,0
54.230.58.48,0,0,0
54.230.58.88,0,0,0
54.230.58.96,0,0,0
54.230.58.97,0,0,0
54.230.59.135,456,385,841
54.230.59.244,456,546,1002
54.230.59.252,0,0,0
54.230.6.2,0,0,0
54.230.60.162,0,0,0
54.230.61.118,456,426,882
54.230.61.173,456,401,857
54.230.61.209,456,418,874
54.230.61.96,456,420,876
54.230.62.111,456,406,862
54.230.62.122,456,420,876
54.230.62.14,456,419,875
54.230.62.164,456,419,875
54.230.62.178,456,420,876
54.230.62.202,456,419,875
54.230.62.234,456,420,876
54.230.63.181,456,410,866
54.230.63.187,456,386,842
54.230.63.191,456,417,873
54.230.63.212,456,421,877
54.230.68.106,0,0,0
54.230.68.172,0,0,0
54.230.68.195,0,0,0
54.230.68.207,456,403,859
54.230.68.210,456,403,859
54.230.68.24,456,419,875
54.230.69.133,456,412,868
54.230.69.164,456,422,878
54.230.69.206,456,543,999
54.230.69.24,0,0,0
54.230.7.12,0,0,0
54.230.70.16,456,386,842
54.230.70.178,456,423,879
54.230.70.20,0,0,0
54.230.71.167,456,454,910
54.230.71.199,456,413,869
54.230.71.85,0,0,0
54.230.72.25,456,394,850
54.230.73.222,456,437,893
54.230.73.235,456,413,869
54.230.74.209,0,0,0
54.230.75.235,456,401,857
54.230.76.133,456,417,873
54.230.76.143,0,0,0
54.230.76.181,0,0,0
54.230.76.188,912,866,1778
54.230.76.200,456,405,861
54.230.78.128,0,0,0
54.230.78.183,456,422,878
54.230.78.249,456,428,884
54.230.78.255,456,449,905
54.230.79.103,456,409,865
54.230.79.213,456,413,869
54.230.79.29,0,0,0
54.230.79.89,0,0,0
54.230.80.250,0,0,0
54.230.81.89,456,419,875
54.230.82.12,456,411,867
54.230.82.131,0,0,0
54.230.85.192,456,389,845
54.230.87.100,2450,260,2710
54.230.87.104,456,402,858
54.230.87.107,456,422,878
54.230.87.109,2450,260,2710
54.230.87.114,0,0,0
54.230.87.134,12822,262,13084
54.230.87.143,456,423,879
54.230.87.144,275604,533,276137
54.230.87.151,0,0,0
54.230.87.154,27173,5192,32365
54.230.87.157,456,418,874
54.230.87.160,456,419,875
54.230.87.161,60327,896,61223
54.230.87.175,182066,528,182594
54.230.87.214,620,56,676
54.230.87.43,0,0,0
54.230.87.60,27173,6395,33568
54.230.87.73,456,410,866
54.230.87.81,456,406,862
54.230.87.88,40246,262,40508
54.230.87.93,0,0,0
54.230.87.94,0,0,0
54.230.88.160,456,420,876
54.230.88.182,456,385,841
54.230.90.138,456,417,873
54.230.90.143,0,0,0
54.230.90.148,456,443,899
54.230.91.187,0,0,0
54.230.91.191,456,413,869
54.230.91.193,456,408,864
54.230.91.62,456,385,841
54.230.91.8,0,0,0
54.230.92.192,456,523,979
54.230.92.239,0,0,0
54.230.92.32,456,392,848
54.230.92.46,456,433,889
54.230.94.126,456,419,875
54.230.94.182,456,419,875
54.230.94.240,456,419,875
54.230.94.67,456,404,860
54.230.97.243,456,432,888
54.230.98.116,912,837,1749
54.230.98.136,456,418,874
54.230.98.137,456,418,874
54.230.98.139,0,0,0
54.230.98.14,456,410,866
54.230.98.140,456,409,865
54.230.98.186,456,410,866
54.230.98.192,456,407,863
54.230.98.214,456,436,892
54.230.98.51,456,468,924
54.230.98.60,456,419,875
54.230.99.108,456,398,854
54.230.99.16,456,385,841
54.230.99.218,456,416,872
54.230.99.250,0,0,0
54.230.99.26,456,398,854
54.230.99.69,456,401,857
54.230.99.95,456,416,872
54.231.0.117,4998,850,5848
54.231.0.118,1286,429,1715
54.231.0.150,18830,1121,19951
54.231.0.37,4998,850,5848
54.231.0.45,489,182,671
54.231.1.142,7215,861,8076
54.231.1.22,9815,672,10487
54.231.1.229,4998,850,5848
54.231.1.237,62335,832,63167
54.231.1.78,195212,2276,197488
54.231.10.165,0,0,0
54.231.10.206,98268,1750,100018
54.231.10.237,10028,1676,11704
54.231.10.253,1307,446,1753
54.231.10.5,48289,1066,49355
54.231.11.13,14747,780,15527
54.231.11.37,4998,850,5848
54.231.12.174,0,0,0
54.231.12.181,134112,328,134440
54.231.12.21,4998,850,5848
54.231.12.245,0,0,0
54.231.12.85,0,0,0
54.231.128.133,5018,865,5883
54.231.128.189,14062,433,14495
54.231.129.45,10377,372785,383162
54.231.13.118,0,202,202
54.231.13.13,4588,337,4925
54.231.13.181,501,182,683
54.231.13.182,98471,2297,100768
54.231.13.197,29442,2089,31531
54.231.13.206,0,861,861
54.231.13.230,39029,837,39866
54.231.13.237,14363,885,15248
54.231.13.30,14143,2640,16783
54.231.13.62,103196,3025,106221
54.231.13.77,5014,850,5864
54.231.13.81,804,388,1192
54.231.130.142,503,142,645
54.231.130.230,503,142,645
54.231.132.127,1006,284,1290
54.231.132.182,5005,821,5826
54.231.132.55,4986,191535,196521
54.231.132.79,503,142,645
54.231.133.214,503,142,645
54.231.133.238,833,870,1703
54.231.133.38,503,142,645
54.231.136.7,435286,433,435719
54.231.136.71,5555,17583,23138
54.231.14.102,4606,1013,5619
54.231.14.118,54517,3944,58461
54.231.14.134,86503,1663,88166
54.231.14.142,7231,818,8049
54.231.14.213,1307,380,1687
54.231.14.214,12415,353,12768
54.231.14.54,2424,2297,4721
54.231.14.69,0,0,0
54.231.140.23,503,142,645
54.231.140.71,503,142,645
54.231.141.14,503,142,645
54.231.141.198,503,142,645
54.231.141.206,2825,433,3258
54.231.141.230,503,142,645
54.231.141.246,761,729,1490
54.231.141.46,5018,865,5883
54.231.15.13,1360,710,2070
54.231.16.134,49686,1670,51356
54.231.16.190,10571,997,11568
54.231.16.206,8212,401,8613
54.231.16.45,5014,850,5864
54.231.16.89,43000,403,43403
54.231.160.103,4549,350,4899
54.231.160.119,1735,1070,2805
54.231.160.136,0,0,0
54.231.160.149,7834,1704,9538
54.231.160.165,15246,2564,17810
54.231.160.173,15246,2564,17810
54.231.160.23,4624,763047,767671
54.231.160.5,28157,3070,31227
54.231.160.53,15246,2564,17810
54.231.160.64,350,483,833
54.231.160.77,43403,4952,48355
54.231.160.95,4986,191119,196105
54.231.161.119,380518,2124,382642
54.231.161.127,5439,13131,18570
54.231.161.167,0,1707,1707
54.231.161.183,7658,5342,13000
54.231.161.32,0,0,0
54.231.161.39,5439,444855,450294
54.231.161.5,15246,2564,17810
54.231.161.64,16311,5669,21980
54.231.161.79,42591,1046,43637
54.231.161.95,4677,1026887,1031564
54.231.162.103,4986,2468,7454
54.231.162.109,9386,750,10136
54.231.162.135,5349,1046,6395
54.231.162.183,5439,18723,24162
54.231.162.184,51381,399,51780
54.231.162.23,16886,21636,38522
54.231.162.45,23902,3071,26973
54.231.162.47,190259,1046,191305
54.231.162.5,15246,2564,17810
54.231.162.63,3503,10442,13945
54.231.162.87,27149,85373,112522
54.231.162.93,29671,2649,32320
54.231.163.53,10100,860,10960
54.231.164.173,26499,2292,28791
54.231.165.29,15161,2564,17725
54.231.168.105,34364,3024,37388
54.231.168.133,10553,2189,12742
54.231.168.135,64689,1046,65735
54.231.168.137,23464,2775,26239
54.231.168.149,15246,2596,17842
54.231.168.153,16387,2468,18855
54.231.168.157,24659,2294,26953
54.231.168.159,10116,98926,109042
54.231.168.19,16387,2468,18855
54.231.168.22,5439,7511,12950
54.231.168.26,132693,248024,380717
54.231.168.27,15246,2564,17810
54.231.168.30,20006,11194,31200
54.231.168.38,9226,3735364,3744590
54.231.168.42,31366,914278,945644
54.231.168.46,195698,123333,319031
54.231.168.50,194936,1463,196399
54.231.168.63,505799,6681,512480
54.231.17.129,804,475,1279
54.231.17.134,14,240,254
54.231.17.141,1307,444,1751
54.231.17.142,9999,720,10719
54.231.17.149,60557,10822,71379
54.231.17.165,2720,850,3570
54.231.17.190,102799,1670,104469
54.231.17.198,6379,1013,7392
54.231.17.213,31708,3548,35256
54.231.17.214,92270,2565,94835
54.231.17.245,4588,850,5438
54.231.17.37,8685,8266,16951
54.231.17.38,88183,1668,89851
54.231.17.5,14264,1647,15911
54.231.17.93,8976,966,9942
54.231.176.103,9972,493079,503051
54.231.176.109,10132,2564,12696
54.231.176.11,34364,3024,37388
54.231.176.125,16387,2468,18855
54.231.176.127,5439,843671,849110
54.231.176.143,53589,1134470,1188059
54.231.176.15,16387,2468,18855
54.231.176.151,4624,1046,5670
54.231.176.159,5439,108271,113710
54.231.176.23,23238,1886,25124
54.231.176.26,30151,679223,709374
54.231.176.30,9354,292798,302152
54.231.176.34,43458,59928,103386
54.231.176.38,5439,36111,41550
54.231.176.51,16621,804,17425
54.231.176.6,40446,592,41038
54.231.18.157,5014,850,5864
54.231.18.185,804,475,1279
54.231.18.198,31963,2297,34260
54.231.18.213,10598,1790,12388
54.231.18.46,7231,818,8049
54.231.18.5,4221,405,4626
54.231.18.53,49979,2524,52503
54.231.18.70,90807,1013,91820
54.231.184.10,4986,1352,6338
54.231.184.127,3665934,2370,3668304
54.231.184.137,15246,2564,17810
54.231.184.15,14745,2468,17213
54.231.184.153,30492,5128,35620
54.231.184.156,0,0,0
54.231.184.159,58615,59631,118246
54.231.184.27,15246,2564,17810
54.231.184.30,4986,817673,822659
54.231.184.38,170583,1046,171629
54.231.184.39,15246,2596,17842
54.231.184.42,16229,39486,55715
54.231.184.7,26207,3070,29277
54.231.184.78,15246,1929,17175
54.231.19.109,0,122,122
54.231.19.160,1307,371,1678
54.231.19.208,5014,822,5836
54.231.19.61,5254,761,6015
54.231.19.85,10571,997,11568
54.231.2.117,13923,1104,15027
54.231.2.150,10579,902,11481
54.231.2.161,1608,595,2203
54.231.2.166,12121,122,12243
54.231.2.214,1708,122,1830
54.231.2.225,804,388,1192
54.231.2.6,94724,1217,95941
54.231.2.69,35907,501,36408
54.231.2.81,51709,3946,55655
54.231.226.7,14136,2083,16219
54.231.228.10,18813,2388,21201
54.231.229.18,18708,1628,20336
54.231.229.26,18813,2357,21170
54.231.230.26,9354,814,10168
54.231.242.135,14798,786,15584
54.231.32.133,5707,754,6461
54.231.32.141,4998,806,5804
54.231.32.157,5707,754,6461
54.231.32.181,5707,754,6461
54.231.32.205,12411,837,13248
54.231.32.221,4588,850,5438
54.231.32.238,112586,837,113423
54.231.33.5,4998,838,5836
54.231.33.69,489,182,671
54.231.33.85,4998,850,5848
54.231.33.93,14347,821,15168
54.231.34.109,1295,417,1712
54.231.34.14,74449,686,75135
54.231.34.77,5707,754,6461
54.231.34.97,780,475,1255
54.231.64.133,4998,850,5848
54.231.64.197,386,365,751
54.231.64.238,27645,2144,29789
54.231.64.246,8200,372,8572
54.231.64.254,98407,2297,100704
54.231.65.46,105153,215,105368
54.231.66.102,353389,3476,356865
54.231.66.113,780,474,1254
54.231.66.45,434747,623,435370
54.231.66.93,4998,850,5848
54.231.66.94,44206,2297,46503
54.231.8.102,0,0,0
54.231.8.109,39258,726,39984
54.231.8.117,6267,696,6963
54.231.8.133,4998,822,5820
54.231.8.150,5623,688,6311
54.231.8.166,96695,1552,98247
54.231.8.29,53783,3117,56900
54.231.8.41,330,281,611
54.231.8.6,17269,890,18159
54.231.8.78,163241,1189,164430
54.231.8.94,73036,2297,75333
54.231.80.56,7579,821,8400
54.231.9.101,5014,850,5864
54.231.9.129,152564,3751,156315
54.231.9.174,8212,413,8625
54.231.9.189,5723,754,6477
54.231.9.78,440229,837,441066
54.231.9.81,804,475,1279
54.231.96.110,243626,1189,244815
54.231.96.117,5707,754,6461
54.231.96.141,4998,850,5848
54.231.96.165,4641,365,5006
54.231.96.166,25018,2563,27581
54.231.96.174,6687,797,7484
54.231.96.245,4998,850,5848
54.231.96.254,220771,2552,223323
54.231.97.5,0,0,0
54.231.97.93,804,475,1279
54.234.172.196,271993,218346,490339
54.234.75.138,298668,51726,350394
54.234.84.235,1300978,50793,1351771
54.235.100.173,10510,311,10821
54.235.102.23,5999,1667,7666
54.235.104.107,16302,24653,40955
54.235.105.185,12547,3666,16213
54.235.105.72,4086,1097,5183
54.235.115.177,258838,20275,279113
54.235.128.58,1875714,796709,2672423
54.235.131.126,2166249,960743,3126992
54.235.136.71,7002,5775,12777
54.235.137.76,6009,2863,8872
54.235.138.226,4579,1441,6020
54.235.138.52,12728,4866,17594
54.235.141.17,18853,6504,25357
54.235.141.35,12547,3586,16133
54.235.141.98,6744,901,7645
54.235.151.176,51,1406,1457
54.235.162.141,7048,1022,8070
54.235.166.159,5526,6304,11830
54.235.169.65,51,407,458
54.235.174.215,2034760,739166,2773926
54.235.185.134,3475694,1329046,4804740
54.235.187.82,6519,17526,24045
54.235.191.106,6557,2629,9186
54.235.191.114,3692410,1567378,5259788
54.235.193.201,2920040,1363783,4283823
54.235.196.56,9905,2962,12867
54.235.197.3,102,2876,2978
54.235.217.166,6089114,2269424,8358538
54.235.223.187,18918,5363,24281
54.235.247.109,21920,4501,26421
54.235.253.237,3605516,1384045,4989561
54.235.253.31,3306945,1355965,4662910
54.235.254.3,6241,1852,8093
54.235.31.108,343,4595,4938
54.235.57.6,107183,2398,109581
54.235.65.244,6241,1884,8125
54.235.66.41,1652,906,2558
54.235.69.88,7074,1402,8476
54.235.74.85,2339,3119,5458
54.235.75.248,77990,14683,92673
54.235.76.31,3701,615,4316
54.235.79.207,24774,9242,34016
54.235.83.49,12166,1884,14050
54.235.85.223,213,672,885
54.235.86.242,72567,14036,86603
54.235.88.175,153,1384,1537
54.235.88.198,959,359,1318
54.235.89.117,3775,636,4411
54.235.92.43,7034,747,7781
54.235.98.52,3878,1061,4939
54.235.99.251,19214,9437,28651
54.236.135.111,3923,5639,9562
54.236.152.1,236,4012,4248
54.236.177.17,0,377,377
54.236.179.224,685042,873153,1558195
54.236.183.214,1173,2123,3296
54.236.195.142,532371,584519,1116890
54.236.2.210,1862,1710,3572
54.236.66.167,27069,1534,28603
54.236.83.76,520,547,1067
54.236.84.116,1681,264,1945
54.236.86.187,20228,21818,42046
54.236.91.162,1420,251,1671
54.236.93.230,680,1075,1755
54.236.97.242,9635,3077,12712
54.237.100.78,295711,25829,321540
54.237.114.18,0,1436,1436
54.237.124.188,162469,3935,166404
54.237.125.208,383335,85219,468554
54.237.163.82,1220510,124039,1344549
54.237.170.28,800752,31471,832223
54.237.21.2,171,298,469
54.237.213.68,361448,40795,402243
54.237.66.221,235508,8991,244499
54.237.67.161,636,2416,3052
54.237.80.101,310922,25693,336615
54.237.85.57,637279,28392,665671
54.237.89.30,92580,78858,171438
54.237.97.116,100913,16130,117043
54.238.150.152,372112,8691,380803
54.238.152.91,301,509,810
54.238.174.79,702,744,1446
54.238.217.117,91170,64332,155502
54.238.235.118,1948,3832,5780
54.238.242.70,3711,3482,7193
54.238.246.224,70140,35280,105420
54.238.59.166,3716,1247,4963
54.239.130.13,456,414,870
54.239.130.149,456,412,868
54.239.130.170,456,386,842
54.239.130.31,456,391,847
54.239.130.82,456,382,838
54.239.130.93,456,419,875
54.239.132.178,456,411,867
54.239.132.238,0,0,0
54.239.132.254,0,0,0
54.239.132.31,912,910,1822
54.239.132.34,456,436,892
54.239.133.0,89595,2748,92343
54.239.142.185,456,417,873
54.239.142.19,456,427,883
54.239.142.71,456,379,835
54.239.152.183,245894,1656,247550
54.239.152.235,479,408,887
54.239.16.65,237007,1002929,1239936
54.239.164.127,912,854,1766
54.239.164.146,0,0,0
54.239.164.15,456,413,869
54.239.164.236,456,419,875
54.239.164.253,456,419,875
54.239.164.67,456,420,876
54.239.168.134,0,0,0
54.239.168.170,456,419,875
54.239.172.128,456,388,844
54.239.172.134,456,387,843
54.239.172.198,0,0,0
54.239.172.199,456,426,882
54.239.176.10,456,404,860
54.239.176.212,456,412,868
54.239.176.66,456,386,842
54.239.18.139,330712,1449327,1780039
54.239.18.54,200896,189656,390552
54.239.180.14,0,0,0
54.239.186.112,456,420,876
54.239.186.120,0,0,0
54.239.186.22,456,399,855
54.239.186.243,456,413,869
54.239.186.50,456,423,879
54.239.19.165,4896,1669,6565
54.239.194.10,0,1536,1536
54.239.194.104,192374,795,193169
54.239.194.105,24687,1384,26071
54.239.194.113,0,245,245
54.239.194.119,1305,2012,3317
54.239.194.125,0,220,220
54.239.194.135,21701,2602,24303
54.239.194.147,456,420,876
54.239.194.154,42437,785,43222
54.239.194.159,4982,6146,11128
54.239.194.16,363699,29977,393676
54.239.194.166,65640,6260,71900
54.239.194.172,88070,384,88454
54.239.194.174,48260,30038,78298
54.239.194.175,0,0,0
54.239.194.176,177499,81345,258844
54.239.194.185,1155774,112636,1268410
54.239.194.188,503780,56551,560331
54.239.194.192,0,7440,7440
54.239.194.200,34358,3864,38222
54.239.194.206,14343,443,14786
54.239.194.212,151017,15201,166218
54.239.194.213,9956,742,10698
54.239.194.216,114041,8872,122913
54.239.194.219,10501,1281,11782
54.239.194.236,94871,5138,100009
54.239.194.247,9950,1860,11810
54.239.194.28,465788,18543,484331
54.239.194.33,46009,3221,49230
54.239.194.52,26008,2582,28590
54.239.194.61,86012,63664,149676
54.239.194.70,39031,1480,40511
54.239.194.80,6438,1257,7695
54.239.194.84,352264,6513,358777
54.239.194.85,27307,1320,28627
54.239.194.9,20700,1296,21996
54.239.194.97,1119536,162592,1282128
54.239.194.99,78943,5801,84744
54.239.200.68,456,386,842
54.239.200.73,912,823,1735
54.239.219.11,456,413,869
54.239.219.127,0,0,0
54.239.219.146,456,414,870
54.239.219.164,456,410,866
54.239.219.191,456,414,870
54.239.219.204,456,409,865
54.239.219.35,456,488,944
54.239.219.94,0,0,0
54.239.220.157,0,0,0
54.239.220.163,0,0,0
54.239.220.168,456,419,875
54.239.220.189,456,433,889
54.239.220.192,0,0,0
54.239.220.221,456,420,876
54.239.220.61,456,471,927
54.239.221.135,0,0,0
54.239.221.157,456,454,910
54.239.221.184,456,410,866
54.239.221.193,456,471,927
54.239.221.36,456,411,867
54.239.221.46,456,394,850
54.239.221.68,0,0,0
54.239.32.143,1020643,289137,1309780
54.239.34.173,135896,308588,444484
54.239.34.177,1788317,411789,2200106
54.239.36.160,48427,892,49319
54.239.36.70,1335,169,1504
54.240.129.110,456,427,883
54.240.129.129,456,420,876
54.240.129.13,456,403,859
54.240.129.39,456,610,1066
54.240.129.48,0,0,0
54.240.129.58,456,419,875
54.240.129.72,456,436,892
54.240.129.9,0,0,0
54.240.129.90,456,419,875
54.240.129.95,0,1,1
54.240.130.109,0,0,0
54.240.130.115,456,386,842
54.240.130.122,456,413,869
54.240.130.34,456,413,869
54.240.130.42,456,392,848
54.240.130.45,456,423,879
54.240.130.70,456,419,875
54.240.130.95,0,0,0
54.240.130.97,0,0,0
54.240.130.98,0,0,0
54.240.131.119,456,426,882
54.240.131.121,456,386,842
54.240.131.86,456,402,858
54.240.131.91,456,419,875
54.240.160.53,456,406,862
54.240.166.16,456,445,901
54.240.166.200,456,419,875
54.240.166.233,0,0,0
54.240.166.53,912,908,1820
54.240.168.59,346379,68011,414390
54.240.172.130,0,0,0
54.240.172.226,0,0,0
54.240.172.88,456,567,1023
54.240.176.13,456,505,961
54.240.176.9,456,418,874
54.240.184.105,0,0,0
54.240.184.135,456,556,1012
54.240.184.165,456,402,858
54.240.184.207,0,0,0
54.240.184.255,0,0,0
54.240.184.58,456,421,877
54.240.184.73,456,414,870
54.240.186.102,0,0,0
54.240.186.249,456,417,873
54.240.186.51,456,412,868
54.240.188.10,0,0,0
54.240.188.117,456,423,879
54.240.188.217,456,402,858
54.240.226.109,10425,169751,180176
54.240.226.111,14649,4042315,4056964
54.240.226.113,4986,1735913,1740899
54.240.226.115,10878,282702,293580
54.240.226.117,4986,151299,156285
54.240.226.119,15864,392846,408710
54.240.226.121,5439,48827,54266
54.240.226.167,20088,858772,878860
54.240.226.169,14958,6001146,6016104
54.240.226.17,1177942,229157,1407099
54.240.226.171,5439,223343,228782
54.240.226.173,10425,234882,245307
54.240.226.177,15049,1178414,1193463
54.240.226.179,224719,1792941,2017660
54.240.226.45,10425,435654,446079
54.240.226.49,5439,116870,122309
54.240.226.5,53686,1381018,1434704
54.240.226.51,36711,12368512,12405223
54.240.226.53,26598,4403012,4429610
54.240.226.55,14649,635829,650478
54.240.226.57,4986,1352,6338
54.240.226.59,29751,11875873,11905624
54.240.226.81,779229,174713,953942
54.240.227.141,5439,18689,24128
54.240.227.147,14958,95182,110140
54.240.227.149,10425,6218927,6229352
54.240.227.151,31044,3815745,3846789
54.240.227.155,9663,5033966,5043629
54.240.227.25,14958,2245568,2260526
54.240.227.5,25287,3819019,3844306
54.240.227.77,5439,186671,192110
54.240.227.79,10878,6748128,6759006
54.240.227.81,4986,271527,276513
54.240.227.87,5439,205947,211386
54.240.227.89,10878,88654,99532
54.240.227.91,4677,76731,81408
54.240.248.212,433,1203,1636
54.240.248.251,187656,163775,351431
54.240.248.46,3699,7709,11408
54.240.248.5,454305,62024,516329
54.240.248.57,18633,8447,27080
54.240.248.58,54708,179101,233809
54.240.250.210,1083,2687,3770
54.240.250.244,112096,87826,199922
54.240.250.5,769755,176574,946329
54.240.250.50,52923,109113,162036
54.240.250.54,288,50,338
54.240.252.174,1152,200,1352
54.240.252.201,866,2060,2926
54.240.252.5,1353417,346960,1700377
54.240.252.52,4578,0,4578
54.240.252.53,82195,193138,275333
54.241.13.12,13118,1915,15033
54.241.134.116,3963,6949,10912
54.241.137.80,1243175,359216,1602391
54.241.145.66,1524,3508,5032
54.241.146.102,0,0,0
54.241.147.214,1054,2754,3808
54.241.147.244,3545,3960,7505
54.241.149.126,1314490,372070,1686560
54.241.149.217,0,185,185
54.241.152.131,5441,463,5904
54.241.160.145,491,330,821
54.241.242.87,232,372,604
54.241.249.195,2968,11935,14903
54.241.251.15,988,2382,3370
54.241.32.12,7163,1555,8718
54.241.32.26,7163,1555,8718
54.241.32.6,3864,190,4054
54.241.32.8,7931,3490,11421
54.241.32.9,0,190,190
54.242.171.104,285503,8455,293958
54.243.100.83,7506,10384,17890
54.243.103.97,5838,1384,7222
54.243.104.253,7090,1432,8522
54.243.105.13,113040,3104,116144
54.243.106.246,6698,851,7549
54.243.109.177,51,415,466
54.243.111.199,4104331,1729307,5833638
54.243.112.77,7018,842,7860
54.243.113.229,1699927,810733,2510660
54.243.114.114,38540,20004,58544
54.243.120.190,2624814,1255052,3879866
54.243.120.46,4096,182,4278
54.243.127.128,4860,1470,6330
54.243.133.114,109428,7809,117237
54.243.135.59,93691,982,94673
54.243.141.94,2114344,916788,3031132
54.243.144.118,19042,13232,32274
54.243.146.103,222,4156,4378
54.243.146.133,0,1110,1110
54.243.149.95,14148,2768,16916
54.243.150.112,6306,1526,7832
54.243.152.146,3952,746,4698
54.243.154.26,409095,175148,584243
54.243.156.84,639,2144,2783
54.243.160.182,29063,6016,35079
54.243.162.15,281,225,506
54.243.162.236,3969606,59564,4029170
54.243.164.55,31740,34217,65957
54.243.165.186,7074,1402,8476
54.243.168.233,13132,11721,24853
54.243.168.82,672541,423971,1096512
54.243.169.199,18936,1091,20027
54.243.171.142,1693,385,2078
54.243.171.163,13059,1929,14988
54.243.172.113,12865,888,13753
54.243.174.0,13334,10480,23814
54.243.174.2,1399161,32694,1431855
54.243.176.106,604,934,1538
54.243.176.214,2489611,972662,3462273
54.243.184.99,2780436,1205352,3985788
54.243.200.64,502244,272747,774991
54.243.202.106,7390,2754,10144
54.243.202.52,34947,6073,41020
54.243.216.155,153,3243,3396
54.243.230.235,4844,1474,6318
54.243.233.204,12547,3602,16149
54.243.242.105,32923,873,33796
54.243.242.206,123257,5961,129218
54.243.242.222,0,0,0
54.243.245.43,7090,1400,8490
54.243.250.156,12482,3800,16282
54.243.253.39,10535,8875,19410
54.243.255.240,6667,5584,12251
54.243.255.65,21222,4170,25392
54.243.32.119,0,0,0
54.243.32.30,3981,260,4241
54.243.33.170,7825,1710,9535
54.243.36.142,11686,1269,12955
54.243.36.204,102,1727,1829
54.243.37.170,26095,15026,41121
54.243.38.55,35017,7652,42669
54.243.42.63,33457,10795,44252
54.243.43.143,93375,15472,108847
54.243.43.29,2656964,1286688,3943652
54.243.43.64,2652844,1032702,3685546
54.243.44.193,6322,5020,11342
54.243.52.72,25210,8874,34084
54.243.58.6,25616,5089,30705
54.243.58.7,153,3630,3783
54.243.63.108,1220330,467737,1688067
54.243.64.128,380605,227224,607829
54.243.64.181,4116,3612,7728
54.243.65.9,1007,418,1425
54.243.66.112,285282,6992,292274
54.243.67.178,852,2687,3539
54.243.67.189,3069266,1264945,4334211
54.243.67.206,25488,10830,36318
54.243.69.219,2356270,961210,3317480
54.243.76.52,4535,15966,20501
54.243.78.129,6306,1814,8120
54.243.81.110,51,1304,1355
54.243.82.159,51,477,528
54.243.85.138,1926137,749991,2676128
54.243.87.61,21238,4223,25461
54.243.90.52,2300,3936,6236
54.243.93.192,0,1469,1469
54.243.93.220,3306649,1231583,4538232
54.243.97.208,5958,3514,9472
54.243.99.15,2421,1408,3829
54.244.17.42,1125,1099,2224
54.244.220.100,3852,1066,4918
54.244.244.131,3841330,2473344,6314674
54.244.6.245,3943,5103,9046
54.244.90.64,6644,2126,8770
54.244.93.212,1148,2071,3219
54.245.102.81,1128,1819,2947
54.245.108.57,8288,3906,12194
54.245.124.51,10242,2138,12380
54.245.234.34,4149543,2669128,6818671
54.245.240.50,9908,4589,14497
54.245.251.147,2356,1780,4136
54.245.85.107,3600,5029,8629
54.246.115.51,532,1350,1882
54.246.128.191,0,0,0
54.246.133.201,95012,20719,115731
54.246.135.219,3548,5545,9093
54.246.144.119,62106,25113,87219
54.246.157.150,94852,43310,138162
54.246.174.72,38363,32798,71161
54.246.179.248,2186,1458,3644
54.246.182.101,4104,1722,5826
54.246.185.80,76858,39329,116187
54.246.198.142,162,1304,1466
54.246.198.77,34553,17164,51717
54.246.203.254,28647,13093,41740
54.246.215.15,55181,28445,83626
54.246.237.212,4821,678,5499
54.247.120.71,193902,141513,335415
54.247.162.184,0,155,155
54.247.169.81,28880,33847,62727
54.247.174.16,327564,290892,618456
54.247.186.210,2163,880,3043
54.247.69.209,7147299,31424,7178723
54.247.90.37,6009,893,6902
54.248.113.237,509,488,997
54.248.115.108,71036,5854,76890
54.248.125.223,7240,7092,14332
54.248.125.239,10512,1218,11730
54.248.126.254,424,672,1096
54.248.222.105,516,623,1139
54.248.235.227,32309,1244,33553
54.248.248.40,1799,389,2188
54.248.251.19,1362,1014,2376
54.248.79.188,1059,949,2008
54.248.84.30,371339,14990,386329
54.248.88.102,16560,429,16989
54.249.124.153,974,850,1824
54.249.226.53,18334,4050,22384
54.249.232.181,1798,388,2186
54.249.234.99,3717,903,4620
54.249.25.70,58471,26659,85130
54.249.250.97,1728,484,2212
54.249.35.163,5884,4141,10025
54.249.90.179,75900,34987,110887
54.249.91.70,65084,26124,91208
54.249.91.95,29225,12600,41825
54.250.120.149,40319,1431,41750
54.250.120.24,11495,7311,18806
54.250.130.163,30948,14588,45536
54.250.156.173,85916,59753,145669
54.250.172.175,530188,2417,532605
54.250.178.60,459,696,1155
54.250.204.59,51411,23194,74605
54.251.124.192,19650,16391,36041
54.251.145.182,1188,1104,2292
54.251.154.112,10146,22111,32257
54.251.155.127,203044,416228,619272
54.251.157.119,24715,177427,202142
54.251.164.208,3324,1978,5302
54.251.167.203,14438,4581,19019
54.251.167.205,1011,7963,8974
54.251.182.234,1779,3168,4947
54.251.183.183,312,296,608
54.251.205.243,9130,474,9604
54.251.241.110,5777,2000,7777
54.251.247.103,138398,24436,162834
54.251.248.134,15733,667,16400
54.251.36.144,1227,1031,2258
54.251.38.68,12756,6092,18848
54.251.38.78,4336,2584,6920
54.251.41.66,8266,2534,10800
54.251.43.49,7056,1878,8934
54.251.48.80,3309,947,4256
54.251.97.136,15733,667,16400
54.251.98.97,883,655,1538
54.254.105.104,7543941,72016,7615957
54.254.129.146,8516,3429,11945
54.254.147.220,12155,12018,24173
54.254.155.225,5027,12178,17205
54.254.181.138,3324,4047,7371
54.254.191.30,446,1778,2224
54.254.228.10,12065,15695,27760
54.254.228.9,685,1145,1830
54.254.253.249,1171,2177,3348
54.254.97.81,1323,5638,6961
54.255.158.7,1203,440,1643
54.255.168.57,3315,3431,6746
54.255.171.194,3646,851,4497
54.255.183.255,2951,2621,5572
54.255.188.241,14744,37177,51921
54.255.215.3,22431,32598,55029
54.255.234.137,111518,229010,340528
54.255.252.101,7467,1864,9331
54.255.252.124,1885,557,2442
54.255.252.147,18016,3508,21524
54.255.252.148,3698,723,4421
54.255.252.187,9005,1805,10810
54.255.252.196,5402,1082,6484
54.255.252.217,14406,3126,17532
54.255.252.241,3608,788,4396
54.255.252.27,1894889,412571,2307460
54.255.252.30,5412,1182,6594
54.255.252.45,11156,2474,13630
54.255.252.48,3608,781,4389
54.255.252.63,1901170,415546,2316716
54.255.252.84,27153,5910,33063
54.255.252.86,1799,389,2188
54.255.253.107,76827,17422,94249
54.255.253.158,0,0,0
54.255.253.159,10764,2495,13259
54.255.253.201,23809,5170,28979
54.255.253.219,14550,3177,17727
54.255.253.50,3564,806,4370
54.255.254.2,21766,5277,27043
54.255.254.3,1799,359,2158
54.64.13.43,1216,648,1864
54.64.14.16,5149,4932,10081
54.64.154.255,25170,16334,41504
54.64.158.107,20847,4131,24978
54.64.169.51,14331,11293,25624
54.64.174.84,2615,1587,4202
54.64.188.247,26336,46012,72348
54.64.192.164,34654,24260,58914
54.64.2.22,58434,25035,83469
54.64.201.203,64263,27720,91983
54.64.218.72,0,0,0
54.64.226.78,3240,3197,6437
54.64.232.40,81814,35280,117094
54.64.31.32,75094,57339,132433
54.64.52.199,5845,2520,8365
54.64.80.120,864,669,1533
54.65.149.52,5601,1626,7227
54.65.16.49,210934,130667,341601
54.65.165.227,558,543,1101
54.65.201.167,1198,897,2095
54.65.211.201,3125,367,3492
54.65.221.105,29905,18918,48823
54.65.224.217,2046,1688,3734
54.65.233.133,339417,20478,359895
54.65.236.237,2074,1771,3845
54.65.238.97,2207,1737,3944
54.65.247.191,0,0,0
54.65.28.38,1427,7247,8674
54.65.35.74,5845,2520,8365
54.65.76.242,42213,19886,62099
54.65.78.14,6097,3268,9365
54.65.86.29,23380,10080,33460
54.65.89.223,374,0,374
54.66.229.3,14390,2477,16867
54.67.120.70,289,372,661
54.67.2.162,4691,3523,8214
54.67.62.209,0,1463,1463
54.67.80.255,527,1096,1623
54.68.103.74,40862,11785,52647
54.68.127.252,28226,11393,39619
54.68.184.186,925048,16273,941321
54.68.190.4,8194,766,8960
54.68.206.34,5392,8419,13811
54.68.208.75,48832,3957,52789
54.68.218.248,11411,19546,30957
54.68.71.181,1149,1539,2688
54.68.95.39,13742,4700,18442
54.69.143.156,215995,7377,223372
54.69.146.205,21335,411,21746
54.69.21.253,393961,13765,407726
54.69.30.77,5633,8753,14386
54.69.42.154,1915,1506,3421
54.69.59.234,201,517,718
54.69.64.61,7279,14422,21701
54.69.67.80,11636,3126,14762
54.72.10.175,46511,18209,64720
54.72.107.199,0,428,428
54.72.116.8,45304,20293,65597
54.72.118.251,39402,14257,53659
54.72.150.234,0,0,0
54.72.158.109,12147,1214,13361
54.72.179.43,49700,21987,71687
54.72.18.35,1066,944,2010
54.72.19.37,41471,14585,56056
54.72.2.214,6685,1354,8039
54.72.226.211,13228,10558,23786
54.72.24.191,0,7142,7142
54.72.47.95,0,0,0
54.72.50.180,38777,22031,60808
54.72.67.46,386,469,855
54.72.72.79,75359,43382,118741
54.72.84.134,1910,916,2826
54.72.87.27,81701,53713,135414
54.72.87.93,1830,879,2709
54.72.91.110,0,0,0
54.72.93.104,0,0,0
54.72.93.120,1346,1198,2544
54.72.96.132,686,926,1612
54.74.100.104,436,4249,4685
54.76.134.17,4457,216,4673
54.76.143.16,76585,30032,106617
54.76.179.55,72952,33426,106378
54.76.18.154,52580,19557,72137
54.76.199.165,0,228,228
54.76.21.153,0,428,428
54.76.225.226,44854,16141,60995
54.76.231.162,83149,38522,121671
54.76.245.120,103431,45653,149084
54.76.255.63,19197,8204,27401
54.76.27.92,138037,90097,228134
54.76.36.246,162,1268,1430
54.76.49.57,62529,33094,95623
54.76.66.35,36764,21970,58734
54.76.71.228,3708,1838,5546
54.76.72.94,102262,49848,152110
54.76.77.216,36868,13610,50478
54.76.85.231,131247,69624,200871
54.76.87.51,2162,3258,5420
54.76.87.97,71534,32459,103993
54.76.90.255,78087,42084,120171
54.76.97.122,12294,4768,17062
54.77.0.181,19008,4419,23427
54.77.101.225,53298,26681,79979
54.77.102.5,43880,27644,71524
54.77.105.77,127506,83585,211091
54.77.115.169,96923,45800,142723
54.77.128.124,0,0,0
54.77.142.61,3660,1774,5434
54.77.144.14,26062,7960,34022
54.77.2.24,12190,5350,17540
54.77.206.106,4875,955,5830
54.77.33.66,76969,34448,111417
54.77.40.87,19815,10574,30389
54.77.6.5,66126,27934,94060
54.77.62.123,4266,2994,7260
54.77.62.17,44508,18838,63346
54.77.67.218,101666,57590,159256
54.77.73.105,63585,35877,99462
54.77.74.226,23670,8087,31757
54.77.9.25,4104,1694,5798
54.77.92.201,58977,23136,82113
54.80.162.138,384049,6593,390642
54.81.108.229,6020,143076,149096
54.81.149.164,591,846,1437
54.81.249.58,1227675,80747,1308422
54.81.82.119,8692,20512,29204
54.82.186.157,1526320,72517,1598837
54.82.187.17,674983,37915,712898
54.82.61.165,197,281,478
54.82.67.244,31623,18289,49912
54.82.8.239,88,582,670
54.83.11.117,1495433,693434,2188867
54.83.111.7,58937,1483,60420
54.83.124.130,34572,2840,37412
54.83.130.71,981250,69644,1050894
54.83.132.23,1241,2391,3632
54.83.169.211,336638,110745,447383
54.83.17.97,4060612,1673319,5733931
54.83.190.255,175894,9931,185825
54.83.193.207,660756,247866,908622
54.83.198.167,6667,6364,13031
54.83.201.151,3615822,1455497,5071319
54.83.201.228,78581,15698,94279
54.83.202.236,689048,8909,697957
54.83.206.194,2043545,801707,2845252
54.83.23.45,114584,11420,126004
54.83.26.135,2578322,172638,2750960
54.83.30.197,2239291,972648,3211939
54.83.31.135,2484229,1144589,3628818
54.83.37.44,34164,5925,40089
54.83.39.30,48157,13355,61512
54.83.46.41,0,0,0
54.83.49.43,19986,2975,22961
54.83.53.113,350115,102091,452206
54.83.6.221,436,557,993
54.83.72.213,187366,25040,212406
54.83.79.84,182351,9329,191680
54.84.103.140,6822,2517,9339
54.84.134.91,4087,3950,8037
54.84.159.223,510045,7768,517813
54.84.182.13,0,259,259
54.84.217.86,3197,895,4092
54.84.230.28,130696,4061,134757
54.84.242.215,748788,18589,767377
54.84.53.238,41166,7617,48783
54.84.7.34,33156,2773,35929
54.84.70.147,1864,1747,3611
54.84.71.11,748,748,1496
54.84.84.189,0,0,0
54.85.108.209,3197,895,4092
54.85.11.40,1541,1155,2696
54.85.110.76,2836,628,3464
54.85.146.191,1389,1320,2709
54.85.156.202,0,0,0
54.85.162.99,47003,21457,68460
54.85.176.27,6120,1579,7699
54.85.218.60,89587,2888,92475
54.85.22.136,106583,12977,119560
54.85.224.141,0,366,366
54.85.224.232,0,549,549
54.85.224.42,3,735,738
54.85.224.85,3,369,372
54.85.224.93,0,366,366
54.85.225.109,0,183,183
54.85.225.167,3,369,372
54.85.225.169,0,915,915
54.85.225.223,0,732,732
54.85.225.27,3,918,921
54.85.225.51,6,1470,1476
54.85.226.100,3,735,738
54.85.226.147,0,366,366
54.85.226.250,0,183,183
54.85.226.26,3,735,738
54.85.226.38,0,366,366
54.85.226.5,3,530,533
54.85.226.70,3,186,189
54.85.226.89,0,552,552
54.85.226.94,3,552,555
54.85.227.121,0,366,366
54.85.227.21,0,732,732
54.85.227.23,0,183,183
54.85.227.235,3,369,372
54.85.227.250,3,552,555
54.85.227.68,0,915,915
54.85.228.13,3,186,189
54.85.228.15,0,366,366
54.85.228.202,0,344,344
54.85.228.219,3,1101,1104
54.85.228.223,6,921,927
54.85.228.249,3,735,738
54.85.228.39,0,366,366
54.85.228.64,3,369,372
54.85.228.73,0,732,732
54.85.228.84,6,555,561
54.85.228.95,0,183,183
54.85.229.143,0,183,183
54.85.229.145,3,186,189
54.85.229.161,0,366,366
54.85.229.196,0,549,549
54.85.229.207,0,549,549
54.85.229.67,0,183,183
54.85.229.77,0,183,183
54.85.229.93,0,366,366
54.85.230.118,0,183,183
54.85.230.119,3,186,189
54.85.230.165,6,738,744
54.85.230.204,0,549,549
54.85.230.210,0,366,366
54.85.230.222,0,183,183
54.85.230.35,0,549,549
54.85.230.68,0,183,183
54.85.230.87,0,366,366
54.85.231.172,0,732,732
54.85.231.194,0,366,366
54.85.231.205,3,186,189
54.85.231.209,3,183,186
54.85.231.228,3,552,555
54.85.231.236,3,1101,1104
54.85.231.47,0,183,183
54.85.231.98,0,549,549
54.85.232.154,0,549,549
54.85.232.164,0,549,549
54.85.232.170,3,552,555
54.85.232.245,3,552,555
54.85.232.254,0,183,183
54.85.233.107,0,366,366
54.85.233.127,0,183,183
54.85.233.129,3,918,921
54.85.233.153,0,915,915
54.85.233.174,12,744,756
54.85.233.184,0,549,549
54.85.233.190,0,183,183
54.85.233.197,0,549,549
54.85.233.21,0,161,161
54.85.233.32,226,710,936
54.85.233.95,0,549,549
54.85.234.10,0,732,732
54.85.234.103,0,732,732
54.85.234.115,0,732,732
54.85.234.138,0,183,183
54.85.234.154,0,549,549
54.85.234.192,0,183,183
54.85.234.37,6,716,722
54.85.234.88,0,366,366
54.85.235.193,3,186,189
54.85.235.233,0,366,366
54.85.235.49,0,549,549
54.85.235.63,0,183,183
54.85.236.115,0,366,366
54.85.236.204,0,183,183
54.85.236.207,3,186,189
54.85.236.65,0,549,549
54.85.236.92,0,366,366
54.85.237.157,0,183,183
54.85.237.72,3,552,555
54.85.237.99,0,549,549
54.85.238.12,0,549,549
54.85.238.121,0,366,366
54.85.238.16,3,552,555
54.85.238.177,0,183,183
54.85.238.192,6,369,375
54.85.238.215,0,183,183
54.85.238.24,0,183,183
54.85.238.251,0,366,366
54.85.238.252,0,366,366
54.85.238.49,0,366,366
54.85.238.92,0,366,366
54.85.239.135,6,1470,1476
54.85.239.171,0,183,183
54.85.239.18,0,549,549
54.85.239.190,0,732,732
54.85.239.201,0,527,527
54.85.239.210,0,549,549
54.85.239.248,0,549,549
54.85.239.32,0,366,366
54.85.239.52,0,183,183
54.85.239.65,0,549,549
54.85.239.75,3,552,555
54.85.239.94,0,549,549
54.85.240.3,6,372,378
54.85.5.103,10086,1815,11901
54.85.58.166,11540,5678,17218
54.85.94.147,3984,1278,5262
54.85.97.133,7109,26195,33304
54.85.97.82,192099,20571,212670
54.86.114.223,1526,1449,2975
54.86.116.20,3197,895,4092
54.86.143.86,4480,1850,6330
54.86.183.95,6986,1419,8405
54.86.199.121,3197,895,4092
54.86.215.25,674,789,1463
54.86.221.237,2894,2740,5634
54.86.229.20,0,0,0
54.86.245.141,66264,1776,68040
54.87.169.54,175711,4756,180467
54.87.212.67,497749,29462,527211
54.87.234.131,147245,7072,154317
54.87.246.33,153146,25413,178559
54.87.33.98,342,596,938
54.87.44.17,3464,6251,9715
54.88.1.14,966,1050,2016
54.88.127.20,0,1097,1097
54.88.139.125,1287,1590,2877
54.88.164.108,647,653,1300
54.88.2.205,142,1456,1598
54.88.205.55,231,4082,4313
54.88.208.5,0,263,263
54.88.25.232,3204,775,3979
54.88.79.221,10260,6488,16748
54.88.98.195,1402,2014,3416
54.89.101.205,1051488,10794,1062282
54.89.102.76,117261,3392,120653
54.89.106.12,256745,15256,272001
54.89.111.168,2095827,210005,2305832
54.89.124.153,519247,102619,621866
54.89.138.233,303680,35021,338701
54.89.156.24,68100,5487,73587
54.89.193.58,222646,8069,230715
54.89.209.244,12311,32175,44486
54.89.239.18,54772,3160,57932
54.89.26.115,4789664,374369,5164033
54.89.96.104,1241,2363,3604
54.90.159.242,1076320,127857,1204177
54.90.17.62,85274,1658,86932
54.90.19.137,235874,42946,278820
54.90.23.25,329820,62434,392254
54.90.3.215,1679,624,2303
54.90.30.21,5256,9570,14826
54.90.37.143,1197,2086,3283
54.90.40.228,265273,11848,277121
54.90.51.145,1438,2559,3997
54.90.52.8,456,1598,2054
54.90.6.176,1199538,144611,1344149
54.90.81.128,304363,124235,428598
54.91.104.115,1154497,191995,1346492
54.91.11.44,55351,3659,59010
54.91.112.154,2234384,65594,2299978
54.91.113.171,1026,1788,2814
54.91.145.249,11582,50346,61928
54.91.157.245,284,47864,48148
54.91.164.215,113,23,136
54.91.215.66,796709,87099,883808
54.91.48.128,328,679,1007
54.92.132.111,343,3063,3406
54.92.184.62,1272,6252,7524
54.92.34.118,0,0,0
54.92.96.4,576,668,1244
54.92.98.3,64279,27523,91802
54.93.100.177,48364,29015,77379
54.93.182.219,484,348,832
54.93.190.85,432,1491,1923
54.93.57.51,105235,42886,148121
54.93.61.148,471,410,881
58.116.1.73,2216,444,2660
58.116.171.108,73928,591,74519
58.116.228.29,39,180,219
58.117.136.95,248,447,695
58.117.166.107,9273,447,9720
58.119.113.253,9233,657,9890
58.127.170.212,1795795,26414,1822209
58.132.10.83,1032386,54927,1087313
58.132.8.177,7789460,63488,7852948
58.132.8.80,671616,44804,716420
58.132.8.87,803,1194,1997
58.133.204.195,1543,447,1990
58.135.108.27,4884,2715,7599
58.153.110.1,0,68,68
58.154.146.215,0,68,68
58.154.148.210,265,166,431
58.154.159.75,91,91,182
58.154.188.194,9537,53,9590
58.16.67.240,22080,452,22532
58.18.167.217,42910,1350,44260
58.18.212.107,20700,458,21158
58.18.251.63,468,262,730
58.187.243.67,280,813,1093
58.189.184.2,11828,635442,647270
58.19.152.208,41,151,192
58.19.202.119,184098,873,184971
58.192.138.47,203831,16916,220747
58.192.140.36,39875,454,40329
58.195.164.72,278523,827,279350
58.195.6.24,6701,4124,10825
58.199.13.42,122,19245,19367
58.199.30.44,39,180,219
58.20.132.16,0,0,0
58.20.132.61,1421702,51219,1472921
58.20.139.53,4956,1743,6699
58.20.56.185,41,143,184
58.20.92.165,82,286,368
58.208.120.239,375572,735,376307
58.208.121.143,9537,53,9590
58.208.130.12,693,200,893
58.208.136.83,263,181,444
58.208.14.149,103,202,305
58.208.171.21,9537,53,9590
58.208.197.234,557,437,994
58.208.20.63,0,68,68
58.208.55.97,465,435987,436452
58.208.85.68,0,142,142
58.209.126.64,9541,53,9594
58.209.130.152,477,307,784
58.209.183.49,687,399,1086
58.209.200.24,4990,3257,8247
58.209.204.61,11111,557,11668
58.209.220.127,0,98749,98749
58.209.233.241,1861,557,2418
58.209.31.192,736,1096,1832
58.209.35.230,513113,979,514092
58.209.5.59,19074,106,19180
58.209.87.135,126285,1204,127489
58.21.21.184,0,604,604
58.21.231.162,41,151,192
58.210.185.155,217,190,407
58.210.227.16,746,684,1430
58.210.227.41,22065,1410,23475
58.210.255.239,722,469,1191
58.210.4.194,15505,962,16467
58.211.0.29,1192,450,1642
58.211.0.95,27600,675,28275
58.211.1.226,203644,51823,255467
58.211.12.62,745,2409,3154
58.211.138.218,65132,1356,66488
58.211.15.248,4487271,591512,5078783
58.211.15.252,9632674,546461,10179135
58.211.15.254,11710905,995353,12706258
58.211.18.167,2885,390,3275
58.211.18.168,328558,53428,381986
58.211.18.169,13935,3788,17723
58.211.22.184,17007197,64930,17072127
58.211.22.186,184006,498,184504
58.211.22.212,108624,1556,110180
58.211.22.218,1153995,9482,1163477
58.211.253.113,20420,976,21396
58.211.78.138,564,266,830
58.211.8.13,1950,466,2416
58.211.8.218,4224,908,5132
58.211.80.138,116386,498,116884
58.211.80.150,2902613,24300,2926913
58.211.82.139,318460,5923,324383
58.211.82.145,20700,456,21156
58.211.82.73,6130,2015,8145
58.211.85.19,22183,298,22481
58.211.85.24,16348,298,16646
58.212.104.32,7215,3183,10398
58.212.111.118,207,375,582
58.212.140.32,9537,53,9590
58.212.168.161,359,278,637
58.212.19.39,14605,2054852,2069457
58.212.242.82,104,201,305
58.212.36.113,168,708,876
58.212.45.255,203,399,602
58.212.52.111,239,158,397
58.212.87.149,261,188,449
58.212.87.245,36557,965,37522
58.212.94.181,1850,50271,52121
58.213.127.40,13960,450,14410
58.213.14.10,37959,44865,82824
58.213.147.236,16560,536,17096
58.213.149.209,5112,446,5558
58.213.19.213,25083,63584,88667
58.213.19.7,3960,5201,9161
58.213.19.88,6744,31966,38710
58.213.19.94,16299,16557,32856
58.213.29.123,14080,912,14992
58.213.29.200,22377,1852,24229
58.213.35.36,28057,988,29045
58.213.47.171,572461,8657,581118
58.213.48.231,27600,448,28048
58.213.62.224,46146,1900,48046
58.214.118.84,1454,137,1591
58.214.122.28,84,84,168
58.214.186.51,24,30,54
58.214.195.122,207,401,608
58.214.207.146,3095,2759244,2762339
58.214.210.47,51798,440,52238
58.214.248.135,610,450,1060
58.214.44.209,1811,643624,645435
58.214.71.70,28611,155,28766
58.215.107.47,0,466,466
58.215.107.61,0,466,466
58.215.108.14,0,0,0
58.215.108.16,424,175,599
58.215.108.207,1658760,591,1659351
58.215.108.209,2562858,1265,2564123
58.215.108.212,2630129,18197,2648326
58.215.108.215,2946298,1520,2947818
58.215.108.216,435827,710,436537
58.215.108.85,43389,2505,45894
58.215.108.90,411387,3507,414894
58.215.110.80,2478,1976,4454
58.215.110.90,2644,2175,4819
58.215.110.92,2866,1837,4703
58.215.118.39,9232,805,10037
58.215.123.53,152286,7508,159794
58.215.133.174,3627,8370,11997
58.215.133.178,15514,912,16426
58.215.133.180,333641,10851,344492
58.215.133.181,1071,728,1799
58.215.137.203,6556,10009,16565
58.215.137.52,7611,8995,16606
58.215.139.171,304574,30262,334836
58.215.139.218,204446,1816,206262
58.215.139.242,27600,448,28048
58.215.139.8,40020,900,40920
58.215.141.211,25370,99890,125260
58.215.141.212,17748,91359,109107
58.215.141.213,27313,154110,181423
58.215.141.219,612,474,1086
58.215.141.221,1836,6216,8052
58.215.141.222,2448,6693,9141
58.215.142.163,0,0,0
58.215.147.41,12010689,342176,12352865
58.215.147.43,11914007,406268,12320275
58.215.147.45,15871220,377638,16248858
58.215.147.47,14783193,413505,15196698
58.215.147.49,12978065,374257,13352322
58.215.147.53,13944861,373201,14318062
58.215.161.43,1784,599,2383
58.215.162.6,64344,53161,117505
58.215.164.48,834,663,1497
58.215.166.245,407,613,1020
58.215.168.120,78338,384813,463151
58.215.168.121,86326,382716,469042
58.215.168.130,3974659,5137281,9111940
58.215.168.156,47627,49496,97123
58.215.168.157,25634,102248,127882
58.215.168.173,16524,50763,67287
58.215.168.175,1836,6376,8212
58.215.168.50,76374,358249,434623
58.215.168.51,69368,341170,410538
58.215.175.237,6470,1210,7680
58.215.176.99,12390,10900,23290
58.215.179.111,3242914,61541,3304455
58.215.179.89,67752,1064,68816
58.215.181.231,1911,1060,2971
58.215.182.7,2214906,125693,2340599
58.215.183.23,231,624,855
58.215.183.235,210844,103715,314559
58.215.183.25,1586,1572,3158
58.215.183.31,21411,5698,27109
58.215.183.49,13343,3498,16841
58.215.183.53,4047781,87829,4135610
58.215.186.153,221,4676,4897
58.215.186.159,760311,37289,797600
58.215.191.32,10109,266,10375
58.215.191.46,221253,15443,236696
58.215.191.47,62749,4668,67417
58.215.191.62,38878,3500,42378
58.215.191.8,10004,448,10452
58.215.38.138,213827,11112,224939
58.215.38.23,96600,756,97356
58.215.38.26,5110300,4772,5115072
58.215.44.138,23511,3520,27031
58.215.44.168,19096,7576,26672
58.215.44.41,3951,1107,5058
58.215.65.142,5128,2090,7218
58.215.65.212,6243,2662,8905
58.215.65.88,13930,7324,21254
58.215.76.141,5313,2379,7692
58.216.10.24,17940,397,18337
58.216.151.208,33120,900,34020
58.216.16.245,191104,15180,206284
58.216.17.245,1142350,25270,1167620
58.216.17.255,20994,3903,24897
58.216.190.11,310,559,869
58.216.21.142,73116,378,73494
58.216.21.176,420641,21815,442456
58.216.21.182,1426440,45835,1472275
58.216.21.44,752,1290,2042
58.216.21.78,1448,2530,3978
58.216.211.153,24018,914,24932
58.216.22.158,0,0,0
58.216.242.39,672,916,1588
58.216.247.85,1900,450,2350
58.216.25.21,0,0,0
58.216.26.24,181182,863,182045
58.216.29.23,275808,3704,279512
58.216.29.35,41442,1482,42924
58.216.30.120,410528,455,410983
58.216.31.10,990463,592,991055
58.216.31.243,1030644,35028,1065672
58.216.31.85,0,0,0
58.216.50.78,44160,908,45068
58.217.200.18,32562,654,33216
58.217.200.19,98701369,428329,99129698
58.217.200.20,32562,654,33216
58.217.200.21,14149740,3114941,17264681
58.217.200.23,38590,12509,51099
58.217.200.37,99060,6795,105855
58.217.200.39,60295,6915,67210
58.217.200.42,0,0,0
58.217.200.44,0,0,0
58.217.200.67,323076,80980,404056
58.217.76.126,239,155,394
58.218.147.106,623,1621,2244
58.218.147.113,1969,7162,9131
58.218.177.174,24840,914,25754
58.218.177.183,252817,6448,259265
58.218.177.185,741453,13726,755179
58.218.177.243,17940,450,18390
58.218.178.67,245103,9789,254892
58.218.179.143,5188,1468,6656
58.218.186.35,37616,1771,39387
58.218.199.111,18692,850,19542
58.218.199.112,1658,265,1923
58.218.199.147,33120,672,33792
58.218.199.208,90585,23685,114270
58.218.199.46,1984191,93602,2077793
58.218.199.63,305648,11071,316719
58.218.199.75,273572,14167,287739
58.218.199.95,8280,1995,10275
58.218.200.122,35994,976,36970
58.218.200.43,0,68,68
58.218.204.11,528810,12008,540818
58.218.204.144,857099,641,857740
58.218.204.146,8844,224,9068
58.218.204.174,106045,17684,123729
58.218.204.228,113369,21667,135036
58.218.204.85,29993,464,30457
58.218.208.139,96970,32109,129079
58.218.208.204,140925421,4167972,145093393
58.218.208.86,203265,763,204028
58.218.211.113,68878,2368,71246
58.218.211.145,31720,405,32125
58.218.211.191,619859,29884,649743
58.218.211.229,85112,2046,87158
58.218.211.254,1034866,3393,1038259
58.218.211.27,0,0,0
58.218.214.15,1591631,114003,1705634
58.218.214.16,36581,4029,40610
58.218.214.21,2380758,162918,2543676
58.218.214.23,2081974,124927,2206901
58.218.214.29,5686983,330444,6017427
58.218.214.30,481933,69102,551035
58.218.214.31,196,374,570
58.218.214.37,187288,367,187655
58.218.214.39,3144458,48711,3193169
58.218.38.9,1910291,45237,1955528
58.219.102.232,3036,1326,4362
58.219.69.142,616,1117,1733
58.219.71.153,101,200,301
58.219.71.235,41,143,184
58.22.102.12,1891,265,2156
58.22.102.13,1891,258,2149
58.22.102.209,716,2642,3358
58.22.104.58,150899,5573,156472
58.22.209.233,41,151,192
58.220.1.115,2831,654,3485
58.220.1.18,591874,1516,593390
58.220.1.48,243282,893,244175
58.220.1.53,452402,504,452906
58.220.1.56,2191156,11433,2202589
58.220.11.148,1525,1335,2860
58.220.11.151,2254,429,2683
58.220.12.130,10915248,135056,11050304
58.220.12.164,17301738,125379,17427117
58.220.12.20,9974,51546,61520
58.220.12.22,6411,18736,25147
58.220.12.37,804296,148554,952850
58.220.12.54,385978,103445,489423
58.220.12.55,455049,99812,554861
58.220.12.6,6499,1884,8383
58.220.12.65,37071,17267,54338
58.220.12.66,17911,19044,36955
58.220.12.67,277113,20560,297673
58.220.12.77,993924,36502,1030426
58.220.17.125,4189,2621,6810
58.220.17.126,53114,43836,96950
58.220.17.127,69204,23959,93163
58.220.17.46,3185,12179,15364
58.220.19.17,13000,420,13420
58.220.2.83,1263454,912,1264366
58.220.22.105,145033,25551,170584
58.220.22.141,561,65,626
58.220.22.146,2556,590,3146
58.220.22.225,726471,3781,730252
58.220.22.226,103737,1718,105455
58.220.22.86,1809822,349122,2158944
58.220.5.63,4543,2534,7077
58.220.6.124,85214,13427,98641
58.220.6.148,7289636,168611,7458247
58.220.6.149,12671840,305284,12977124
58.220.6.167,1713944,124409,1838353
58.220.6.168,319230,38553,357783
58.220.6.181,141703,4533,146236
58.220.6.183,371419,152495,523914
58.220.6.19,204399,479,204878
58.220.6.238,0,0,0
58.220.6.98,23261145,1052281,24313426
58.220.6.99,6747735,294263,7041998
58.221.172.34,41400,693,42093
58.221.238.201,22080,454,22534
58.221.247.76,6440892,7259,6448151
58.221.247.88,7527736,7348,7535084
58.221.254.148,108765,3186,111951
58.221.29.103,9212,1311,10523
58.221.29.113,1067,371,1438
58.221.29.237,27835,247,28082
58.221.34.208,22080,452,22532
58.221.37.246,1193256,7596,1200852
58.221.38.164,507,519,1026
58.221.38.87,86429,1490,87919
58.221.38.90,37378,1669,39047
58.221.40.139,964253,11128,975381
58.221.40.154,10200220,12849,10213069
58.221.40.155,497553,12425,509978
58.221.40.157,288,607,895
58.221.42.12,476576,7530,484106
58.221.44.21,577757,37478,615235
58.221.44.63,333764,18440,352204
58.221.44.75,96415,1204,97619
58.221.45.124,26220,675,26895
58.221.45.90,11040,922,11962
58.221.49.202,4142,407,4549
58.221.49.208,190,478,668
58.221.49.213,190,478,668
58.221.49.233,84010,2573,86583
58.221.49.241,215760,8429,224189
58.221.54.13,410492,599,411091
58.221.58.216,175,82075,82250
58.221.58.229,258,406,664
58.221.60.103,17940,470,18410
58.221.61.90,1376,1976,3352
58.221.62.243,71525,1824,73349
58.221.69.158,140874845,259456,141134301
58.221.69.159,127307340,281438,127588778
58.221.69.177,905,5136,6041
58.221.69.26,28075,6456,34531
58.221.72.185,1655464,2402,1657866
58.221.72.220,516,852,1368
58.221.72.230,55325,3595,58920
58.221.72.243,124475,4041,128516
58.221.75.12,38589,5926,44515
58.221.77.17,0,0,0
58.221.78.34,374,667,1041
58.221.78.35,1596816,1110,1597926
58.221.78.37,696,1296,1992
58.221.78.57,2390,10451,12841
58.221.78.59,1250089,19211,1269300
58.221.87.247,639,682,1321
58.221.87.249,21909,1053,22962
58.221.87.252,1409508,7980,1417488
58.221.88.0,258818,60556,319374
58.222.10.73,22080,450,22530
58.222.153.91,1354,926,2280
58.222.17.53,46521,3371,49892
58.222.17.8,367612,44014,411626
58.222.18.245,84048,8308,92356
58.222.19.165,2037542,6264,2043806
58.222.19.46,277891387,32138,277923525
58.222.199.174,19074,106,19180
58.222.20.225,196527,5779,202306
58.222.20.242,156278,125659,281937
58.222.20.243,4916762,3801,4920563
58.222.21.143,48300,448,48748
58.222.217.201,23567,932,24499
58.222.24.169,2759171,42572,2801743
58.222.24.172,377028,994,378022
58.222.24.194,18043,7361,25404
58.222.24.232,576393,9908,586301
58.222.24.235,120038,4924,124962
58.222.24.45,60546,7731,68277
58.222.24.55,312469,7006,319475
58.222.89.173,20700,456,21156
58.225.148.14,3270,6768,10038
58.23.131.105,2618,376,2994
58.23.131.113,5520,366,5886
58.23.54.79,1810,5545,7355
58.240.154.30,5654,636,6290
58.240.195.232,545,230,775
58.241.243.213,217001,5459,222460
58.241.35.110,827948,30886,858834
58.241.35.111,8744,4175,12919
58.241.44.182,92625,26424,119049
58.241.62.81,34639643,17472374,52112017
58.242.130.88,11040,450,11490
58.242.249.31,3525,1241,4766
58.243.42.16,4103,826,4929
58.244.87.87,41,151,192
58.245.178.199,41,151,192
58.246.165.101,3652,1209,4861
58.246.165.103,3849,3131,6980
58.246.165.108,1462,1500,2962
58.246.165.11,2811,24115,26926
58.246.165.129,10964,1655,12619
58.246.165.29,995,3779,4774
58.246.165.33,165,535,700
58.246.165.40,495,2422,2917
58.246.165.53,2214,5888,8102
58.246.165.57,4348,5704,10052
58.246.165.81,252,658,910
58.246.165.82,252,1108,1360
58.247.135.74,743,226,969
58.247.208.209,694504,92177,786681
58.247.244.217,393,506,899
58.248.120.111,41,151,192
58.248.120.37,0,68,68
58.248.125.92,0,68,68
58.248.126.17,41,151,192
58.248.183.184,6867,1174,8041
58.248.183.185,35850,3343,39193
58.248.247.17,506,4556,5062
58.248.29.111,234,282,516
58.249.117.56,71363,10929,82292
58.249.117.61,3291,1280,4571
58.250.132.151,604,154,758
58.250.132.152,4701,1230,5931
58.250.132.45,3346,2940,6286
58.250.135.159,49849,24050,73899
58.250.135.161,13878,22503,36381
58.250.135.162,1308,1816,3124
58.251.139.144,717,1723,2440
58.251.139.145,244,1549,1793
58.251.139.146,8744,6634,15378
58.251.139.147,20320,11641,31961
58.251.139.151,332,1039,1371
58.251.139.161,1343,2361,3704
58.251.139.162,22092,6400,28492
58.251.139.189,601,23,624
58.251.148.145,1267,1308,2575
58.251.148.147,923,425,1348
58.251.148.150,16535,33970,50505
58.251.148.169,13416,24314,37730
58.251.148.247,7858,26395,34253
58.251.148.249,12571,60820,73391
58.251.148.251,14952,66677,81629
58.251.148.253,11866,32589,44455
58.251.148.28,0,0,0
58.251.149.113,4363,1353,5716
58.251.149.116,1457,451,1908
58.251.149.122,1614,850,2464
58.251.149.123,1790,1132,2922
58.251.149.124,0,428,428
58.251.149.125,2697,1275,3972
58.251.149.126,4323,1344,5667
58.251.149.13,246,38606,38852
58.251.149.92,2906,902,3808
58.251.150.203,20904,477,21381
58.251.150.80,144589,3769,148358
58.251.152.82,41264,35315,76579
58.251.61.168,191257,6616,197873
58.251.61.179,31151,6450,37601
58.251.61.180,270,427,697
58.251.61.187,4894,469,5363
58.251.61.192,544,1196,1740
58.253.205.214,41,143,184
58.253.73.18,322161,4175,326336
58.253.94.200,93204,17553,110757
58.253.94.201,31068,5457,36525
58.254.132.40,932,1600,2532
58.254.134.142,4520,31170,35690
58.254.134.214,126,301,427
58.254.3.128,22080,452,22532
58.255.126.127,41,151,192
58.255.175.97,462,293,755
58.30.208.168,96615,6167,102782
58.30.208.17,30136,9357,39493
58.30.208.29,6559,2618,9177
58.30.210.20,1284,460,1744
58.30.222.109,15788,460,16248
58.30.227.103,16560,450,17010
58.30.228.115,12858,892,13750
58.30.240.151,3032325,34542,3066867
58.30.36.97,724,2961,3685
58.30.77.144,91300,1509,92809
58.32.208.34,18016,452,18468
58.32.217.56,1372,262,1634
58.33.0.148,22,30,52
58.33.177.255,3167679,27685,3195364
58.33.183.98,184,274,458
58.33.22.173,104,201,305
58.33.84.231,409,796,1205
58.34.110.92,103,200,303
58.34.121.232,0,952,952
58.34.247.58,922,1806,2728
58.34.255.212,264,1091,1355
58.34.34.195,819,1495,2314
58.34.69.68,103,199,302
58.35.111.179,410,802,1212
58.35.142.133,10084,16768,26852
58.35.162.87,224,456,680
58.35.175.67,512,1008,1520
58.35.204.224,451,279,730
58.35.231.69,532197,22574,554771
58.35.239.134,104,185,289
58.35.65.104,101,199,300
58.37.232.195,616,1122,1738
58.37.232.77,4062,2542,6604
58.37.59.162,238,155,393
58.37.76.50,433,249,682
58.37.83.100,446,309,755
58.38.11.214,3142,105170,108312
58.38.245.128,223,155,378
58.38.77.26,103,202,305
58.39.127.171,1554,39050,40604
58.39.183.156,6716,10275,16991
58.39.210.236,104,200,304
58.39.24.100,11954248,240275,12194523
58.39.28.213,9510471,63746,9574217
58.40.226.192,35564,141991464,142027028
58.41.199.163,241,154,395
58.42.140.239,1395,31877,33272
58.42.152.185,5520,52,5572
58.42.179.214,87,104,191
58.42.186.37,9537,53,9590
58.42.243.189,16560,452,17012
58.42.244.249,16410,687,17097
58.42.245.188,27600,717,28317
58.42.247.171,26961,1425,28386
58.42.249.220,53289,2013,55302
58.42.251.189,95220,2034,97254
58.42.251.225,27600,672,28272
58.42.251.227,41048,2124,43172
58.42.51.21,49276,136,49412
58.42.80.186,9537,49,9586
58.42.98.231,98477,256,98733
58.43.196.179,29002,7311,36313
58.44.137.41,101,200,301
58.44.68.168,409,936,1345
58.44.8.170,104,200,304
58.44.80.208,821,1598,2419
58.45.121.156,98543,55,98598
58.45.145.177,2590,1166881,1169471
58.45.18.104,9545,53,9598
58.45.209.116,9545,53,9598
58.45.209.225,41,143,184
58.45.234.174,0,68,68
58.45.243.40,9537,53,9590
58.45.252.46,207,396,603
58.45.76.76,721,1306,2027
58.45.86.151,147737,88,147825
58.45.95.22,360,280,640
58.45.98.230,20368,1341,21709
58.46.110.233,409,1000,1409
58.46.162.53,821,1491,2312
58.46.175.11,0,68,68
58.46.190.181,9819,33,9852
58.46.219.232,8449,203,8652
58.46.231.164,1945,159192,161137
58.46.31.2,9537,52,9589
58.47.221.196,41,151,192
58.47.52.249,9537,53,9590
58.48.10.229,0,66,66
58.48.149.28,237,155,392
58.48.202.156,205525,2196,207721
58.48.212.172,1067779,14831,1082610
58.49.105.251,118987,1194,120181
58.49.110.81,1834,226,2060
58.49.148.33,11408,19061,30469
58.49.175.61,9537,53,9590
58.49.190.36,48,64,112
58.49.22.203,9537,53,9590
58.49.235.244,48704,571,49275
58.49.43.117,32883,140,33023
58.49.49.114,529,37560,38089
58.49.56.28,258333,20367,278700
58.49.56.29,471019,35606,506625
58.49.56.30,1341039,57426,1398465
58.49.56.31,4889693,182738,5072431
58.49.57.47,2861087,136605,2997692
58.49.57.63,170020,66260,236280
58.49.58.37,4989,454,5443
58.49.58.68,2269216,63612,2332828
58.49.58.82,28944,904,29848
58.49.58.98,402596,5093,407689
58.49.60.1,11664,678,12342
58.49.94.136,107263,934,108197
58.49.94.141,111362,943,112305
58.49.94.89,15544,934,16478
58.50.133.81,202,125,327
58.50.16.135,104,187,291
58.50.171.154,337,143,480
58.50.226.193,16557,32,16589
58.50.226.41,9537,53,9590
58.50.46.166,9537,53,9590
58.50.59.109,206400,404,206804
58.50.72.248,1825,1154,2979
58.51.105.164,218848,787,219635
58.51.144.21,671,1128,1799
58.51.144.35,109200,89190,198390
58.51.144.42,941920,1696,943616
58.51.144.49,237538,73253,310791
58.51.144.61,4832530,45702,4878232
58.51.150.22,748,1210,1958
58.51.150.60,13422047,672193,14094240
58.51.150.68,16361672,4351,16366023
58.51.150.75,64260,2949,67209
58.51.150.76,310428,345,310773
58.51.150.77,1378548,1032,1379580
58.51.150.78,382236,345,382581
58.51.150.79,816936,345,817281
58.51.150.81,831,888,1719
58.51.153.11,9541,53,9594
58.51.164.10,307,600,907
58.51.170.111,3008,573331,576339
58.51.172.33,19074,102,19176
58.51.194.247,4030,1742,5772
58.51.215.97,0,572,572
58.51.63.118,16560,448,17008
58.51.78.7,9537,49,9586
58.51.95.222,1333649,55109,1388758
58.52.13.12,236,153,389
58.52.133.39,10156230,487,10156717
58.52.133.42,1385958,487,1386445
58.52.133.53,22960,446,23406
58.52.133.92,4698843,75239,4774082
58.52.195.211,23460,448,23908
58.52.196.28,16560,460,17020
58.52.208.66,9537,52,9589
58.52.222.60,9537,53,9590
58.52.77.237,9537,53,9590
58.53.109.36,41,143,184
58.53.113.46,722,1303,2025
58.53.128.211,274076,23714,297790
58.53.128.42,12656,716,13372
58.53.67.91,2643,9124,11767
58.53.72.162,1464,101,1565
58.53.94.138,4139,2546,6685
58.53.94.25,109573,4242,113815
58.53.94.31,1722635,97,1722732
58.54.117.243,32988,113,33101
58.54.253.59,984,452,1436
58.54.88.201,5075,409,5484
58.54.96.97,202,122,324
58.55.124.45,0,881,881
58.55.124.49,2455256,5576,2460832
58.55.127.203,2572,737,3309
58.56.102.247,101801,828,102629
58.56.112.31,130246,4479,134725
58.56.146.11,0,928,928
58.56.16.42,17688,14309,31997
58.56.160.141,6953,1763,8716
58.56.164.175,5697,3673,9370
58.56.17.81,383,232,615
58.56.17.85,423,232,655
58.56.32.138,406624,768,407392
58.56.32.158,2628242,1795,2630037
58.56.32.159,4471080,2828,4473908
58.56.6.81,16640,952,17592
58.56.63.12,263702,66110,329812
58.56.63.63,518,922,1440
58.56.65.105,29764,11643,41407
58.56.65.156,1842,2648,4490
58.56.65.158,3117,5246,8363
58.56.65.159,528,574,1102
58.56.65.160,8925,12909,21834
58.56.65.207,1310,488,1798
58.56.65.209,73940,30079,104019
58.56.65.86,13395529,362429,13757958
58.56.65.88,10604250,306342,10910592
58.56.89.139,2071026,91053,2162079
58.56.89.142,67262,3181,70443
58.56.92.136,190,156,346
58.56.98.63,183963,5319,189282
58.57.27.134,113286,9275,122561
58.57.27.138,142,675,817
58.57.27.158,2828,8074,10902
58.57.65.79,20700,458,21158
58.57.91.192,636,390,1026
58.58.113.187,1308,891,2199
58.58.33.160,18794,1930,20724
58.58.39.60,52102,1125,53227
58.59.141.247,151,216,367
58.59.176.38,159203,10981,170184
58.59.176.61,4892,470,5362
58.59.176.71,872292,17143,889435
58.59.49.28,22744,912,23656
58.59.85.33,16599,424,17023
58.60.113.210,847,115,962
58.60.123.98,0,453,453
58.60.158.60,1122,306,1428
58.60.249.30,237,157,394
58.60.63.30,177502,3996,181498
58.60.66.213,88,88,176
58.60.78.11,305,598,903
58.61.114.96,510,1010,1520
58.61.140.246,205,400,605
58.61.153.189,2936,368,3304
58.61.153.202,252341,4716,257057
58.61.153.214,31740,675,32415
58.61.154.149,397238,12585,409823
58.61.157.24,18794,719,19513
58.61.157.36,6063,703,6766
58.61.160.220,168428,4092,172520
58.61.213.150,900,617,1517
58.61.218.65,12494,452,12946
58.61.220.130,9537,53,9590
58.61.29.122,8121,824,8945
58.61.29.123,4136,1169,5305
58.61.29.99,4307,3236,7543
58.61.34.203,26025,2880,28905
58.61.38.167,735,183,918
58.61.39.135,136884,550303,687187
58.61.39.139,1363682,493619,1857301
58.61.39.140,1063519,411092,1474611
58.61.39.150,170,1952,2122
58.61.39.152,19067,2587,21654
58.61.39.239,140807,551720,692527
58.61.40.3,1257,706,1963
58.61.90.224,213,125,338
58.62.131.115,41358,1386,42744
58.62.23.200,102,200,302
58.62.89.5,236,155,391
58.63.234.133,10894,24334,35228
58.63.234.135,60772,1125,61897
58.63.234.203,402798,209602,612400
58.63.234.211,276956,52047,329003
58.63.234.230,126511,10654,137165
58.63.234.253,2145,735,2880
58.63.235.105,2051,2459,4510
58.63.236.139,27769,101431,129200
58.63.236.230,5459764,6418208,11877972
58.63.236.235,983479,50751,1034230
58.63.236.242,957673,39514,997187
58.63.236.244,307222,15860,323082
58.63.236.249,51480,73258,124738
58.63.236.253,15524311,91233,15615544
58.63.237.0,969,2371,3340
58.63.237.1,5540544,2507886,8048430
58.63.237.118,4822445,3785039,8607484
58.63.237.129,3554,6127,9681
58.63.237.162,1138926,1647736,2786662
58.63.237.178,282609,46606,329215
58.63.237.205,30181,2728,32909
58.63.237.95,5676,5485,11161
58.63.238.217,890587,697244,1587831
58.63.238.227,36859962,1578320,38438282
58.63.239.167,365,423,788
58.63.244.69,3184,6101,9285
58.63.245.243,1956,418,2374
58.63.253.101,20427,31582,52009
58.63.253.107,72362,70063,142425
58.63.253.123,5985,1628,7613
58.63.253.124,222919,63158,286077
58.63.253.125,55391,20481,75872
58.63.253.126,1371,295,1666
58.63.253.42,6854,6992,13846
58.63.28.53,2060,272940,275000
58.64.136.170,22080,452,22532
58.64.136.47,895394,171807,1067201
58.64.141.156,30552,693,31245
58.64.153.34,16560,452,17012
58.64.155.99,321754,16611,338365
58.64.165.203,16560,452,17012
58.64.169.171,16560,450,17010
58.64.173.34,12336,462,12798
58.64.178.38,0,0,0
58.64.178.55,48300,1120,49420
58.64.182.173,41400,1130,42530
58.64.185.86,141316,1568,142884
58.64.198.251,22979,3230,26209
58.64.205.171,41400,1125,42525
58.64.205.172,68981,1378,70359
58.67.156.173,20902,444,21346
58.67.161.105,628854,4032,632886
58.67.196.176,110,224,334
58.67.196.177,1179,643,1822
58.67.196.178,250,367,617
58.67.196.179,223,394,617
58.67.196.180,542,1374,1916
58.67.196.181,1483,807,2290
58.67.199.177,1030671,13839,1044510
58.67.203.153,1766,779,2545
58.67.203.154,487,1050,1537
58.67.203.155,703,1239,1942
58.67.203.157,7746,9451,17197
58.67.203.158,2193,1670,3863
58.67.203.159,1194,1844,3038
58.67.203.160,5312,7225,12537
58.67.203.162,1912,2752,4664
58.67.220.136,16107,28340,44447
58.67.220.235,8490,6904,15394
58.67.220.95,412068,13911,425979
58.67.223.13,29557,6390,35947
58.67.223.6,22435567,19414226,41849793
58.68.134.137,6900,440,7340
58.68.134.161,84342,5358,89700
58.68.134.179,566,380,946
58.68.146.126,2563,1542,4105
58.68.146.20,816,458,1274
58.68.146.213,2216930,166459,2383389
58.68.146.32,9534,419,9953
58.68.146.49,5365,8450,13815
58.68.146.66,36899,3699,40598
58.68.146.85,6920,460,7380
58.68.146.97,310308,176027,486335
58.68.147.105,243063,7035,250098
58.68.147.191,1496,980,2476
58.68.148.137,781872,8367,790239
58.68.149.57,2318354,69527,2387881
58.68.149.59,3672,11356,15028
58.68.149.63,106656,8932,115588
58.68.149.64,13791,561,14352
58.68.149.87,24980,9968,34948
58.68.150.215,43573,5890,49463
58.68.151.139,172972,4325,177297
58.68.151.140,617733,656217,1273950
58.68.151.148,2012612,736830,2749442
58.68.151.153,92392,33069,125461
58.68.151.184,1646146,218296,1864442
58.68.151.34,6346,270,6616
58.68.151.35,1712,1014,2726
58.68.224.76,627627,9621,637248
58.68.225.45,409317,57228,466545
58.68.225.8,2277475,353784,2631259
58.68.225.9,1234081,383074,1617155
58.68.226.37,154129,23173,177302
58.68.226.7,8925,18357,27282
58.68.227.9,188146,218480,406626
58.68.229.206,41400,988,42388
58.68.229.26,11040,247,11287
58.68.232.136,4171,1382,5553
58.68.234.149,2430696,1098,2431794
58.68.234.150,1066471,14535,1081006
58.68.235.149,600,729,1329
58.68.235.19,11845,12485,24330
58.68.235.237,67504,101349,168853
58.68.235.254,290,363,653
58.68.235.59,4004,908,4912
58.68.235.60,779,312,1091
58.68.236.233,760328,306855,1067183
58.68.236.234,948903,773870,1722773
58.68.236.235,861918,181330,1043248
58.68.236.236,76176,138545,214721
58.68.236.237,349844,599622,949466
58.68.236.244,47931,26631,74562
58.68.236.245,295871,300502,596373
58.68.236.246,466370,14284,480654
58.68.236.247,1305156,327033,1632189
58.68.236.248,1142,4447,5589
58.68.236.250,1052633,548661,1601294
58.68.236.252,231357,165477,396834
58.68.236.253,11067,3136,14203
58.68.236.255,846944,1622754,2469698
58.68.237.0,496,1632,2128
58.68.237.1,304263,67512,371775
58.68.238.137,62417,9078,71495
58.68.245.111,1976610,1094804,3071414
58.68.245.113,194816,246079,440895
58.68.245.122,89840,216423,306263
58.68.245.123,84273,199272,283545
58.68.245.38,2232737,352136,2584873
58.68.245.86,276660,60046,336706
58.68.245.90,313669,78089,391758
58.68.245.92,165329,33660,198989
58.68.245.93,144145,32164,176309
58.68.246.17,93671,32220,125891
58.68.246.8,37762,760,38522
58.68.247.221,112576,23494,136070
58.68.247.85,983353,34515,1017868
58.68.250.25,7620,16434,24054
58.68.253.12,4567,263,4830
58.68.253.13,4567,263,4830
58.68.255.50,453125,45304,498429
58.68.255.51,1140359,64595,1204954
58.68.255.52,1280,14727,16007
58.83.129.15,542,334,876
58.83.129.24,545,255,800
58.83.130.107,25536,9364,34900
58.83.135.140,67668,1125,68793
58.83.143.33,753,929,1682
58.83.170.250,210658,3990,214648
58.83.174.124,288,523,811
58.83.174.127,20647,5299,25946
58.83.174.130,363,344,707
58.83.175.10,828771,1925933,2754704
58.83.175.39,15161,34201,49362
58.83.175.58,7916,19046,26962
58.83.175.76,1296123,565630,1861753
58.83.175.9,42212,2424,44636
58.83.190.34,1313,2195,3508
58.83.190.36,1376,778,2154
58.83.193.252,43555,27278,70833
58.83.194.115,39290,5740,45030
58.83.194.77,5883,946,6829
58.83.194.78,6655,1418,8073
58.83.195.110,85169,141287,226456
58.83.195.119,72960,150585,223545
58.83.195.130,60330,119762,180092
58.83.201.95,351,278,629
58.83.202.235,481328,70100,551428
58.83.202.236,790367,141880,932247
58.83.202.242,855717,284569,1140286
58.83.202.245,766023,270635,1036658
58.83.202.246,2373825,597393,2971218
58.83.202.247,2682457,679378,3361835
58.83.206.88,463946,8654,472600
58.83.207.19,0,558,558
58.83.207.42,2962,5496,8458
58.83.209.105,0,0,0
58.83.209.109,1616,2100,3716
58.83.212.57,120918,721704,842622
58.83.214.217,124002,8293,132295
58.83.214.227,1237,619,1856
58.83.214.228,438,1927,2365
58.83.215.37,3783,4237,8020
58.83.217.205,1313,910,2223
58.83.217.213,5270,2932,8202
58.83.217.214,749,1281,2030
58.83.217.233,1696,568,2264
58.83.217.234,4381,1674,6055
58.83.217.235,1212,3159,4371
58.83.218.146,21559,5448,27007
58.83.220.129,1004,752,1756
58.83.220.31,14455,370,14825
58.83.223.144,6516,2618,9134
58.83.223.250,458547,2220,460767
58.83.223.95,459,607,1066
58.83.225.211,11140,937,12077
58.83.226.235,71803,63592,135395
58.83.226.73,49935,4309,54244
58.83.235.250,53820,1125,54945
58.9.102.246,1468,5139,6607
58.96.162.105,1668,10165,11833
58.96.162.11,0,371,371
58.96.162.151,2364,12097,14461
58.96.162.153,3708,24136,27844
58.96.162.246,13112,2579,15691
58.96.162.86,9132,51197,60329
58.96.167.8,2722,978,3700
58.96.168.173,4633472,119429,4752901
58.96.169.241,0,0,0
58.96.174.145,37766,1959,39725
58.96.174.69,1070,1140,2210
58.96.176.193,2338348,77440,2415788
58.96.180.89,42472,1479,43951
58.96.183.64,723741,108585,832326
58.96.185.108,630001,13635,643636
58.96.188.145,1154312,90875,1245187
58.96.189.78,0,617,617
58.96.191.63,637993,30102,668095
58.96.54.123,1036,693,1729
59.10.182.167,117014,69518,186532
59.106.123.31,39874,9866,49740
59.106.123.35,10694,1870,12564
59.106.13.52,34020,460,34480
59.106.19.51,26298,605,26903
59.106.194.21,2018,3372,5390
59.106.194.85,10568,1075,11643
59.107.24.10,3025,4611,7636
59.108.228.12,1019,733,1752
59.108.49.33,1644,1643,3287
59.108.49.44,5556,5947,11503
59.108.49.69,145391,165670,311061
59.108.49.70,166990,182953,349943
59.108.49.83,145388,183371,328759
59.108.49.87,163878,200050,363928
59.108.49.88,132753,160388,293141
59.108.49.89,5107,4970,10077
59.108.49.93,144732,167297,312029
59.113.211.171,0,68,68
59.115.73.107,0,476,476
59.12.100.255,506,2025,2531
59.122.145.165,1512,736,2248
59.126.147.247,612,925,1537
59.126.248.233,276,379,655
59.127.18.57,939,611,1550
59.127.182.11,436,572,1008
59.127.194.224,0,130,130
59.128.77.34,352,650,1002
59.151.101.249,530,851,1381
59.151.101.74,42581,43803,86384
59.151.101.75,2125,5040,7165
59.151.101.76,6585,1347,7932
59.151.101.79,669898,36486,706384
59.151.102.111,21281,90592,111873
59.151.102.140,318992,67204,386196
59.151.102.143,26409,28641,55050
59.151.102.150,27476,31912,59388
59.151.102.17,69686,101475,171161
59.151.102.175,38635,8068,46703
59.151.102.209,48776,1135,49911
59.151.102.22,22192,14348,36540
59.151.102.230,17424,27918,45342
59.151.102.27,1413,5226,6639
59.151.102.34,13390,13316,26706
59.151.102.35,29457,164807,194264
59.151.102.41,4967,6506,11473
59.151.102.52,11361,3027,14388
59.151.102.76,283,2002,2285
59.151.102.89,1150,6647,7797
59.151.102.95,43777,92999,136776
59.151.103.17,225629,64123,289752
59.151.103.28,598334,35069,633403
59.151.103.67,4710,1969,6679
59.151.11.17,116756,349394,466150
59.151.11.18,229664,281501,511165
59.151.11.32,240251,226886,467137
59.151.11.33,195490,163829,359319
59.151.111.73,3438,504,3942
59.151.113.11,745,463,1208
59.151.113.12,1776,756,2532
59.151.113.16,43999,1548,45547
59.151.113.20,5812,687,6499
59.151.113.213,278,1679,1957
59.151.113.214,278,4674,4952
59.151.113.60,59052,2057,61109
59.151.113.62,2709,736,3445
59.151.113.84,63823,1461,65284
59.151.115.164,27600,672,28272
59.151.116.103,17776,13499,31275
59.151.116.67,13736,13923,27659
59.151.12.232,3367,5274,8641
59.151.12.70,11149,225,11374
59.151.120.201,1343,949,2292
59.151.120.218,440,572,1012
59.151.127.236,388,370,758
59.151.127.237,11380,4114,15494
59.151.127.43,32413,36180,68593
59.151.137.224,17229,2260,19489
59.151.137.99,77649,4707,82356
59.151.138.182,36063,4213,40276
59.151.16.182,110833,281463,392296
59.151.16.183,498820,416251,915071
59.151.16.190,1907835,3723896,5631731
59.151.16.191,1978029,4322242,6300271
59.151.16.23,41400,1135,42535
59.151.18.17,280914,7505,288419
59.151.18.18,1036,1655,2691
59.151.18.23,367,353,720
59.151.18.42,62326,15412,77738
59.151.18.47,5886,889,6775
59.151.22.111,1275,613,1888
59.151.27.141,46920,1125,48045
59.151.27.191,491,189,680
59.151.29.79,26485,1446,27931
59.151.30.28,921295,62211,983506
59.151.32.105,23508,1562,25070
59.151.32.106,5149,5709,10858
59.151.32.107,33461,41641,75102
59.151.32.117,3851,5528,9379
59.151.32.119,11022,23476,34498
59.151.32.25,57158,897,58055
59.151.32.26,50740,767,51507
59.151.32.32,9772,5884,15656
59.151.32.36,42362,51464,93826
59.151.32.37,18485,1323,19808
59.151.32.39,16942,23907,40849
59.151.32.77,12585,4705,17290
59.151.32.86,140534,21668,162202
59.151.45.80,9769,450,10219
59.151.5.20,20892819,1344385,22237204
59.151.5.23,1041415,436241,1477656
59.151.5.28,286921,21624,308545
59.151.6.137,28260,71913,100173
59.151.61.66,10696065,3439372,14135437
59.151.61.67,17779911,4819342,22599253
59.151.64.13,218115,18012,236127
59.151.65.22,456998,80012,537010
59.151.65.32,108304,11170,119474
59.151.65.33,19359,6935,26294
59.151.65.42,464624,16889,481513
59.151.65.49,10899,1199,12098
59.151.65.8,882336,277927,1160263
59.151.75.203,1001668,16750,1018418
59.151.81.17,1814,965,2779
59.151.81.64,13042,5574,18616
59.151.81.65,2749949,665183,3415132
59.151.9.80,5604,800,6404
59.151.9.83,23589,4724,28313
59.151.93.92,8546,1392,9938
59.152.244.2,84753,1231,85984
59.16.109.170,570149,37080,607229
59.172.25.151,9660,450,10110
59.172.3.16,419,846,1265
59.172.53.157,9030,5810,14840
59.172.66.42,452,276,728
59.173.14.13,418832,22951,441783
59.173.14.22,458150,42876,501026
59.173.14.24,540503,47090,587593
59.173.14.36,1103,613,1716
59.173.14.37,232082,88396,320478
59.173.14.7,1677012,56714,1733726
59.173.16.215,6811,2499,9310
59.173.16.216,16423,5174,21597
59.173.16.217,403684,6717,410401
59.173.16.55,93487,4533,98020
59.173.17.129,13341,368,13709
59.173.170.56,308,600,908
59.173.18.57,16560,448,17008
59.173.191.147,13339,1789,15128
59.173.193.160,9537,53,9590
59.173.194.137,19074,106,19180
59.173.94.213,130,258,388
59.174.167.145,308,601,909
59.174.169.187,9537,53,9590
59.174.173.226,308,556,864
59.174.214.246,1894,511,2405
59.174.241.90,41,151,192
59.174.41.206,9537,53,9590
59.174.61.95,104,198,302
59.175.132.111,1188722,458,1189180
59.175.132.130,8700,6917,15617
59.175.137.11,20234,1814,22048
59.175.144.128,4224,768,4992
59.175.145.121,657,669,1326
59.175.145.159,191776,4147,195923
59.175.147.114,182805,512194,694999
59.175.171.103,24756,1149,25905
59.175.181.254,1476,1062,2538
59.175.187.82,84180,1950,86130
59.175.207.63,16560,454,17014
59.175.219.251,4264,226,4490
59.175.90.139,202,372,574
59.184.51.227,443188,8183,451371
59.188.0.47,12328,450,12778
59.188.136.224,31476,9377,40853
59.188.14.249,17940,458,18398
59.188.15.189,2047,1436,3483
59.188.196.219,12614,470,13084
59.188.216.72,4140,367,4507
59.188.218.239,33120,922,34042
59.188.232.185,16560,452,17012
59.188.233.0,2379,678,3057
59.188.233.237,90308,938,91246
59.188.252.179,43263,358,43621
59.188.70.168,340343,10123,350466
59.188.70.233,15590,868,16458
59.188.76.126,396207,41868,438075
59.22.89.70,86,392,478
59.24.3.178,0,8581,8581
59.252.192.14,32604,2727,35331
59.252.41.6,88000,1362,89362
59.32.213.200,6157,397,6554
59.32.213.30,796260,475,796735
59.32.213.91,28980,755,29735
59.32.250.255,19074,106,19180
59.33.115.201,2601,236934,239535
59.33.153.164,12962,274459,287421
59.33.155.132,16729,5132925,5149654
59.33.174.31,17940,452,18392
59.33.28.139,207,400,607
59.33.30.125,41,151,192
59.34.131.52,4712,452,5164
59.34.148.155,36045,84031,120076
59.34.148.164,5342,4588,9930
59.34.19.248,9537,53,9590
59.34.197.136,823554,16654,840208
59.34.197.185,1640023,25221,1665244
59.34.197.201,1432653,112077,1544730
59.36.100.140,15180,448,15628
59.36.101.15,2460,1350,3810
59.36.102.205,1260,444,1704
59.36.102.248,2941,17392,20333
59.36.102.253,834,3664,4498
59.36.153.67,968,777,1745
59.36.4.224,1368,263083,264451
59.36.96.155,73159,8384,81543
59.36.99.147,24840,678,25518
59.37.107.48,644209,672,644881
59.37.107.49,615180,1681,616861
59.37.107.50,210587,1156,211743
59.37.107.51,460445,1157,461602
59.37.108.48,6559,574,7133
59.37.109.249,175306,264,175570
59.37.110.120,568,4155,4723
59.37.110.18,6958,65398,72356
59.37.110.19,2414,17364,19778
59.37.110.29,52446,269,52715
59.37.116.106,2902854,176047,3078901
59.37.116.107,2390532,4203513,6594045
59.37.116.108,2624053,12494291,15118344
59.37.116.112,3975920,26453734,30429654
59.37.116.114,41343,1782,43125
59.37.116.121,4292808,29914792,34207600
59.37.165.160,102120,681,102801
59.37.165.163,336,452,788
59.37.67.93,1656,1052,2708
59.37.83.90,12420,817,13237
59.37.96.109,2352617,26012,2378629
59.37.96.111,8406434,58039,8464473
59.37.96.145,23737,1004,24741
59.37.96.159,340,440,780
59.37.96.160,577019,2916,579935
59.37.96.161,11440,1458,12898
59.37.96.168,646642,3053,649695
59.37.96.171,646020,41180,687200
59.37.96.172,947344,51538,998882
59.37.96.173,1351996,92445,1444441
59.37.96.174,4497,6644,11141
59.37.96.175,73400,29347,102747
59.37.96.22,10138508,58626,10197134
59.37.96.23,2411731,214246,2625977
59.37.96.26,1233210,2490,1235700
59.37.96.32,7112395,58043,7170438
59.37.96.38,17221,23879,41100
59.37.96.40,44419,12291,56710
59.37.96.43,7609664,57328,7666992
59.37.96.45,1339044,95010,1434054
59.37.96.46,1147710,2469604,3617314
59.37.96.47,1570190,205291,1775481
59.37.96.48,2063209,153689,2216898
59.37.96.49,748717,37118,785835
59.37.96.50,1177890,88242,1266132
59.37.96.51,2404073,187531,2591604
59.37.96.52,905918,90432,996350
59.37.96.53,2728131,203472,2931603
59.37.96.54,1168844,98828,1267672
59.37.96.68,18829557,3411,18832968
59.37.96.72,9125878,63568,9189446
59.37.96.75,869868,35226,905094
59.38.111.147,5059337,16898,5076235
59.38.112.39,7524,644,8168
59.38.112.52,10620,687,11307
59.38.124.10,16992,454,17446
59.38.124.12,954074,15134,969208
59.38.125.115,549055,21341,570396
59.38.194.113,905501,45088,950589
59.38.194.77,158342,6566,164908
59.38.194.9,155341,6566,161907
59.38.61.224,712,465,1177
59.38.63.199,1724142,52737,1776879
59.38.9.230,205,404,609
59.38.99.32,200592,24305,224897
59.38.99.6,9391570,1661401,11052971
59.39.31.11,714326,68872,783198
59.39.31.12,18260,842,19102
59.39.31.22,555681,12591,568272
59.39.31.28,14684,1721,16405
59.39.7.125,350974,4068,355042
59.40.123.216,459298,3158,462456
59.40.164.181,1349,837,2186
59.40.167.80,88158,2048,90206
59.40.234.107,9537,53,9590
59.40.244.40,1519,114748,116267
59.40.28.196,361,277,638
59.40.53.146,226,157,383
59.40.82.89,0,136,136
59.40.87.252,206,401,607
59.40.95.11,46657,691,47348
59.41.141.135,20045,678,20723
59.41.174.199,204,402,606
59.41.220.240,192,155,347
59.41.39.122,114257,939,115196
59.41.59.44,23460,681,24141
59.41.8.149,42435,2004,44439
59.41.9.106,11528,350,11878
59.41.9.54,28236,684,28920
59.41.9.96,2916,370,3286
59.42.113.194,50354,367,50721
59.42.241.15,2413866,190728,2604594
59.42.241.169,1410,259,1669
59.42.241.170,29384,1284,30668
59.42.241.173,15544,450,15994
59.42.241.18,1110,458,1568
59.42.241.19,4615,8799,13414
59.42.241.35,1575,2994,4569
59.42.241.38,744,1063,1807
59.42.249.113,36710,8545,45255
59.42.252.141,811,84,895
59.42.252.147,724,60,784
59.44.0.162,0,178,178
59.44.209.154,62944,1110,64054
59.44.209.9,9537,53,9590
59.44.25.138,571,909,1480
59.44.25.139,56627,1524,58151
59.44.25.164,2198,2596,4794
59.44.25.167,2456,751,3207
59.44.25.73,51594486,37570,51632056
59.44.25.74,6346753,23253,6370006
59.44.25.80,33240,396,33636
59.44.25.81,1270410,19439,1289849
59.44.25.82,4338414,52153,4390567
59.44.72.246,214,156,370
59.44.89.90,328093,119,328212
59.45.130.207,457,13455,13912
59.45.201.148,41,151,192
59.45.79.110,1770027,19996,1790023
59.45.79.115,67659,2870,70529
59.45.79.79,420981,29154,450135
59.46.108.219,677,466,1143
59.46.128.108,234,155,389
59.46.13.37,5886874,28091,5914965
59.46.161.7,28980,675,29655
59.46.201.243,2311,383,2694
59.46.204.107,127455,94079,221534
59.46.240.77,101,200,301
59.46.33.33,16560,462,17022
59.46.4.115,1067579,11098,1078677
59.46.4.125,88514,1363,89877
59.47.0.162,29237,2379,31616
59.48.72.55,34000,1792,35792
59.49.134.112,9537,49,9586
59.49.134.145,9537,52,9589
59.49.17.26,1032,142,1174
59.49.191.241,428,22673,23101
59.49.37.54,6151,920,7071
59.49.40.51,113767000,56010,113823010
59.49.40.52,24927081,161999,25089080
59.49.40.53,164976,8034,173010
59.49.43.59,49329699,538733,49868432
59.49.43.60,14082681,102781,14185462
59.49.43.62,41994719,247233,42241952
59.49.43.63,512,394,906
59.49.47.56,2311,769,3080
59.49.77.83,11040,232,11272
59.49.79.80,2001,1404,3405
59.5.248.56,123450,821,124271
59.50.106.226,0,53,53
59.50.139.193,27599,45,27644
59.50.152.143,1335,10051,11386
59.50.206.44,208,402,610
59.50.249.72,1191,780,1971
59.50.54.252,994,8368,9362
59.51.114.240,33120,672,33792
59.51.114.72,81199,6438,87637
59.51.63.182,19074,106,19180
59.52.106.236,720,464,1184
59.52.143.38,9537,52,9589
59.52.16.41,0,68,68
59.52.171.54,236,155,391
59.52.172.181,1548,1063,2611
59.52.175.65,20394,178174,198568
59.52.178.31,9537,53,9590
59.52.178.99,75718,1102,76820
59.52.188.173,13924,454,14378
59.52.204.217,40495,2763390,2803885
59.52.223.42,1665,1087,2752
59.52.230.215,0,0,0
59.52.230.98,3703,797195,800898
59.52.28.151,37260,850,38110
59.52.28.154,25427,1010,26437
59.52.41.191,0,68,68
59.52.41.34,101,198,299
59.52.41.57,41,143,184
59.52.46.36,9537,53,9590
59.52.88.156,2872,331061,333933
59.52.88.204,821755,1252,823007
59.53.149.192,452,280,732
59.53.169.174,100080,559,100639
59.53.184.132,19074,106,19180
59.53.185.85,79080,20100778,20179858
59.53.221.115,203,123,326
59.53.236.243,1121,23549,24670
59.53.237.101,9537,53,9590
59.53.63.31,3533,231,3764
59.53.67.178,305427,20332,325759
59.53.67.27,495232,19863,515095
59.53.69.53,169206,8240,177446
59.53.88.212,68290,10992,79282
59.53.88.47,12933,2366,15299
59.53.91.186,93840,892,94732
59.54.176.229,101,199,300
59.54.29.139,17358,160,17518
59.54.55.76,20700,446,21146
59.54.57.134,578,200,778
59.54.65.145,2760,53,2813
59.54.65.59,17950,2685420,2703370
59.54.67.6,888257,2205,890462
59.54.83.123,474,309,783
59.54.85.225,804,307,1111
59.55.127.255,666081,6931,673012
59.55.127.40,122,306,428
59.55.130.71,115147,844,115991
59.55.141.98,16560,452,17012
59.55.147.255,278,206,484
59.55.182.19,182,73,255
59.55.190.132,9537,53,9590
59.55.245.68,0,53,53
59.56.19.25,1188,462,1650
59.56.19.33,55200,908,56108
59.56.19.34,587585,24382,611967
59.56.20.230,1268,2416,3684
59.56.20.231,1016,2544,3560
59.56.20.232,402,502,904
59.56.20.237,6585,6430,13015
59.56.21.231,1330,2355,3685
59.56.21.241,5279,557,5836
59.56.21.77,191434,6012,197446
59.56.24.151,393,183,576
59.56.24.232,121112,3285,124397
59.56.24.233,36468,17989,54457
59.56.24.234,5684,1490,7174
59.56.26.161,0,0,0
59.56.26.162,376,630,1006
59.56.26.163,374,638,1012
59.56.26.23,375,650,1025
59.56.26.25,375,652,1027
59.56.65.8,887,572,1459
59.56.65.89,5220,5957,11177
59.56.66.14,53375949,360712,53736661
59.56.66.155,2052,491,2543
59.56.69.153,686303,33125,719428
59.56.8.212,473,307,780
59.57.13.145,76089,3179,79268
59.57.13.172,958657,26220,984877
59.57.13.176,24375,10718,35093
59.57.13.184,677933,36891,714824
59.57.13.187,548533,68218,616751
59.57.13.204,28357,10295,38652
59.57.13.215,48754,517,49271
59.57.14.20,10184,672,10856
59.57.179.80,1417,882,2299
59.57.18.146,0,0,0
59.57.193.83,0,130,130
59.57.206.23,41,151,192
59.57.246.170,742,118,860
59.58.112.32,878,269,1147
59.58.28.211,8280,49,8329
59.59.0.56,9541,53,9594
59.59.13.237,102,199,301
59.59.75.51,707494,397,707891
59.60.133.196,41,143,184
59.60.139.2,616,1204,1820
59.60.28.211,9537,53,9590
59.60.31.234,19320,458,19778
59.60.31.243,14298,1974,16272
59.60.9.108,342438,12504,354942
59.60.9.110,1780618,28841,1809459
59.61.103.15,111489,8966,120455
59.61.72.151,14573,6273,20846
59.62.13.195,102,16482,16584
59.62.150.79,32965,59,33024
59.62.67.172,10824,705578,716402
59.62.67.221,238,154,392
59.62.68.150,247,153,400
59.63.157.250,246972,14515,261487
59.63.158.201,8236,452,8688
59.63.159.65,8623,704,9327
59.63.169.42,9749,2584,12333
59.63.171.18,166531,497,167028
59.63.171.21,418543,1497,420040
59.63.171.22,540197,10830,551027
59.63.171.46,44563,902,45465
59.63.171.57,21103,964,22067
59.63.171.76,6900,561,7461
59.63.177.111,355063,768,355831
59.63.177.115,10154406,36596,10191002
59.63.177.116,271272,1269,272541
59.63.177.118,304002,800,304802
59.63.177.17,11199347,6036,11205383
59.63.177.21,203,343,546
59.63.177.23,1783,910,2693
59.63.177.52,1076803,965,1077768
59.63.177.55,1130623,963,1131586
59.63.177.57,3703920,1541,3705461
59.63.177.80,534785,3684,538469
59.63.177.84,119083,895,119978
59.63.177.88,403,335,738
59.63.195.25,2504,648,3152
59.63.195.59,41746,4949,46695
59.63.196.12,0,0,0
59.63.196.15,1879,773,2652
59.63.196.165,491914,296,492210
59.63.196.166,1231945,1420,1233365
59.63.196.17,198599129,173034,198772163
59.63.196.175,1592105,8901,1601006
59.63.196.176,2414130,9291,2423421
59.63.196.18,303617430,274920,303892350
59.63.196.19,229903709,245447,230149156
59.63.196.20,200680017,135863,200815880
59.63.196.21,141747114,119931,141867045
59.63.196.22,137676418,208537,137884955
59.63.196.23,192679862,217509,192897371
59.63.196.24,620907051,420094,621327145
59.63.196.25,461431510,301572,461733082
59.63.196.26,305691973,185654,305877627
59.63.196.31,249837823,219041,250056864
59.63.196.32,382097180,263526,382360706
59.63.196.33,210595130,152092,210747222
59.63.196.34,225553315,176849,225730164
59.63.196.35,263797904,237606,264035510
59.63.196.36,163273206,171911,163445117
59.63.196.43,84041,1614,85655
59.63.196.57,303757562,182948,303940510
59.63.196.58,197222496,197967,197420463
59.63.196.59,162731134,107707,162838841
59.63.196.60,139078677,130570,139209247
59.63.196.61,216987742,176135,217163877
59.63.5.28,19074,102,19176
59.63.63.207,0,189,189
59.66.169.53,11207,1379,12586
59.66.170.55,12437366,68123,12505489
59.67.48.250,83704,1087,84791
59.78.162.174,9537,49,9586
59.78.165.242,9537,53,9590
59.78.62.225,2842,11773,14615
59.87.188.17,8157,127840,135997
60.0.84.97,0,156,156
60.10.0.250,67198,1146,68344
60.10.18.19,771,436,1207
60.10.19.43,7564,456,8020
60.11.65.40,41,143,184
60.12.156.242,297,916,1213
60.12.16.140,46544,1862,48406
60.12.204.109,2793,1555,4348
60.12.21.170,9660,228,9888
60.12.226.220,3124,947,4071
60.12.230.42,4900,14363,19263
60.12.230.46,140,4796,4936
60.12.231.77,203,463,666
60.12.232.166,235,1637,1872
60.12.236.224,9172,597,9769
60.12.249.221,290,60,350
60.12.249.222,288,140,428
60.12.50.136,0,0,0
60.12.50.85,316645,5921,322566
60.12.54.11,97437,42134,139571
60.12.74.224,336,705,1041
60.14.157.2,2189,615,2804
60.14.221.187,41,151,192
60.16.233.251,41,151,192
60.160.11.171,236,156,392
60.160.110.43,624,148121,148745
60.160.190.67,846086,15832,861918
60.160.190.70,6721716,9012,6730728
60.160.190.72,2034299,16425,2050724
60.160.190.77,301021,10730,311751
60.160.190.79,5548,12320,17868
60.160.190.85,709285,3576,712861
60.160.192.246,9537,49,9586
60.160.205.102,145489,4045,149534
60.160.208.115,225,154,379
60.160.225.13,98540,49,98589
60.160.36.17,413,799,1212
60.160.84.14,125,32885,33010
60.160.95.210,19074,106,19180
60.161.141.216,9537,52,9589
60.161.168.211,207,562,769
60.161.175.228,41,151,192
60.161.230.97,1009573,21968,1031541
60.161.72.82,0,0,0
60.161.81.113,16560,450,17010
60.161.92.23,9537,53,9590
60.161.96.168,611,1121,1732
60.162.2.167,221,160,381
60.162.5.195,16536,156,16692
60.162.55.90,9537,53,9590
60.162.99.254,9541,53,9594
60.163.158.106,41,151,192
60.164.11.58,394501,1824,396325
60.164.144.52,9537,53,9590
60.164.153.37,237,155,392
60.164.175.47,13800,448,14248
60.164.234.179,103,202,305
60.164.244.231,3501,140712,144213
60.164.52.33,187772,3877,191649
60.165.16.133,1022,2049,3071
60.165.2.3,186312,1725,188037
60.165.213.110,9537,53,9590
60.165.220.99,9537,53,9590
60.165.234.7,48,64,112
60.165.237.195,196919,79,196998
60.165.241.13,16560,448,17008
60.165.4.132,49353,45,49398
60.165.40.16,848,350,1198
60.165.45.19,1478529,62854,1541383
60.165.45.23,1378148,74749,1452897
60.165.55.173,2423037,127717,2550754
60.165.56.14,4026730,9288,4036018
60.165.56.65,1884455,123629,2008084
60.165.57.10,2142882,8897,2151779
60.165.57.12,13837540,17226,13854766
60.165.57.13,8888897,16082,8904979
60.165.57.15,1724402,7034,1731436
60.165.57.18,51010901,12082,51022983
60.165.57.20,20522632,20265,20542897
60.165.57.204,2541599,5907,2547506
60.165.57.205,225024,5550,230574
60.165.57.25,3561377,13027,3574404
60.165.57.31,7109866,10215,7120081
60.165.57.71,1502605172,1281553,1503886725
60.165.57.72,1569488678,1399601,1570888279
60.165.57.73,1247056308,1054290,1248110598
60.165.57.74,580257739,507733,580765472
60.165.57.75,617776677,485517,618262194
60.165.57.76,290447660,243642,290691302
60.165.57.77,175458524,164636,175623160
60.165.57.78,265849865,212921,266062786
60.165.57.79,259410603,241285,259651888
60.165.57.80,401902763,376234,402278997
60.165.57.81,283585289,255324,283840613
60.165.57.82,384333169,300231,384633400
60.165.57.83,116448692,100821,116549513
60.165.57.84,263350239,225835,263576074
60.165.57.85,191684203,190102,191874305
60.165.57.86,253435864,184715,253620579
60.165.57.87,321607077,174265,321781342
60.165.57.88,201849323,157919,202007242
60.165.57.89,248071618,201763,248273381
60.165.57.90,193911546,159023,194070569
60.165.57.91,368902186,248939,369151125
60.165.57.92,222759686,187839,222947525
60.165.57.93,199589527,165837,199755364
60.165.57.94,261691782,257364,261949146
60.165.57.95,186947829,171114,187118943
60.165.90.237,450,278,728
60.165.91.50,0,142,142
60.166.12.151,756,282,1038
60.166.134.54,41,143,184
60.166.135.3,498,288,786
60.166.148.96,213,122,335
60.166.153.110,9537,49,9586
60.166.159.239,9537,53,9590
60.166.173.191,9537,53,9590
60.166.181.118,39,181,220
60.166.188.55,9537,53,9590
60.166.190.194,205,400,605
60.166.207.98,153004,689,153693
60.166.228.30,102,16482,16584
60.166.37.190,17737,468,18205
60.166.5.55,82800,2290,85090
60.166.52.41,11361,466,11827
60.166.53.14,33979,1140,35119
60.166.68.39,17817,106,17923
60.166.70.47,213331,122,213453
60.167.121.224,16838,1743,18581
60.167.138.19,0,0,0
60.167.228.102,237,158,395
60.167.228.175,1931,7452,9383
60.167.36.126,9537,49,9586
60.168.10.161,28538,1074,29612
60.168.127.53,1465,29944,31409
60.168.163.195,938,585,1523
60.168.214.126,8280,53,8333
60.168.23.8,9537,53,9590
60.168.251.203,154,556,710
60.168.39.248,19080,102,19182
60.168.42.211,1228,2240,3468
60.168.81.65,1089,7880,8969
60.169.1.10,10240,926,11166
60.169.1.149,170792,4296,175088
60.169.1.56,29875,1952,31827
60.169.227.134,267,2529,2796
60.169.3.43,1839,1680,3519
60.169.3.45,197136,3754,200890
60.169.50.87,53820,383,54203
60.169.53.157,113653,11426,125079
60.169.53.87,1461643,6277,1467920
60.169.55.27,41,151,192
60.169.73.144,15933,690,16623
60.169.73.54,16560,452,17012
60.169.74.251,38010,1302,39312
60.169.75.41,7544,448,7992
60.169.77.92,210828,12424,223252
60.169.78.137,20231,3401,23632
60.169.78.64,0,0,0
60.169.78.83,292378,7746,300124
60.169.78.95,963412,24569,987981
60.169.79.52,26209,673,26882
60.169.9.192,18170969,76238,18247207
60.17.160.48,74,285,359
60.170.3.236,19507,505,20012
60.170.31.11,28576,1140,29716
60.171.224.214,9537,49,9586
60.171.233.78,252518,16159278,16411796
60.171.237.226,83808,433,84241
60.171.247.7,1790,456,2246
60.171.247.87,18819,2616,21435
60.171.248.35,83630,1060,84690
60.171.254.230,19074,105,19179
60.171.83.16,16560,452,17012
60.172.112.169,9537,52,9589
60.172.183.196,0,52,52
60.172.183.212,0,255,255
60.172.198.21,21991,460,22451
60.172.228.202,1721,1608,3329
60.172.228.34,146494,19147,165641
60.172.229.175,2629417,30265,2659682
60.172.229.47,38640,900,39540
60.172.229.49,69883,934,70817
60.172.229.60,25587,900,26487
60.172.229.63,33316,2792,36108
60.172.246.207,740823,39932,780755
60.172.38.129,27345,1996,29341
60.172.42.254,9537,52,9589
60.172.95.127,24840,492,25332
60.173.10.92,17940,456,18396
60.173.112.63,3150,884,4034
60.173.113.151,26220,458,26678
60.173.12.105,2098,854,2952
60.173.12.45,328736,5049,333785
60.173.14.51,20303,10798,31101
60.173.141.182,3504,2614472,2617976
60.173.149.209,22080,464,22544
60.173.180.13,1021,2000,3021
60.173.252.45,1218,2031,3249
60.173.31.184,84,84,168
60.173.37.161,22080,448,22528
60.174.18.180,239,155,394
60.174.241.120,11010510,261610,11272120
60.174.241.121,539102,133663,672765
60.174.241.232,10122,587,10709
60.174.241.233,54241,1441,55682
60.174.241.27,694885,184413,879298
60.174.241.28,488167,130204,618371
60.174.241.29,683478,160348,843826
60.174.241.30,586463,157105,743568
60.174.241.31,457890,118750,576640
60.174.241.32,482116,150348,632464
60.174.241.33,707033,195658,902691
60.174.241.34,582951,153045,735996
60.174.241.35,619464,143535,762999
60.174.241.36,624303,153749,778052
60.174.241.37,453220,121733,574953
60.174.241.38,580945,156167,737112
60.174.241.93,665323,172533,837856
60.174.241.94,557170,133831,691001
60.174.80.202,16560,452,17012
60.175.184.201,17940,446,18386
60.175.184.98,644,452,1096
60.176.146.199,384,312,696
60.176.173.254,12654,9518052,9530706
60.176.247.184,19074,102,19176
60.176.29.128,9537,49,9586
60.176.34.50,398,115,513
60.176.37.235,21053,1241,22294
60.176.43.156,19074,106,19180
60.176.46.15,0,604,604
60.176.47.160,1124,2206,3330
60.176.47.197,1380,53,1433
60.176.47.212,115041,1194,116235
60.176.47.242,551,387,938
60.176.86.254,215,125,340
60.177.122.116,23387,6712500,6735887
60.177.137.104,63064,533,63597
60.178.165.155,134,134,268
60.178.224.212,16593,68,16661
60.179.156.134,9537,53,9590
60.179.183.128,9537,53,9590
60.179.188.239,137,235,372
60.179.200.75,11679,3273,14952
60.18.147.39,1443221,19378,1462599
60.18.147.8,23460,454,23914
60.18.151.201,406044,3072,409116
60.18.230.48,539,11888,12427
60.182.10.24,295297,107,295404
60.182.111.155,9537,52,9589
60.182.161.64,9537,53,9590
60.184.115.10,41,143,184
60.184.174.51,89,106,195
60.184.206.149,617,1202,1819
60.184.30.136,413,1120,1533
60.184.87.224,430,249,679
60.184.89.72,721,1306,2027
60.184.93.7,8970,52,9022
60.185.203.118,9537,53,9590
60.186.117.160,16563,38,16601
60.186.129.140,12934,8123334,8136268
60.186.131.86,257,267,524
60.186.132.175,1467,1082394,1083861
60.186.168.140,310,606,916
60.186.233.131,15875,7535162,7551037
60.187.129.184,65762,73,65835
60.187.159.0,84,84,168
60.187.79.62,9537,53,9590
60.188.137.207,41,143,184
60.188.188.52,615,1204,1819
60.188.197.243,103002,997,103999
60.188.40.235,36913,279,37192
60.188.77.233,9547,53,9600
60.188.92.38,101,199,300
60.189.237.146,0,49,49
60.189.255.159,9537,53,9590
60.189.42.18,41,151,192
60.189.46.252,5143,409,5552
60.19.114.147,41,151,192
60.19.121.195,74,293,367
60.19.134.108,0,604,604
60.19.150.243,41,151,192
60.19.172.82,41,151,192
60.19.59.190,41,151,192
60.190.113.30,16560,460,17020
60.190.113.38,136878,8719,145597
60.190.133.167,16560,452,17012
60.190.137.111,996,448,1444
60.190.167.106,834038,52251,886289
60.190.167.130,13023,480,13503
60.190.167.135,12999,544,13543
60.190.167.137,2983,3956,6939
60.190.172.151,27600,466,28066
60.190.176.129,22080,452,22532
60.190.202.125,23460,452,23912
60.190.205.253,1676,478,2154
60.190.216.202,354862,8290,363152
60.190.216.58,487241,48774,536015
60.190.216.85,6900,352,7252
60.190.217.36,32223,5436,37659
60.190.223.166,1427,265,1692
60.190.223.211,21588,788,22376
60.190.223.232,11775,1857,13632
60.190.240.205,29062,4490,33552
60.190.246.156,24840,681,25521
60.190.249.111,1050528,13524,1064052
60.190.249.53,3528,2990,6518
60.190.249.54,129726,3311,133037
60.190.249.56,2103520,485,2104005
60.190.28.55,209,452,661
60.190.28.56,423,909,1332
60.190.28.58,11760,1326,13086
60.190.28.60,17400,2686,20086
60.190.28.62,212,455,667
60.190.28.63,1057,2272,3329
60.190.28.64,25537,3106,28643
60.190.28.65,10619,1770,12389
60.190.28.66,7464,1325,8789
60.190.28.67,24674,3064,27738
60.190.46.211,17680,402,18082
60.190.57.146,3832,490,4322
60.190.57.55,16560,454,17014
60.190.99.30,31740,448,32188
60.191.0.168,72584,2174,74758
60.191.100.103,6658,1841,8499
60.191.110.149,344,278,622
60.191.128.239,28928,1489,30417
60.191.128.243,1269,1184,2453
60.191.128.32,77696,3992,81688
60.191.129.135,17270,930,18200
60.191.129.99,9824,1867,11691
60.191.13.127,27600,672,28272
60.191.137.113,19320,454,19774
60.191.137.76,72216,11859,84075
60.191.139.251,4096,364,4460
60.191.14.39,27600,452,28052
60.191.14.43,119383,13098,132481
60.191.140.199,226859,69201,296060
60.191.140.201,35084,94684,129768
60.191.142.139,4542,365,4907
60.191.172.191,230911,7187,238098
60.191.176.155,7960,492,8452
60.191.187.20,315940,4531,320471
60.191.192.78,6678,4978,11656
60.191.203.227,8527,5649,14176
60.191.209.154,7496,448,7944
60.191.21.168,19320,456,19776
60.191.21.176,2354884,17928,2372812
60.191.21.195,339458,2881,342339
60.191.221.78,5787,259,6046
60.191.222.101,8704,236,8940
60.191.222.17,12,184,196
60.191.222.183,156314,2440,158754
60.191.222.24,8082166,4940,8087106
60.191.222.35,0,516,516
60.191.222.62,467684,32523,500207
60.191.222.86,243755,2456,246211
60.191.222.92,588,1264,1852
60.191.222.94,1764,9600,11364
60.191.223.20,125796,1738,127534
60.191.223.44,29749,5270,35019
60.191.223.47,297587,12407,309994
60.191.223.7,42780,147,42927
60.191.223.88,109247,5659,114906
60.191.223.91,19722,1643,21365
60.191.231.51,11027,2605,13632
60.191.231.85,308590,14387,322977
60.191.239.197,394923,2712,397635
60.191.239.202,69843,10669,80512
60.191.239.254,902245,8987,911232
60.191.239.39,2502,2201,4703
60.191.240.0,172089,7065,179154
60.191.240.1,12732,452,13184
60.191.25.92,11496,1395,12891
60.191.250.45,115975,1884,117859
60.191.254.89,2104340,18650,2122990
60.191.3.153,9616,472,10088
60.191.34.255,35664,1800,37464
60.191.37.211,13672,448,14120
60.191.57.11,3946,1097,5043
60.191.57.217,328698,15823,344521
60.191.72.167,408999,42132,451131
60.191.72.168,212362,2420,214782
60.191.72.171,653159,81270,734429
60.191.93.201,227597,23759,251356
60.194.163.86,41,151,192
60.195.249.167,18690,14118,32808
60.195.249.220,22080,470,22550
60.195.249.54,25632,356,25988
60.195.249.82,25268,874,26142
60.199.202.70,10440,353,10793
60.2.148.199,5884,9270,15154
60.2.148.201,58275,2629,60904
60.2.151.121,0,130,130
60.2.152.186,19320,450,19770
60.2.249.175,17534,452,17986
60.2.40.219,41400,672,42072
60.2.43.176,12490,458,12948
60.20.179.136,129,218,347
60.206.111.165,0,572,572
60.206.12.11,92228,92327,184555
60.206.12.14,65605,68908,134513
60.206.12.24,85546,87401,172947
60.206.12.72,48759,51203,99962
60.206.12.73,55510,57822,113332
60.206.12.74,69419,79037,148456
60.206.137.88,64842,10274,75116
60.206.215.193,19074,105,19179
60.206.40.69,151776,182228,334004
60.207.246.103,461899,124877,586776
60.207.246.20,494940,134748,629688
60.207.246.21,639111,171098,810209
60.207.246.22,489493,139159,628652
60.207.246.23,571295,152137,723432
60.207.246.24,573966,161108,735074
60.207.246.26,494915,152200,647115
60.208.13.62,50844,1983,52827
60.208.75.45,36794,1346,38140
60.208.76.58,27965,3043,31008
60.209.111.25,41,151,192
60.209.6.150,413687,25938,439625
60.21.208.19,8280,460,8740
60.210.10.10,1506700,339,1507039
60.210.10.15,69,251,320
60.210.10.38,64437,3971,68408
60.210.11.67,244760,12682,257442
60.210.111.147,16560,464,17024
60.210.137.10,41,143,184
60.210.18.21,434183,115293,549476
60.210.18.22,619836,159694,779530
60.210.18.23,482270,140339,622609
60.210.18.24,600699,154072,754771
60.210.18.39,587741,167365,755106
60.210.18.41,544305,172855,717160
60.210.18.44,676857,145522,822379
60.210.18.46,541624,135857,677481
60.211.110.54,41,151,192
60.211.142.77,41,151,192
60.211.182.14,51351,2537,53888
60.211.194.154,17920,454,18374
60.211.208.207,494749,136246,630995
60.211.208.219,437221,115578,552799
60.211.208.222,546051,145697,691748
60.211.208.223,628599,160796,789395
60.211.208.224,508134,158362,666496
60.211.208.230,242170,24512,266682
60.211.226.43,153970,256,154226
60.211.238.43,3264,452,3716
60.211.243.7,8280,227,8507
60.211.253.253,423660,2541,426201
60.211.87.94,41,151,192
60.213.147.106,13800,462,14262
60.213.161.248,41,151,192
60.213.170.130,41,143,184
60.213.184.121,26220,456,26676
60.213.224.109,15262,1250,16512
60.213.49.71,16560,452,17012
60.214.162.162,41,151,192
60.214.162.73,41,143,184
60.214.17.110,0,1208,1208
60.214.209.222,33662,2644,36306
60.215.125.76,164837,16557,181394
60.215.128.207,940589,87847,1028436
60.215.128.252,14490,2608,17098
60.215.128.253,12915,2636,15551
60.215.8.153,27600,2900,30500
60.215.93.18,1194,938,2132
60.216.144.198,129,231,360
60.216.174.207,76285,2435,78720
60.216.174.215,113653,761,114414
60.216.174.216,82118,1492,83610
60.216.175.166,0,432,432
60.216.5.95,23803,728,24531
60.216.60.145,2584,468,3052
60.216.89.8,10076,456,10532
60.216.99.146,19320,458,19778
60.217.161.195,41,143,184
60.217.165.70,41,151,192
60.217.167.154,41,151,192
60.217.183.94,41,151,192
60.217.192.173,1846,214,2060
60.217.235.151,67335,6843,74178
60.217.235.174,19743,5563,25306
60.217.244.185,83972,15470,99442
60.217.244.186,7766,5118,12884
60.217.244.187,464,8277,8741
60.217.244.192,47433,11172,58605
60.217.244.197,164823,8271,173094
60.217.244.198,53995,7347,61342
60.217.244.63,934,6211,7145
60.217.244.70,3853,5597,9450
60.217.252.22,770,825,1595
60.218.20.9,1107916,502,1108418
60.218.66.101,41,151,192
60.219.151.168,7334,225,7559
60.219.223.255,41,151,192
60.219.63.135,41,143,184
60.22.121.32,41,151,192
60.22.177.197,906,240,1146
60.22.208.126,41,151,192
60.220.224.9,20700,456,21156
60.221.218.242,229461,6762,236223
60.221.220.45,75922,31586,107508
60.221.236.144,90071,5767,95838
60.221.255.81,16560,456,17016
60.222.114.93,41,143,184
60.222.221.64,214059,5196,219255
60.222.223.64,684264,45718,729982
60.222.98.184,41,151,192
60.223.203.230,123,429,552
60.235.18.168,2166,1532,3698
60.24.205.168,1627,181,1808
60.242.52.44,12351,9800,22151
60.246.141.162,0,68,68
60.246.242.134,0,136,136
60.246.244.63,0,884,884
60.247.100.228,7529,4535,12064
60.247.14.12,884422,15762,900184
60.247.45.147,35663,1612,37275
60.247.99.65,365483,79669,445152
60.248.110.120,531825,4558,536383
60.249.54.226,57427,6123,63550
60.25.183.232,24,33,57
60.250.233.10,0,2678,2678
60.250.72.147,125,294,419
60.250.74.107,50912,825,51737
60.252.144.167,33004,32968,65972
60.253.29.48,574109,75134,649243
60.26.36.206,342,200,542
60.27.178.209,41,143,184
60.27.224.154,41,143,184
60.28.113.128,25487,23626,49113
60.28.113.145,38582,26565,65147
60.28.113.152,40559,30268,70827
60.28.113.159,2759,22433,25192
60.28.115.107,32341,11188,43529
60.28.115.108,67732,28930,96662
60.28.164.215,2778,1547,4325
60.28.164.42,20910,2311,23221
60.28.165.0,1406,3136,4542
60.28.173.91,6065,1447,7512
60.28.175.14,26079,17412,43491
60.28.175.156,2073145,170065,2243210
60.28.175.157,14222906,118994,14341900
60.28.193.153,1248,1268,2516
60.28.193.156,3654,10718,14372
60.28.193.158,1711,2993,4704
60.28.193.159,1248,1121,2369
60.28.195.125,28,116,144
60.28.198.16,774,4916,5690
60.28.2.177,30251,386,30637
60.28.201.179,8786,6019,14805
60.28.201.35,1884,9627,11511
60.28.202.105,97227,11122,108349
60.28.202.110,45027,5776,50803
60.28.204.233,23346,8684,32030
60.28.205.207,230029,13048,243077
60.28.205.44,196903,33064,229967
60.28.208.16,1546,1477,3023
60.28.208.190,370207,293461,663668
60.28.208.191,196551,200033,396584
60.28.208.192,146228,184267,330495
60.28.208.193,310696,286133,596829
60.28.208.25,5220,7749,12969
60.28.208.61,140262,57133,197395
60.28.209.112,7409,10560,17969
60.28.210.91,308,1518,1826
60.28.211.169,8799,2345,11144
60.28.213.88,649,3160,3809
60.28.214.184,8522,9362,17884
60.28.214.186,14354,4588,18942
60.28.215.100,57955,13381,71336
60.28.215.114,61705,27423,89128
60.28.215.115,23451,7079,30530
60.28.215.120,328,395,723
60.28.215.121,328888,688234,1017122
60.28.215.122,165645,236212,401857
60.28.215.124,328,425,753
60.28.215.127,127929,97971,225900
60.28.215.128,89067,101742,190809
60.28.215.75,7316653,3207476,10524129
60.28.215.76,4691878,2437240,7129118
60.28.215.79,89230,26039,115269
60.28.215.80,66412,18362,84774
60.28.215.85,893455,153070,1046525
60.28.215.86,531300,138233,669533
60.28.215.87,333729,142218,475947
60.28.215.88,275552,148021,423573
60.28.215.91,41551,5284,46835
60.28.215.92,119092,37948,157040
60.28.215.96,1361,1780,3141
60.28.215.99,128033,36376,164409
60.28.217.177,4546,558,5104
60.28.217.178,4250,483,4733
60.28.217.185,3209,4805,8014
60.28.217.195,56,232,288
60.28.220.121,735,974,1709
60.28.220.128,205912,1319618,1525530
60.28.220.138,24840,446,25286
60.28.220.190,14481,28555,43036
60.28.220.191,1350,2140,3490
60.28.226.139,102092,1376,103468
60.28.226.140,18065,2153,20218
60.28.226.45,375875,38553,414428
60.28.226.55,225542,20500,246042
60.28.227.228,274813,6263,281076
60.28.227.232,117711,2227,119938
60.28.228.14,200318,138890,339208
60.28.228.26,1284,5938,7222
60.28.228.69,28683,24950,53633
60.28.241.49,1445,832,2277
60.28.244.216,151866,12429,164295
60.28.244.255,15307,57886,73193
60.28.245.3,29517,7767,37284
60.28.246.81,11233,454,11687
60.28.251.205,824952,50102,875054
60.28.81.145,16560,450,17010
60.29.178.137,980467,25755,1006222
60.29.226.186,997,1144,2141
60.29.226.187,895,475,1370
60.29.228.26,16549,5172,21721
60.29.228.33,1121,803,1924
60.29.232.40,0,1135,1135
60.29.246.105,3487,29211,32698
60.29.246.106,92,280,372
60.29.246.107,914,8595,9509
60.29.246.108,92,274,366
60.29.246.109,184,548,732
60.29.246.110,1339,17841,19180
60.29.246.111,213,755,968
60.29.246.112,107,377,484
60.29.246.113,382,1208,1590
60.29.246.74,1794,6434,8228
60.30.218.245,0,130,130
60.30.245.247,14529,449,14978
60.30.25.53,4029,1159,5188
60.30.75.55,16560,450,17010
60.31.106.29,41,151,192
60.31.215.73,22080,458,22538
60.4.171.159,559,558,1117
60.4.70.227,258,361,619
60.5.12.238,80,80,160
60.5.163.35,164,572,736
60.5.252.123,376,652,1028
60.5.254.15,204655,33556,238211
60.5.254.26,19823,1977,21800
60.5.255.42,9457,4002,13459
60.50.74.39,9345,6958,16303
60.55.12.180,23,86,109
60.55.32.11,1537309,7817,1545126
60.55.32.12,1020114,6542,1026656
60.55.32.13,1660374,14230,1674604
60.55.32.14,304348,5591,309939
60.55.32.15,1732199,6532,1738731
60.55.32.16,1868469,15847,1884316
60.55.32.17,2384073,15282,2399355
60.55.32.18,1747532,13706,1761238
60.55.32.186,379325,15396,394721
60.55.32.19,420965,9823,430788
60.55.32.199,125726,1857,127583
60.55.32.20,1055263,11208,1066471
60.55.32.200,4296,1296,5592
60.55.32.201,4461,3595,8056
60.55.32.202,636,1402,2038
60.55.32.203,212,455,667
60.55.32.204,212,489,701
60.55.32.206,20809,5150,25959
60.55.32.208,212,454,666
60.55.32.210,12613,1326,13939
60.55.32.22,657940,2166,660106
60.55.32.23,6728,462,7190
60.55.32.24,24319,1278,25597
60.55.32.25,80962,5848,86810
60.55.32.26,325806,1011,326817
60.55.32.27,53824,3162,56986
60.55.32.29,646295,5358,651653
60.55.32.9,349958,4058,354016
60.55.33.115,1268624,90504,1359128
60.55.34.43,877758,11343,889101
60.55.34.55,418,902,1320
60.55.34.56,2846,1294,4140
60.55.34.57,421,905,1326
60.55.34.71,634,1336,1970
60.55.34.77,2653,440,3093
60.55.34.78,4024,554,4578
60.55.34.80,9944,1314,11258
60.55.34.82,9322,882,10204
60.55.34.83,20098,2412,22510
60.55.37.158,702,846,1548
60.55.38.35,709,553,1262
60.55.49.199,221795,6705,228500
60.6.234.82,259082,10612,269694
60.6.254.56,17940,454,18394
60.9.15.209,0,68,68
60.9.23.171,41,214,255
60.98.111.105,138348,47044,185392
61.10.231.118,1669,413,2082
61.100.212.89,1487,1082,2569
61.102.221.191,1493,5339,6832
61.120.152.194,213,1706,1919
61.120.158.66,426,1706,2132
61.128.158.240,16560,452,17012
61.128.172.161,22080,456,22536
61.128.226.182,16560,456,17016
61.129.102.21,52862,970,53832
61.129.102.32,9616,450,10066
61.129.102.71,5778,452,6230
61.129.102.98,17786,435,18221
61.129.113.116,15036,454,15490
61.129.14.136,1319584,30158,1349742
61.129.14.204,1293,2145,3438
61.129.14.219,3353,1230,4583
61.129.33.186,22080,490,22570
61.129.42.10,54964,1853,56817
61.129.42.84,420,534,954
61.129.48.135,2365,1118,3483
61.129.48.163,2249700,15679,2265379
61.129.48.169,1219,1140,2359
61.129.48.174,8160,454,8614
61.129.48.196,206734,40908,247642
61.129.48.215,29598,2740,32338
61.129.48.217,21200,6946,28146
61.129.48.234,361199,39298,400497
61.129.48.235,1269,2873,4142
61.129.48.242,221103,26225,247328
61.129.51.103,11064,675,11739
61.129.53.160,1512189,246376,1758565
61.129.58.49,31092,1293,32385
61.129.65.108,175432,8339,183771
61.129.65.125,71731,8633,80364
61.129.65.23,69461,2743,72204
61.129.65.26,64566,17264,81830
61.129.65.46,62409,2482,64891
61.129.68.204,154090,46250,200340
61.129.73.106,21158,904,22062
61.129.73.107,15192,461,15653
61.129.73.108,15631,869,16500
61.129.89.215,388081,20787,408868
61.130.145.241,21734,340,22074
61.130.8.205,11040,458,11498
61.130.8.57,37260,904,38164
61.130.8.58,1584906,44226,1629132
61.130.9.251,1764,528,2292
61.130.97.251,837,1693,2530
61.130.97.253,16716,2074,18790
61.130.97.254,208,452,660
61.130.97.255,16775,1764,18539
61.130.97.39,12669,874,13543
61.130.97.40,9805,10530,20335
61.130.97.42,12638,21309,33947
61.130.97.43,45998,6171,52169
61.131.252.208,7498,454,7952
61.131.36.131,19320,448,19768
61.131.46.3,222,156,378
61.131.54.16,0,0,0
61.132.118.95,49800,914,50714
61.132.133.24,114898,2280,117178
61.132.136.135,41400,1140,42540
61.132.139.176,49680,1145,50825
61.132.221.200,24840,678,25518
61.132.221.207,1087563,30418,1117981
61.132.221.232,44160,1150,45310
61.132.221.242,16560,460,17020
61.132.221.248,16560,452,17012
61.132.30.143,9537,53,9590
61.132.51.136,1119,795,1914
61.132.52.96,984,460,1444
61.132.73.247,377,260,637
61.132.74.0,754,535,1289
61.132.81.48,9537,53,9590
61.132.87.157,16560,448,17008
61.133.218.23,9541,53,9594
61.133.231.63,1332,639,1971
61.133.84.160,718535,11468,730003
61.133.99.103,68054,1374,69428
61.133.99.86,22080,456,22536
61.134.14.20,9537,53,9590
61.134.225.112,0,187,187
61.134.27.144,20700,450,21150
61.134.36.81,34500,693,35193
61.134.53.94,26900,966,27866
61.134.55.206,96655,1100,97755
61.134.60.142,9616,452,10068
61.134.65.146,9537,53,9590
61.134.65.216,2048,1122,3170
61.135.129.117,17940,454,18394
61.135.130.247,428,2115,2543
61.135.130.56,128086,10838,138924
61.135.131.196,1176,349,1525
61.135.132.118,2658,6470,9128
61.135.132.35,1211,2251,3462
61.135.132.51,390,551,941
61.135.132.64,194124,5355,199479
61.135.137.57,2694469,72264,2766733
61.135.145.32,418,1393,1811
61.135.145.41,5004,17881,22885
61.135.145.42,6116,19226,25342
61.135.153.198,578,596,1174
61.135.153.249,1201179,78550,1279729
61.135.153.50,855,4110,4965
61.135.153.51,6087,24941,31028
61.135.153.52,4059,14624,18683
61.135.157.160,3380,14082,17462
61.135.157.161,18963,5042,24005
61.135.157.162,142014,5475,147489
61.135.157.211,387,188,575
61.135.157.212,6513,641,7154
61.135.157.236,15499937,92411,15592348
61.135.162.120,749,6411,7160
61.135.162.158,17696,283167,300863
61.135.162.167,194465,1214122,1408587
61.135.162.172,164,1538,1702
61.135.162.187,675,2475,3150
61.135.162.26,173,1174,1347
61.135.162.41,10128,14490,24618
61.135.169.110,43416,872,44288
61.135.169.126,607113,201041,808154
61.135.169.130,371370,153420,524790
61.135.171.166,23874,456,24330
61.135.173.141,431067,52602,483669
61.135.173.143,88110,185523,273633
61.135.185.110,203,443,646
61.135.185.144,819,4599,5418
61.135.185.145,127038,95526,222564
61.135.185.151,9964,584,10548
61.135.185.152,91074,20383,111457
61.135.185.184,776,3857,4633
61.135.185.189,215344,9317,224661
61.135.185.194,671,3186,3857
61.135.185.199,3291,2333,5624
61.135.185.213,31662258,1772796,33435054
61.135.185.217,832756,153881,986637
61.135.185.22,1053044,772501,1825545
61.135.185.221,15343,159135,174478
61.135.185.23,9601,22890,32491
61.135.185.28,316,3387,3703
61.135.185.29,214500,90779,305279
61.135.185.34,133486,18304,151790
61.135.185.38,49561,95764,145325
61.135.185.71,38482,22234,60716
61.135.186.157,401609,103027,504636
61.135.186.170,169,560,729
61.135.186.229,824,3778,4602
61.135.186.89,3099582,240445,3340027
61.135.187.72,60970,15466,76436
61.135.189.220,9774,6302,16076
61.135.189.221,10655,8370,19025
61.135.189.40,123990,2805,126795
61.135.189.41,107745,2442,110187
61.135.196.122,6723,10860,17583
61.135.196.137,5206,9275,14481
61.135.196.206,15323,58208,73531
61.135.196.208,199,1378,1577
61.135.196.209,50546,230116,280662
61.135.196.211,40992,110987,151979
61.135.196.220,65283,562863,628146
61.135.198.38,0,226,226
61.135.198.39,1596,226,1822
61.135.207.215,157438,3180,160618
61.135.217.82,2864,5056,7920
61.135.217.83,2208,3627,5835
61.135.217.84,3182,791,3973
61.135.218.15,4886,697,5583
61.135.218.34,520,3844,4364
61.135.218.36,644,764,1408
61.135.218.37,1541,5143,6684
61.135.218.40,4453,4971,9424
61.135.218.43,3862,2206,6068
61.135.218.46,942,3635,4577
61.135.218.47,485,984,1469
61.135.218.48,4941,1643,6584
61.135.218.49,1452,10508,11960
61.135.218.50,1490,892,2382
61.135.218.51,1652,1986,3638
61.135.218.52,1490,892,2382
61.135.218.53,154,1466,1620
61.135.218.76,277,464,741
61.135.218.90,7820,4779,12599
61.135.221.37,11681,4482,16163
61.135.221.38,0,0,0
61.135.221.39,780,6030,6810
61.135.221.40,3156,3222,6378
61.135.221.41,7512,3842,11354
61.135.232.203,263248,8139,271387
61.135.250.135,59201,35605,94806
61.135.251.144,4793,331,5124
61.135.251.149,3712,3434,7146
61.135.253.208,259,70,329
61.136.112.23,16560,458,17018
61.136.113.41,9358,454,9812
61.136.149.19,17940,448,18388
61.136.167.73,184920,338,185258
61.136.173.39,11286,966,12252
61.136.186.82,23460,460,23920
61.136.211.102,1129299,18913,1148212
61.136.211.104,6712257,996,6713253
61.136.211.159,12332990,79110,12412100
61.136.211.22,1179611,441,1180052
61.136.211.34,85536,446,85982
61.136.211.38,1589,273,1862
61.136.211.39,124314,632,124946
61.136.242.183,16560,450,17010
61.136.242.39,16560,458,17018
61.136.252.154,9537,53,9590
61.136.59.135,352,643,995
61.136.59.163,105,3597,3702
61.136.59.199,17333,9493,26826
61.136.59.200,40855,14851,55706
61.136.59.201,34224,10346,44570
61.136.59.234,24644,9021,33665
61.136.59.235,142414,33676,176090
61.136.59.236,71272,21763,93035
61.136.60.73,17940,514,18454
61.137.209.249,41,151,192
61.137.224.44,41,143,184
61.137.240.219,41,151,192
61.138.107.41,19320,684,20004
61.138.111.131,9616,462,10078
61.138.117.33,6440,450,6890
61.138.219.11,603412,150091,753503
61.138.219.114,277161,204956,482117
61.138.219.12,642643,183388,826031
61.138.219.13,617796,170153,787949
61.138.219.14,322915,96342,419257
61.138.219.15,476870,134270,611140
61.138.219.16,530036,143992,674028
61.138.219.17,522929,141362,664291
61.138.219.18,596473,154571,751044
61.138.219.19,529932,158432,688364
61.138.219.20,590830,156308,747138
61.138.219.21,653031,169376,822407
61.138.219.22,611914,156486,768400
61.138.219.48,213391,144561,357952
61.138.219.55,681449,441,681890
61.139.104.201,27600,444,28044
61.139.126.11,27600,678,28278
61.139.126.212,16560,456,17016
61.139.126.229,161394,7416,168810
61.139.126.34,19320,456,19776
61.139.127.0,485,446,931
61.139.127.86,92092,21276,113368
61.139.127.9,271843,2117,273960
61.139.44.85,144674,4543,149217
61.139.47.250,30364,1814,32178
61.139.67.153,455715,60010,515725
61.139.76.214,20700,450,21150
61.139.77.179,16560,454,17014
61.14.171.103,267701,18393,286094
61.140.158.130,308,795,1103
61.140.190.240,2358,1767,4125
61.140.192.67,240,155,395
61.140.233.145,2882,1881,4763
61.140.239.120,6678,46778712,46785390
61.140.239.39,17348,343122,360470
61.140.99.38,56002,1365,57367
61.141.235.63,17940,450,18390
61.141.236.27,336,582,918
61.142.176.64,12072,2125,14197
61.142.208.145,261286,27389,288675
61.142.208.147,107204,4160,111364
61.142.208.148,498995,1818,500813
61.142.208.150,134981,5604,140585
61.142.239.151,27776,822,28598
61.142.239.154,56044,1444,57488
61.142.239.59,2282,370,2652
61.142.246.135,2424,687,3111
61.142.250.101,394,822,1216
61.142.250.128,62640,7658,70298
61.142.250.86,2662,530,3192
61.142.254.203,650,366,1016
61.142.80.241,8234,460,8694
61.142.83.102,19320,460,19780
61.143.145.159,22908,996,23904
61.143.222.205,44130,464,44594
61.143.225.11,245961,10075,256036
61.143.225.114,775199,57883,833082
61.143.225.123,1850,685,2535
61.143.225.143,303325,8090,311415
61.143.225.16,27716,946,28662
61.143.225.17,734,939,1673
61.143.225.18,68575,1350,69925
61.143.225.180,1077,362,1439
61.143.225.187,8280,226,8506
61.143.225.188,8280,226,8506
61.143.225.189,44160,931,45091
61.143.225.190,16560,461,17021
61.143.225.21,36115,778,36893
61.143.225.254,80558,9278,89836
61.143.225.60,1274,518,1792
61.143.225.62,1920,343,2263
61.143.225.70,1274,518,1792
61.143.85.7,1157,777,1934
61.143.93.224,445,311,756
61.144.226.7,17130,922,18052
61.144.226.84,23460,454,23914
61.144.227.20,40377,1951,42328
61.144.227.205,79125,8647,87772
61.144.23.97,0,0,0
61.144.244.23,16560,448,17008
61.144.244.87,16560,464,17024
61.144.246.148,16952,450,17402
61.144.78.182,814,1606,2420
61.145.113.10,21917,25341,47258
61.145.113.110,4541,2717,7258
61.145.113.115,2654508,779328,3433836
61.145.113.119,315075,31632,346707
61.145.113.120,611887,71790,683677
61.145.113.17,31544,5026,36570
61.145.113.19,760,3868,4628
61.145.113.24,456,1579,2035
61.145.113.37,85697,7685,93382
61.145.113.42,11510,11962,23472
61.145.113.46,1801784,290382,2092166
61.145.113.48,83681,34138,117819
61.145.113.51,969,2186,3155
61.145.113.56,598,653,1251
61.145.113.60,608,2304,2912
61.145.113.67,433083,30226,463309
61.145.113.96,46946,6259,53205
61.145.118.243,449673,2240,451913
61.145.121.47,732,458,1190
61.145.122.160,497176,53510,550686
61.145.124.206,21122,1326,22448
61.145.164.168,403580,15704,419284
61.145.165.127,2760,1940,4700
61.145.17.9,9537,53,9590
61.145.199.177,50400,2046,52446
61.145.27.222,307,601,908
61.145.70.72,106583,10867,117450
61.145.70.74,42437,5231,47668
61.146.0.246,1357,1087,2444
61.146.0.35,476,418,894
61.146.11.153,103,270,373
61.146.178.185,1380,859,2239
61.146.211.108,10284,675,10959
61.146.213.194,102120,916,103036
61.147.101.61,34487,571,35058
61.147.103.27,22080,452,22532
61.147.107.105,6152,1006,7158
61.147.108.126,1491353,202,1491555
61.147.108.127,761,366,1127
61.147.108.128,1274818,9890,1284708
61.147.108.155,516241,16021,532262
61.147.108.156,196520,61599,258119
61.147.108.16,48495,5860,54355
61.147.108.21,387812,13272,401084
61.147.108.40,141436,938,142374
61.147.108.7,17940,450,18390
61.147.109.200,0,0,0
61.147.109.81,209435,16454,225889
61.147.109.83,11040,899,11939
61.147.109.96,271990,21463,293453
61.147.111.57,190733,10518,201251
61.147.113.116,37378,1830,39208
61.147.113.118,1171749,20644,1192393
61.147.113.125,147363,81765,229128
61.147.113.167,32649,6548,39197
61.147.113.177,18054,3204,21258
61.147.113.185,31515,4282,35797
61.147.113.20,17940,456,18396
61.147.113.31,1769,203,1972
61.147.115.41,731,428,1159
61.147.116.103,80452,1350,81802
61.147.116.165,8305,22511,30816
61.147.116.202,420943,25421,446364
61.147.116.204,16560,452,17012
61.147.116.94,7264,1717,8981
61.147.117.243,229982,2389,232371
61.147.117.245,395268,6680,401948
61.147.117.246,4649,612,5261
61.147.117.247,86999,13818,100817
61.147.117.255,64809,3891150,3955959
61.147.119.212,80507,10236,90743
61.147.119.216,190977,6363,197340
61.147.121.181,1190,859,2049
61.147.124.125,4545,1852,6397
61.147.124.128,1708,186,1894
61.147.124.130,14965,7232,22197
61.147.124.152,1998,378,2376
61.147.124.201,6856,464,7320
61.147.124.215,26667,6033,32700
61.147.124.25,765394,57497,822891
61.147.124.252,3138,1539,4677
61.147.124.40,6856,456,7312
61.147.124.54,4611,1020,5631
61.147.124.76,8191,3785,11976
61.147.124.80,7228,3348,10576
61.147.125.103,16560,450,17010
61.147.125.118,277440,53747,331187
61.147.125.121,4745,7780620,7785365
61.147.125.122,613961,2176438,2790399
61.147.125.195,19320,458,19778
61.147.125.7,59535,1201,60736
61.147.125.72,6453,4703,11156
61.147.125.77,2089,1244,3333
61.147.126.97,46451,1296,47747
61.147.127.207,259702,437,260139
61.147.254.215,760,456,1216
61.147.56.73,2347621,217225,2564846
61.147.67.168,5231,3098,8329
61.147.67.185,6233,3403,9636
61.147.67.211,310918,1800,312718
61.147.70.10,96775,6174,102949
61.147.75.14,136426,8790,145216
61.147.75.26,34335,30760,65095
61.147.75.48,2417646,25571,2443217
61.147.75.78,100500,11736,112236
61.147.76.44,248,66,314
61.147.76.93,432,893,1325
61.147.77.15,32053,4903,36956
61.147.77.19,30518,9184,39702
61.147.77.22,1691,1238,2929
61.147.77.26,824,366,1190
61.147.77.28,1970611,26010,1996621
61.147.79.110,124784,18364,143148
61.147.79.75,41586,968,42554
61.147.79.91,352311,7246,359557
61.147.80.71,2646,362,3008
61.147.81.137,59086,1696,60782
61.147.82.119,146618,79263,225881
61.147.82.171,111696,3134,114830
61.147.82.173,1860,1720,3580
61.147.82.175,669,1104,1773
61.147.82.178,52440,956,53396
61.147.82.183,2760,888,3648
61.147.82.220,31740,681,32421
61.147.82.223,399625,980,400605
61.147.84.50,1881986,69704,1951690
61.147.88.10,64928,9925,74853
61.147.91.22,299,357,656
61.147.94.10,639,957,1596
61.147.94.43,6563272,45739,6609011
61.147.96.116,6152,13805,19957
61.147.96.244,11987,1074,13061
61.147.96.37,71496,792,72288
61.147.97.184,50081,5620,55701
61.147.97.39,13202240,8666,13210906
61.147.98.205,360041,2242,362283
61.149.19.47,3160,328,3488
61.15.136.43,1202,3981258,3982460
61.150.100.59,2792550,143099,2935649
61.150.109.238,151069,6072,157141
61.150.43.97,8733,864,9597
61.150.52.144,102,202,304
61.150.72.160,57377,386,57763
61.150.72.161,357713,9953,367666
61.150.91.126,14852,690,15542
61.150.91.134,568,813,1381
61.150.91.47,52731,1618,54349
61.151.186.108,0,0,0
61.151.186.113,4542135,4642,4546777
61.151.186.126,4862741,2619758,7482499
61.151.186.128,19822294,6281562,26103856
61.151.217.154,0,0,0
61.151.217.232,296271,535,296806
61.151.217.63,8559,502,9061
61.151.224.123,380282,5152,385434
61.151.224.124,1622587,2392,1624979
61.151.224.126,193440,2329,195769
61.151.224.127,97769,1759,99528
61.151.224.128,1443884,2352,1446236
61.151.224.129,2074106,7430,2081536
61.151.224.130,57834,1174,59008
61.151.224.131,461534,1759,463293
61.151.224.31,2561,12048,14609
61.151.224.36,108529,2508,111037
61.151.224.39,1178,462,1640
61.151.224.41,105527,26760,132287
61.151.224.43,931260,249683,1180943
61.151.224.44,33732,4547,38279
61.151.224.45,1348,862,2210
61.151.224.46,227226,555441,782667
61.151.224.47,507026,293076,800102
61.151.232.16,907564,1062482,1970046
61.151.232.40,1036047,1004748,2040795
61.151.232.41,945470,1024832,1970302
61.151.232.43,692694,350245,1042939
61.151.232.44,4525,9789,14314
61.151.233.109,515722,5379,521101
61.151.233.114,125753,171179,296932
61.151.233.128,1120159,280890,1401049
61.151.234.187,10367,271,10638
61.151.234.219,18101,271,18372
61.151.234.31,22080,299,22379
61.151.234.34,9767,299,10066
61.151.234.42,16,16,32
61.151.234.47,940925,15781,956706
61.151.234.48,122426,5981,128407
61.151.234.53,678386,17275,695661
61.151.234.54,330179,8166,338345
61.151.234.55,382382,6170,388552
61.151.234.56,1092553,19315,1111868
61.151.234.60,1607659,24212,1631871
61.151.239.143,6856,454,7310
61.151.239.76,6856,464,7320
61.151.252.175,1402,156,1558
61.152.105.139,881,4267,5148
61.152.114.135,92152,24808,116960
61.152.122.177,24840,936,25776
61.152.123.84,1655,450,2105
61.152.150.241,33509,9599,43108
61.152.150.243,1520,2602,4122
61.152.150.254,297407,14365,311772
61.152.151.200,387606,121271,508877
61.152.151.214,642,5319,5961
61.152.151.215,1391,13658,15049
61.152.207.202,16560,450,17010
61.152.215.249,762,364,1126
61.152.236.136,125000,1575,126575
61.152.239.167,53343,917,54260
61.152.239.82,620,456,1076
61.152.241.166,30694733,1644022,32338755
61.152.242.13,62759,13949,76708
61.152.242.18,5180,778,5958
61.152.242.19,37574,2431,40005
61.152.242.22,11544,1606,13150
61.152.242.7,50952,1840,52792
61.152.242.9,13569,16926,30495
61.152.93.42,696879,46899,743778
61.152.96.246,27444,5301,32745
61.153.100.185,416,936,1352
61.153.100.52,7403,2046,9449
61.153.102.110,15275,4198,19473
61.153.109.191,3372,1284,4656
61.153.110.104,17940,446,18386
61.153.110.33,118034,1808,119842
61.153.111.148,6706164,122107,6828271
61.153.111.74,672,942,1614
61.153.111.78,24840,452,25292
61.153.154.8,453,320,773
61.153.158.205,26082,1413,27495
61.153.17.106,24630,5951,30581
61.153.17.121,374719,81081,455800
61.153.17.41,349556,2747,352303
61.153.17.48,129899,4256,134155
61.153.17.53,36655,2276,38931
61.153.17.67,912292,61363,973655
61.153.17.70,998335,11175,1009510
61.153.17.84,638533,56050,694583
61.153.17.85,11262,6785,18047
61.153.183.112,414291,20066,434357
61.153.183.144,23152,924,24076
61.153.193.242,16560,450,17010
61.153.213.41,1242,446,1688
61.153.22.138,801156,7344,808500
61.153.23.33,16560,448,17008
61.153.26.82,12420,456,12876
61.153.28.167,43048,1120,44168
61.153.3.156,41400,1120,42520
61.153.56.143,706,2024,2730
61.153.56.144,486021,131888,617909
61.153.56.145,556798,164257,721055
61.153.56.146,542917,138906,681823
61.153.56.148,503730,140811,644541
61.153.56.149,500739,138380,639119
61.153.56.156,663040,675,663715
61.153.56.171,635120,187697,822817
61.153.56.184,1194,6845,8039
61.153.56.187,253837,44026,297863
61.153.56.194,754,1392,2146
61.153.56.195,582303,658,582961
61.153.56.208,696,1362,2058
61.153.56.216,196392,1466,197858
61.153.56.63,23785,5634,29419
61.153.56.64,251131,61354,312485
61.153.66.161,73140,1202,74342
61.153.97.17,196,46,242
61.153.97.25,355286,2064,357350
61.153.99.139,2764768,130512,2895280
61.153.99.169,163573,240165,403738
61.154.102.91,8960,456,9416
61.154.116.253,8236,912,9148
61.154.127.155,582383,32332,614715
61.154.127.158,0,939,939
61.154.127.160,0,1130,1130
61.154.127.203,1468,267,1735
61.154.127.79,223158,6653,229811
61.154.9.241,31989,681,32670
61.155.106.135,40964,928,41892
61.155.106.213,39470,1298,40768
61.155.106.23,2097708,67957,2165665
61.155.107.53,1312138,154320,1466458
61.155.108.92,4652,458,5110
61.155.136.139,2659449,93143,2752592
61.155.136.152,0,0,0
61.155.136.192,3275,406,3681
61.155.136.193,63581,6983,70564
61.155.136.221,259168,3072,262240
61.155.136.47,95767,2314,98081
61.155.137.223,11333,226,11559
61.155.138.221,177804,1229,179033
61.155.142.29,114660,229,114889
61.155.143.146,669,1087,1756
61.155.143.167,4562,968,5530
61.155.149.100,1719854,32304,1752158
61.155.149.101,2541367,80263,2621630
61.155.149.102,650952,77674,728626
61.155.149.103,106981,1244,108225
61.155.149.105,213260,3850,217110
61.155.149.109,302072,31910,333982
61.155.149.110,66850,3730,70580
61.155.149.112,178474,18392,196866
61.155.149.113,2368,860,3228
61.155.149.119,34471,4807,39278
61.155.149.120,1548,1090,2638
61.155.149.121,0,0,0
61.155.149.81,437873,4724,442597
61.155.149.82,333596,22524,356120
61.155.149.83,237875,15426,253301
61.155.149.84,3242,8712,11954
61.155.149.87,18883,3495,22378
61.155.149.89,10880,227,11107
61.155.149.90,82537,1603,84140
61.155.149.92,20369,3863,24232
61.155.149.93,13176,689,13865
61.155.149.95,902486,13028,915514
61.155.149.96,229403,25002,254405
61.155.149.97,0,0,0
61.155.149.98,44375,5709,50084
61.155.149.99,64878,12823,77701
61.155.152.155,6382,462,6844
61.155.152.164,16905,2265,19170
61.155.152.238,17688,450,18138
61.155.153.76,183197,4788,187985
61.155.154.119,5148,462,5610
61.155.154.125,17688,462,18150
61.155.154.164,21300,874,22174
61.155.154.23,16080,470,16550
61.155.154.54,11779,1125,12904
61.155.154.74,362908,15579,378487
61.155.155.117,0,200,200
61.155.155.45,23460,448,23908
61.155.159.106,11586,21184,32770
61.155.159.14,34482,14573,49055
61.155.159.184,114294,27658,141952
61.155.159.185,15906,1943,17849
61.155.159.195,14152,448,14600
61.155.159.38,885,1286,2171
61.155.167.238,855,455,1310
61.155.170.32,343,23,366
61.155.183.18,1009,2615,3624
61.155.183.242,666,272,938
61.155.183.244,7684,6653,14337
61.155.183.250,74345,43520,117865
61.155.183.251,6642,10344,16986
61.155.183.30,4018,2093,6111
61.155.183.31,6430,735,7165
61.155.183.42,1472,3970,5442
61.155.183.44,755,597,1352
61.155.183.8,5656,4130,9786
61.155.184.100,1452,2685,4137
61.155.184.101,2490,3200,5690
61.155.184.112,1002,2976,3978
61.155.184.127,472284,157,472441
61.155.184.131,37584,157,37741
61.155.184.142,3512,4853,8365
61.155.184.143,23502,18822,42324
61.155.184.145,78625,13203,91828
61.155.184.17,10400,15717,26117
61.155.184.173,150747,341,151088
61.155.184.176,6524957,4979,6529936
61.155.184.178,51836,1143,52979
61.155.184.180,220,630,850
61.155.184.19,40980,3953,44933
61.155.184.20,239,347,586
61.155.184.209,420,17776,18196
61.155.184.210,400,21108,21508
61.155.184.211,304,10192,10496
61.155.184.212,276,9416,9692
61.155.184.213,296,14092,14388
61.155.184.216,344,12664,13008
61.155.184.217,308,9688,9996
61.155.184.218,11270,2310,13580
61.155.184.63,41502,25910,67412
61.155.184.88,1576,2693,4269
61.155.184.89,1710,3124,4834
61.155.185.114,65241,435391,500632
61.155.185.115,79959,665854,745813
61.155.185.3,269738,67112,336850
61.155.194.56,9616,460,10076
61.155.196.47,1097357,18534,1115891
61.155.197.138,16435,29289,45724
61.155.209.240,16560,450,17010
61.155.215.136,14806,21094,35900
61.155.215.147,9330,7996,17326
61.155.217.106,538060,81598,619658
61.155.218.139,898,452,1350
61.155.218.158,17940,452,18392
61.155.219.55,990162,2421,992583
61.155.220.198,73085,983,74068
61.155.222.137,18946,1337,20283
61.155.222.138,865306,30604,895910
61.155.222.140,974071,62931,1037002
61.155.222.141,591069,31241,622310
61.155.222.142,52440,901,53341
61.155.222.143,96561,673,97234
61.155.222.144,43028,1868,44896
61.155.222.145,294016,15589,309605
61.155.222.146,291250,10630,301880
61.155.222.150,22485,5925,28410
61.155.222.151,141209,28446,169655
61.155.222.154,24840,458,25298
61.155.222.155,283207,47064,330271
61.155.222.157,3581,2418,5999
61.155.222.158,34316,1812,36128
61.155.222.159,45891,7656,53547
61.155.222.161,301351,36671,338022
61.155.222.162,526493,52188,578681
61.155.222.163,61200,1076,62276
61.155.222.164,194571,9772,204343
61.155.222.165,18466,981,19447
61.155.222.166,306,599,905
61.155.222.168,13800,222,14022
61.155.222.171,67208,3538,70746
61.155.222.175,1556132,16802,1572934
61.155.222.178,106407,3604,110011
61.155.222.181,92280,228,92508
61.155.222.182,0,0,0
61.155.222.183,2788,448,3236
61.155.222.184,50189,9803,59992
61.155.222.187,655,340,995
61.155.222.190,4745,1180,5925
61.155.222.191,4241,227,4468
61.155.222.192,16776,12509,29285
61.155.222.193,295520,15657,311177
61.155.222.194,20387,2520,22907
61.155.222.195,4615,267,4882
61.155.222.202,1614,187,1801
61.155.222.205,10631,1859,12490
61.155.222.213,38314,1944,40258
61.155.222.214,48300,1691,49991
61.155.222.215,27232,1217,28449
61.155.222.219,250,756,1006
61.155.222.220,374,1764,2138
61.155.222.221,65998,1850,67848
61.155.222.222,10361,24939,35300
61.155.222.223,39229,1332,40561
61.155.222.224,9233,441,9674
61.155.222.225,163301,7691,170992
61.155.222.226,1155335,48221,1203556
61.155.50.164,18651,669,19320
61.155.54.232,114075581,333524,114409105
61.155.59.73,450,280,730
61.155.7.83,160,839,999
61.156.14.214,36614,926,37540
61.156.14.54,22080,458,22538
61.156.14.66,22080,450,22530
61.156.243.234,796439,165182,961621
61.156.243.235,542986,150439,693425
61.156.243.236,496362,127033,623395
61.156.243.237,497504,138730,636234
61.156.243.238,638197,165290,803487
61.156.243.239,704124,167686,871810
61.156.243.252,705632,174479,880111
61.156.28.47,20700,468,21168
61.156.42.13,38415,1125,39540
61.156.45.25,16560,464,17024
61.157.124.154,7084,451,7535
61.157.125.3,1133837,126353,1260190
61.157.198.208,409,799,1208
61.157.243.85,16560,456,17016
61.157.77.203,10764,934,11698
61.157.78.105,20700,454,21154
61.157.96.194,163875,800,164675
61.158.105.171,429,339,768
61.158.132.14,1405,3499,4904
61.158.132.52,68,68,136
61.158.145.13,29066,5765,34831
61.158.145.243,70380,715,71095
61.158.219.16,41390,23089,64479
61.158.248.14,19134635,384034,19518669
61.158.248.214,151309,11876,163185
61.158.248.218,41309,8996,50305
61.158.251.157,1769609,32643,1802252
61.158.251.165,901070,9562,910632
61.158.251.248,2175,2009,4184
61.158.255.104,90267,12838,103105
61.158.255.113,306432,2978,309410
61.158.255.114,23160,13797,36957
61.158.255.115,1278,854,2132
61.158.255.124,265,904,1169
61.158.255.144,4140,944,5084
61.158.255.214,1081,392,1473
61.159.118.222,32887,144,33031
61.159.194.100,87665,88,87753
61.159.237.209,102,201,303
61.160.192.18,930,1045,1975
61.160.192.29,1416,1538,2954
61.160.196.21,334766,28382,363148
61.160.196.67,25169,362,25531
61.160.198.114,952666,507,953173
61.160.198.118,1561229,5788,1567017
61.160.198.139,444764,771,445535
61.160.198.141,1155456,8574,1164030
61.160.198.179,24924,1532,26456
61.160.198.181,19345884,51919,19397803
61.160.198.190,1338744,6247,1344991
61.160.198.78,52906,590,53496
61.160.198.80,5657898,32427,5690325
61.160.198.85,3061786,17792,3079578
61.160.198.87,3585282,23498,3608780
61.160.200.203,22613,9817,32430
61.160.200.224,9660,225,9885
61.160.200.225,4035192,132417,4167609
61.160.200.227,9660,225,9885
61.160.200.239,1118233,26052,1144285
61.160.200.246,18234,1558,19792
61.160.204.119,4581059,20667,4601726
61.160.204.60,230355,500,230855
61.160.204.87,1927648,12520,1940168
61.160.204.88,4838259,24261,4862520
61.160.204.90,91546,502,92048
61.160.209.24,1128,1888,3016
61.160.209.31,752,1239,1991
61.160.209.51,752,1918,2670
61.160.209.54,376,652,1028
61.160.209.62,11858770,337524,12196294
61.160.209.76,515,2645,3160
61.160.209.77,1381,5843,7224
61.160.209.90,863293,71988,935281
61.160.210.135,200562,37382,237944
61.160.210.54,9224845,545512,9770357
61.160.212.190,470798,182808,653606
61.160.213.219,503667,9419,513086
61.160.219.9,66030,2475,68505
61.160.220.166,16425,11681,28106
61.160.220.179,60453,40838,101291
61.160.220.209,2466465,3868366,6334831
61.160.220.214,3217,3081,6298
61.160.220.221,3885,6217,10102
61.160.220.222,6350,6094,12444
61.160.220.223,2741,7033,9774
61.160.224.156,1517751,49389,1567140
61.160.224.158,1600,969,2569
61.160.224.161,246,145,391
61.160.224.163,110575,15252,125827
61.160.224.167,939122,20775,959897
61.160.224.168,47374,3417,50791
61.160.224.170,111518,14273,125791
61.160.224.174,358749,16978,375727
61.160.224.176,31077,938,32015
61.160.224.180,28816,5212,34028
61.160.227.24,232306,500,232806
61.160.23.14,128131,7821,135952
61.160.23.25,19320,444,19764
61.160.23.26,1018,458,1476
61.160.230.35,131474,507,131981
61.160.230.36,48345,1010,49355
61.160.236.128,53505,2195,55700
61.160.241.118,10110,5210,15320
61.160.241.227,3872,3509,7381
61.160.242.138,5292,6150,11442
61.160.242.166,5785205,1969418,7754623
61.160.242.241,1975314,97944,2073258
61.160.245.16,5263320,132,5263452
61.160.245.57,65888,968,66856
61.160.245.74,562,1568,2130
61.160.245.87,92058,47744,139802
61.160.248.175,6911169,265713,7176882
61.160.248.181,13627,2693,16320
61.160.248.185,4490192,45983,4536175
61.160.248.203,25884,20167,46051
61.160.248.205,3000,11209,14209
61.160.248.207,17738,2510,20248
61.160.249.16,28980,678,29658
61.160.249.226,4716,4950,9666
61.160.250.127,1508077,36036,1544113
61.160.250.141,724,472,1196
61.160.250.161,23300,18237,41537
61.160.250.172,14964,6728,21692
61.160.250.180,750,454,1204
61.160.251.203,3057,413,3470
61.160.251.34,590445,36467,626912
61.160.251.42,11699,383,12082
61.160.251.65,307,518,825
61.160.99.106,698,452,1150
61.161.176.213,1031,142,1173
61.163.197.86,19320,466,19786
61.163.231.93,4700,454,5154
61.163.60.77,27312,456,27768
61.163.88.143,16560,454,17014
61.164.108.189,60651,470,61121
61.164.108.220,16560,454,17014
61.164.108.53,644296,20264,664560
61.164.108.56,1412001,2260,1414261
61.164.109.153,55200,1406,56606
61.164.109.178,25054,1419,26473
61.164.109.227,19740,1168,20908
61.164.110.12,43386,3499,46885
61.164.110.73,36876,2569,39445
61.164.140.46,280186,28601,308787
61.164.140.84,542141,10434,552575
61.164.140.99,505435,20844,526279
61.164.142.153,13305,3600,16905
61.164.142.158,262,506,768
61.164.145.26,240461,477,240938
61.164.149.250,18564,1111,19675
61.164.149.82,2237393,60914,2298307
61.164.150.89,1153041,24709,1177750
61.164.151.73,840,910,1750
61.164.151.75,23282,11311,34593
61.164.151.77,2568,3277,5845
61.164.160.17,42276,252,42528
61.164.160.47,361,663,1024
61.164.160.60,301641,5100,306741
61.164.161.214,24840,456,25296
61.164.161.218,13664,1400,15064
61.164.162.2,27395,1140,28535
61.164.241.108,2546,716,3262
61.164.241.111,839838,1437,841275
61.164.241.112,422,745,1167
61.164.241.114,420,773,1193
61.164.241.115,386007,1526,387533
61.164.241.117,261979,723,262702
61.164.241.118,107320,6965,114285
61.164.241.20,2331312,1761,2333073
61.164.241.22,750,1261,2011
61.164.241.24,606255,405,606660
61.164.241.26,256,23,279
61.164.241.84,168,550,718
61.164.241.88,301145,7961,309106
61.164.242.128,533107,144948,678055
61.164.242.32,491268,137067,628335
61.164.242.33,523536,119463,642999
61.164.242.34,518756,143180,661936
61.164.242.35,628052,134148,762200
61.164.242.36,634493,170515,805008
61.164.242.37,536766,129750,666516
61.164.242.54,582830,161594,744424
61.164.242.56,643449,2008,645457
61.164.242.75,386393,6306,392699
61.164.33.83,113,282,395
61.164.35.32,29562,1356,30918
61.164.38.200,20700,458,21158
61.164.47.151,55836,2064,57900
61.164.47.172,1455072,582750,2037822
61.164.47.221,1708,219,1927
61.164.72.155,10338,705,11043
61.164.73.140,2792,3296,6088
61.164.79.232,4777,912,5689
61.164.79.234,16080,2192,18272
61.164.79.235,127579,32650,160229
61.164.79.236,21308,2171,23479
61.164.79.238,1271,2735,4006
61.164.79.239,848,1824,2672
61.164.79.241,1308,1326,2634
61.164.82.227,208501,7590,216091
61.164.85.41,3655,2934,6589
61.164.85.46,13826,340,14166
61.164.85.58,88523,13490,102013
61.165.102.159,705,14135,14840
61.165.152.103,205,372,577
61.165.183.231,211,125,336
61.165.96.252,606486,8806,615292
61.165.98.248,102,156,258
61.165.98.65,5116,19619,24735
61.166.176.225,206,374,580
61.166.177.79,203,124,327
61.166.185.235,6763,1397597,1404360
61.166.190.169,104,201,305
61.166.200.226,41,151,192
61.166.207.81,103,201,304
61.166.237.197,104,199,303
61.166.242.201,16558,33,16591
61.166.66.218,560,379,939
61.167.56.53,156526,7622,164148
61.167.64.10,16560,474,17034
61.170.171.193,104,199,303
61.170.173.125,113,229,342
61.171.150.183,452,276,728
61.171.27.56,1330,2606,3936
61.171.29.145,471,307,778
61.171.45.39,103,198,301
61.171.46.106,104,199,303
61.171.48.237,33371,2908,36279
61.171.86.141,715,1405,2120
61.171.94.236,104,199,303
61.172.188.12,9537,53,9590
61.172.192.28,14568,1128,15696
61.172.192.51,482,759,1241
61.172.207.168,5631,578,6209
61.172.207.243,22123,72984,95107
61.172.218.108,22884,1160106,1182990
61.172.237.158,24445,194,24639
61.172.240.170,149310,1818,151128
61.172.243.255,2677592,332742,3010334
61.172.246.101,0,788,788
61.172.246.28,88369,367,88736
61.172.61.16,452,276,728
61.172.73.169,202,403,605
61.173.10.127,206,401,607
61.173.223.82,103,185,288
61.173.49.69,101,201,302
61.173.59.3,0,68,68
61.174.10.46,834,5512,6346
61.174.11.241,348522,86726,435248
61.174.11.242,11715,23946,35661
61.174.11.243,550636,111752,662388
61.174.11.27,23460,446,23906
61.174.11.92,7086,2349,9435
61.174.12.214,1479507,16670,1496177
61.174.212.56,8576,464,9040
61.174.213.144,26220,460,26680
61.174.40.203,325902,24102,350004
61.174.40.64,17940,446,18386
61.174.41.150,1468,267,1735
61.174.41.209,193819,4446,198265
61.174.50.147,21616,26470,48086
61.174.50.149,30334,21651,51985
61.174.50.161,34401,25530,59931
61.174.50.172,0,55,55
61.174.50.194,24563,9669,34232
61.174.50.195,1404,1097,2501
61.174.50.220,156207,10121,166328
61.174.51.22,1545,703,2248
61.174.52.77,4384700,499278,4883978
61.174.52.78,115104,10851,125955
61.174.54.205,9749,6438,16187
61.174.54.220,183760,12037,195797
61.174.59.47,1169441,79175,1248616
61.174.60.173,196689,3779,200468
61.174.61.253,8560,30557,39117
61.174.62.77,580162,3150,583312
61.174.63.239,20209732,1145941,21355673
61.174.68.138,24840,450,25290
61.174.68.139,5207,1978,7185
61.174.68.145,9660,225,9885
61.174.68.148,860,3214,4074
61.174.68.156,8151,2468,10619
61.174.68.19,39899,391,40290
61.174.68.190,187070,13357,200427
61.174.68.37,39943,397,40340
61.174.68.38,9113,5705,14818
61.174.8.110,879620,28751,908371
61.174.9.135,5058,526,5584
61.174.9.18,33783,11875,45658
61.175.152.242,6824,117790,124614
61.175.171.252,0,68,68
61.176.218.26,2262,3012,5274
61.176.245.40,41,151,192
61.176.254.24,82,302,384
61.177.120.1,17042,460,17502
61.177.126.149,0,0,0
61.177.135.1,16560,448,17008
61.177.135.2,17940,448,18388
61.177.144.194,25555,1150,26705
61.177.148.159,744,448,1192
61.177.198.33,30360,687,31047
61.177.200.83,7198,454,7652
61.177.236.87,944,452,1396
61.178.105.16,18341,681,19022
61.178.136.47,8280,231,8511
61.178.143.36,240,157,397
61.178.153.100,19074,106,19180
61.178.156.145,1032,43134,44166
61.178.182.252,64860,1362,66222
61.178.243.72,24840,684,25524
61.178.48.24,9908,928,10836
61.178.73.155,4524,1436,5960
61.178.83.40,28980,669,29649
61.180.254.245,485498,250445,735943
61.180.254.246,21031985,888303,21920288
61.180.5.144,22080,454,22534
61.180.64.234,130,130,260
61.180.72.7,23385,1140,24525
61.180.77.188,4246,454,4700
61.181.69.136,12882,229,13111
61.181.69.200,10122,229,10351
61.182.140.151,247495,7641,255136
61.182.168.65,8984,1341,10325
61.183.11.254,16560,458,17018
61.183.12.122,0,0,0
61.183.12.128,8528,1428,9956
61.183.12.16,239102,24733,263835
61.183.12.17,13346,7502,20848
61.183.12.27,278590,108844,387434
61.183.12.29,128947,33279,162226
61.183.12.32,6069,7210,13279
61.183.12.36,6146,226,6372
61.183.12.37,6147,226,6373
61.183.12.40,12088,4748,16836
61.183.12.44,45969,10425,56394
61.183.12.45,29223,5652,34875
61.183.12.50,11172,6408,17580
61.183.12.58,752684,46655,799339
61.183.12.96,275041,379899,654940
61.183.12.98,288573,414166,702739
61.183.134.121,26974,268,27242
61.183.15.23,16560,452,17012
61.183.192.75,9170,450,9620
61.183.205.119,149266,13744,163010
61.183.35.166,11638,460,12098
61.183.35.169,35880,1401,37281
61.183.40.14,16560,450,17010
61.183.42.139,75583,24056,99639
61.183.53.18,1362295,2339,1364634
61.183.53.40,3769976,1213,3771189
61.183.53.47,420,723,1143
61.183.53.49,2545,713,3258
61.183.53.84,813446,1131,814577
61.183.53.87,70811,4852,75663
61.183.55.235,46473,2248,48721
61.183.55.252,1547827,69612,1617439
61.183.86.10,16560,456,17016
61.183.9.121,16560,458,17018
61.183.9.186,23659,827,24486
61.183.9.202,103859,6262,110121
61.183.9.76,122411,656,123067
61.183.9.77,1468,183,1651
61.184.115.11,29503,802,30305
61.184.152.82,11360,826,12186
61.184.17.11,6103,5787,11890
61.184.202.24,306281,13208,319489
61.184.202.61,2760,975,3735
61.184.249.19,752,1302,2054
61.184.249.20,1512,3174,4686
61.184.249.26,39852,1584,41436
61.184.249.27,668624,623,669247
61.184.249.28,288945,2170,291115
61.184.249.32,5374316,2867,5377183
61.184.249.36,6733322,1375,6734697
61.184.249.37,11115828,1439,11117267
61.184.249.40,1582470,1333,1583803
61.184.249.43,4250409,5536,4255945
61.184.249.45,12973162,12769,12985931
61.184.249.46,4760117,10019,4770136
61.184.4.43,76275,1636,77911
61.184.40.240,204,372,576
61.184.92.24,20700,458,21158
61.185.123.150,55501,1102,56603
61.185.186.92,2599,115,2714
61.185.190.228,8280,227,8507
61.185.200.229,3733,214790,218523
61.185.206.27,9537,53,9590
61.185.208.96,9537,49,9586
61.185.21.136,88245,3789,92034
61.185.30.185,239,155,394
61.185.86.65,9540,53,9593
61.185.88.70,112,226,338
61.186.76.243,10371,826,11197
61.187.162.226,203,402,605
61.187.207.236,238,158,396
61.187.213.52,9537,53,9590
61.187.241.214,28611,155,28766
61.187.250.93,17940,456,18396
61.187.251.215,11432845,28150,11460995
61.187.64.12,1001,530,1531
61.187.64.93,17072,878,17950
61.187.98.118,16560,458,17018
61.188.121.246,58664,779,59443
61.188.191.186,538,796,1334
61.188.39.136,51228,5596,56824
61.188.39.154,86738,3715,90453
61.188.39.33,117689,1175,118864
61.188.48.144,0,604,604
61.188.48.239,41,143,184
61.188.49.0,41,151,192
61.188.49.120,0,604,604
61.188.49.220,0,572,572
61.188.87.100,52440,1125,53565
61.188.87.116,582648,26934,609582
61.188.87.91,49628,2417,52045
61.188.87.92,102912,5052,107964
61.188.87.93,28291,3956,32247
61.188.87.99,44160,900,45060
61.189.0.10,1214510,12591,1227101
61.189.0.12,3083467,39530,3122997
61.189.0.14,6327841,48052,6375893
61.189.0.8,7791646,56211,7847857
61.189.0.85,7479,2669,10148
61.189.1.252,3454,546,4000
61.189.2.0,84401,17370,101771
61.189.240.82,84180,1573,85753
61.189.32.56,17940,450,18390
61.190.17.154,28920,914,29834
61.190.17.188,213,123,336
61.190.181.104,19320,464,19784
61.190.181.112,16560,512,17072
61.190.26.81,43025,2395,45420
61.190.30.129,55250,3465,58715
61.190.35.171,16560,458,17018
61.190.68.83,32984,1190,34174
61.190.9.231,42785,2145,44930
61.191.124.229,40683,139,40822
61.191.142.103,9027,696,9723
61.191.176.218,33120,900,34020
61.191.187.245,2161,831,2992
61.191.187.255,160077,1985,162062
61.191.188.201,17940,458,18398
61.191.190.222,135684,2389,138073
61.191.190.227,17562,17992,35554
61.191.190.252,23088,1352,24440
61.191.190.55,44160,904,45064
61.191.191.246,192,855,1047
61.191.191.9,3258,456,3714
61.191.199.15,2852,973,3825
61.191.20.26,305611,21941,327552
61.191.200.238,104,202,306
61.191.35.150,0,0,0
61.191.55.102,35880,920,36800
61.191.55.106,103024,1627,104651
61.191.55.118,210541,12138,222679
61.191.55.161,1341,1301,2642
61.191.55.205,2161,265,2426
61.191.55.252,0,68,68
61.191.55.34,51532,1300,52832
61.191.55.49,335954,36182,372136
61.191.55.59,285376,3664,289040
61.191.55.66,110369,908,111277
61.191.56.228,309076,11864,320940
61.191.56.236,409089,48552,457641
61.191.56.253,5771,1000,6771
61.191.56.31,3981,2562,6543
61.191.56.9,1419,780,2199
61.191.61.141,33120,1135,34255
61.201.36.229,1685708,24007,1709715
61.205.127.24,725,336,1061
61.213.187.199,4699,958,5657
61.213.187.222,4800,962,5762
61.213.187.231,4803,963,5766
61.213.187.246,5203,1300,6503
61.219.39.135,8486,786,9272
61.219.69.160,0,0,0
61.223.207.202,3251,14270,17521
61.228.130.31,53454,47814,101268
61.230.140.163,262,450,712
61.230.15.134,374,349,723
61.230.195.196,0,130,130
61.230.207.189,586,297,883
61.230.218.237,932,543,1475
61.230.241.64,5389,1031,6420
61.238.171.182,0,68,68
61.240.133.15,31600,108865,140465
61.240.133.249,49357580,2719784,52077364
61.240.134.1,2317,1215,3532
61.240.134.3,307965,24307,332272
61.240.135.158,3081,5071,8152
61.240.135.207,26415,665,27080
61.240.135.209,16927,1324,18251
61.240.135.214,82234,2010,84244
61.240.147.152,51911,2079,53990
61.240.147.166,7168,481,7649
61.240.147.172,60482,1443,61925
61.240.147.173,21519,692,22211
61.240.151.107,167752,5877,173629
61.29.161.31,17540,456,17996
61.38.186.165,49926,5678,55604
61.38.186.45,28819,4510,33329
61.4.184.193,424,1702,2126
61.4.184.58,18219,36041,54260
61.4.185.159,465,925,1390
61.4.185.37,15904,3455,19359
61.4.185.42,71741,17672,89413
61.4.185.53,309,323,632
61.4.83.117,17940,454,18394
61.4.83.140,31836,1786,33622
61.4.83.141,69783,20609,90392
61.4.83.143,18139,2996,21135
61.4.83.144,13713,2175,15888
61.4.83.145,758,1303,2061
61.4.83.146,197427,9268,206695
61.4.83.33,88708,3866,92574
61.4.83.63,37260,904,38164
61.48.172.18,41,143,184
61.49.23.25,4282462,411548,4694010
61.49.39.143,620446,104176,724622
61.49.56.79,15260,880,16140
61.49.9.181,24840,681,25521
61.49.9.195,174739,1576,176315
61.50.134.226,1514,368,1882
61.50.134.227,27600,456,28056
61.50.138.134,438,267,705
61.50.211.87,1468,370,1838
61.50.245.170,8934,799,9733
61.50.245.171,106899,8180,115079
61.51.17.23,1013425,63285,1076710
61.54.1.59,49680,1125,50805
61.54.219.13,655519,164436,819955
61.54.219.39,572367,159486,731853
61.54.219.43,438449,132949,571398
61.54.219.44,599718,155319,755037
61.54.219.45,552380,141077,693457
61.54.219.48,558642,138785,697427
61.54.219.80,617024,138255,755279
61.55.141.183,63670,964,64634
61.55.147.169,29625,1431,31056
61.55.165.245,14158,6087,20245
61.55.167.125,5792,14751,20543
61.55.167.145,22438,17616,40054
61.55.167.204,564,973,1537
61.55.167.215,17103,6482,23585
61.55.167.219,34360,26501,60861
61.55.167.95,3635,4707,8342
61.55.173.38,19320,452,19772
61.55.189.162,8746,2322,11068
61.55.189.187,9362,1944,11306
61.62.130.27,795,415,1210
61.62.57.123,0,130,130
61.63.94.255,183654,8711,192365
61.64.127.31,6300,370,6670
61.67.176.171,16635,462,17097
61.70.105.126,0,68,68
61.70.59.153,0,68,68
61.79.99.173,20045,208,20253
61.83.120.149,402088,8505442,8907530
61.9.129.189,0,258,258
61.92.198.167,0,68,68
61.92.69.171,0,2965,2965
62.109.61.185,0,824,824
62.112.193.172,0,39117,39117
62.128.219.60,7292,366,7658
62.129.243.192,8380,9867,18247
62.157.179.168,0,860,860
62.161.94.225,1232,1384,2616
62.210.16.66,222,110,332
62.210.86.93,152,1381,1533
62.239.186.103,2153,2793,4946
62.25.99.90,590,372,962
62.75.167.212,380,366,746
63.110.60.13,1176138,573,1176711
63.110.60.14,13767,4109,17876
63.110.60.15,11040,210,11250
63.110.60.16,1702,415,2117
63.110.60.22,1423441,430,1423871
63.110.60.23,1376145,996,1377141
63.110.60.29,0,0,0
63.110.60.30,1702,480,2182
63.110.60.31,0,0,0
63.110.60.32,0,0,0
63.110.60.37,6165,229,6394
63.110.60.38,0,0,0
63.110.60.46,3401397,2431,3403828
63.110.60.48,1702,540,2242
63.110.60.55,342477,425,342902
63.110.60.62,2227076,2097,2229173
63.110.60.63,1861,371,2232
63.110.60.64,20372,4882,25254
63.110.60.69,654300,215,654515
63.110.60.70,838,130,968
63.111.50.39,1474,868,2342
63.128.163.8,0,4155,4155
63.128.176.10,52016,952,52968
63.130.76.29,5613,952,6565
63.130.76.39,3974,663,4637
63.130.76.55,3803,353,4156
63.131.135.101,336,189,525
63.131.147.32,13149,1818,14967
63.131.147.33,529844,60259,590103
63.135.80.12,1313,392,1705
63.135.80.42,368,303,671
63.135.80.56,864,665,1529
63.135.90.148,3773,2332,6105
63.140.32.56,4176,4340,8516
63.140.34.139,59480,121854,181334
63.140.35.165,6583,15869,22452
63.140.35.166,17580,54895,72475
63.140.35.167,28123,114128,142251
63.140.48.165,8694,9202,17896
63.140.48.241,32877,54173,87050
63.140.58.155,0,5969,5969
63.140.60.133,11331,4215,15546
63.140.61.134,12653,21943,34596
63.141.192.109,12862,2962,15824
63.141.192.128,744,2182,2926
63.141.192.240,419,65,484
63.141.192.46,4396,538,4934
63.141.192.94,16709,7546,24255
63.141.193.30,0,0,0
63.141.196.240,16770,1532,18302
63.141.196.245,24771,2715,27486
63.141.246.22,54537,1105,55642
63.141.246.8,56172,1096,57268
63.141.248.200,339,975,1314
63.141.248.206,341,1001,1342
63.146.70.128,15386,2254,17640
63.146.70.40,24178,3542,27720
63.148.60.105,266,380,646
63.150.12.15,179,97,276
63.150.12.29,13993,4314,18307
63.150.12.40,0,0,0
63.150.12.46,18567,10370,28937
63.150.12.54,2955,6968,9923
63.166.98.111,19782,3220,23002
63.166.98.133,39564,5796,45360
63.166.98.93,10670,1222,11892
63.166.98.94,42760,990,43750
63.215.202.145,900,1690,2590
63.215.202.70,17312,9700,27012
63.215.202.85,20610,18057,38667
63.217.232.230,1368,238,1606
63.217.8.23,6718,186,6904
63.217.8.30,0,0,0
63.217.8.48,289,327,616
63.217.8.53,6710,182,6892
63.217.8.56,2198,322,2520
63.217.8.69,2198,322,2520
63.234.226.13,20896,3149,24045
63.234.226.254,37366,4759,42125
63.235.28.228,159226,4089,163315
63.238.2.157,1843414,50977,1894391
63.238.2.159,596737,592,597329
63.238.2.173,289,330,619
63.238.2.184,172,228,400
63.238.2.207,289,273,562
63.238.2.214,17836,3159,20995
63.238.2.215,537,679,1216
63.238.2.216,1070,744,1814
63.238.2.221,369165,14540,383705
63.238.2.222,216493,3608,220101
63.238.2.223,2198,322,2520
63.238.2.224,349070,5385,354455
63.238.2.229,3416,402,3818
63.238.2.230,37366,5990,43356
63.238.2.231,163003,2298,165301
63.238.2.232,441170,73147,514317
63.238.2.237,3880,974,4854
63.238.2.238,6710,182,6892
63.238.2.240,53929,42350,96279
63.238.2.245,252,1332,1584
63.238.3.0,2852,7195,10047
63.240.4.215,910,360,1270
63.240.80.117,336,388,724
63.241.108.129,6159,4547,10706
63.243.241.13,84320,1861,86181
63.243.241.14,358,194,552
63.243.241.16,52906,30384,83290
63.243.241.24,23247,14641,37888
63.243.241.29,80347,1417,81764
63.243.241.30,528032,977,529009
63.243.241.37,22918,340,23258
63.243.241.38,1075,570,1645
63.243.241.39,3440,407,3847
63.243.241.48,3416,396,3812
63.243.241.54,22170,803,22973
63.243.241.78,248,576,824
63.243.241.88,6710,182,6892
63.243.242.14,1984,5691,7675
63.243.242.205,10116,603,10719
63.243.242.24,419,65,484
63.243.242.54,805,2103,2908
63.243.242.77,22514,3756,26270
63.243.242.79,22083,7891,29974
63.243.242.80,75475,18990,94465
63.243.242.85,40225,4194,44419
63.243.242.86,45416,11657,57073
63.243.242.88,378,271,649
63.243.242.96,100016,8784,108800
63.245.215.100,283717,452859,736576
63.245.215.115,2041,8214,10255
63.245.215.116,408,482,890
63.245.215.25,14897,1330,16227
63.245.215.51,18128,7754,25882
63.245.215.58,409654,33244,442898
63.245.215.61,13596,4278,17874
63.245.215.79,44673,20546,65219
63.245.215.87,8550,2888,11438
63.245.216.136,10146,1743,11889
63.245.216.137,14004,6792,20796
63.245.216.139,456713,123846,580559
63.245.217.110,13289,1307,14596
63.245.217.118,262537,22837,285374
63.245.217.119,592569,36942,629511
63.245.217.120,385896,28435,414331
63.245.217.142,34051,7330,41381
63.245.217.143,199676,57951,257627
63.245.217.165,174071,125014,299085
63.245.217.166,226279,159012,385291
63.245.217.167,226948,172506,399454
63.245.217.224,223491,62263,285754
63.245.217.25,0,0,0
63.245.217.41,415,661,1076
63.245.217.44,3648,7083,10731
63.245.217.48,192464,52845,245309
63.245.217.49,63311,14291,77602
63.245.217.53,67362,1794,69156
63.245.217.60,68882,896,69778
63.245.217.63,737333,40908,778241
63.247.83.3,0,393,393
63.251.210.248,1916,3240,5156
63.251.249.54,14757,12621,27378
63.80.4.115,13871,19310,33181
63.80.4.14,0,0,0
63.80.4.15,0,0,0
63.80.4.167,0,0,0
63.80.4.168,496,1141,1637
63.80.4.173,2350,8973,11323
63.80.4.176,1961,997,2958
63.80.4.182,0,0,0
63.80.4.189,0,0,0
63.80.4.190,3818,917,4735
63.80.4.197,398041,4299,402340
63.80.4.198,309,1496,1805
63.80.4.199,976,1479,2455
63.80.4.200,0,0,0
63.80.4.205,0,0,0
63.80.4.206,838,130,968
63.80.4.208,6958,973,7931
63.80.4.213,0,0,0
63.80.4.214,2037,2451,4488
63.80.4.215,0,0,0
63.80.4.216,18970,2018,20988
63.80.4.221,3900,1613,5513
63.80.4.222,405459,3650,409109
63.80.4.224,55732,7886,63618
63.80.4.229,9507,11371,20878
63.80.4.23,0,0,0
63.80.4.24,16788,1461,18249
63.80.4.32,0,491,491
63.80.4.38,1655,393,2048
63.80.4.39,358,194,552
63.80.4.46,1257,195,1452
63.80.4.48,2716,3757,6473
63.80.4.53,419,65,484
63.80.4.56,0,0,0
63.80.4.61,226,270,496
63.80.4.62,910650,1188,911838
63.80.4.69,83216,1608,84824
63.80.4.70,15318,701,16019
63.80.4.72,0,0,0
63.80.4.78,0,0,0
63.80.4.80,4144,880,5024
63.80.4.86,86120,3031,89151
63.85.36.15,57768,2314,60082
63.85.36.16,1809,697,2506
63.85.36.21,73830,1961,75791
63.85.36.22,838,130,968
63.85.36.23,201189,1190,202379
63.85.36.24,309,180,489
63.85.36.31,310663,2765,313428
63.85.36.32,0,0,0
63.85.36.37,0,0,0
63.85.36.38,0,0,0
63.85.36.40,1370,759,2129
63.85.36.45,2270,1177,3447
63.85.36.48,44405,3893,48298
63.85.36.53,391594,2002,393596
63.85.36.54,6220,1815,8035
63.85.36.55,28795,4383,33178
63.85.36.61,0,0,0
63.85.36.62,0,0,0
63.85.36.63,0,0,0
63.85.36.64,868464,1842,870306
63.85.36.70,0,0,0
63.85.36.71,2280,436,2716
63.85.36.77,419,65,484
63.85.36.78,0,0,0
63.88.100.141,5355,1152,6507
63.88.100.144,2492478,32944,2525422
63.88.100.150,181952,8958,190910
63.88.100.165,137610,532,138142
63.88.100.173,1861,371,2232
63.88.100.199,419,65,484
63.88.100.200,0,0,0
63.88.100.205,419,65,484
63.88.100.207,0,0,0
64.12.245.8,37340,1158,38498
64.129.25.252,19000,382,19382
64.13.192.74,459,187,646
64.14.99.179,984,378,1362
64.145.75.133,59619,1314,60933
64.145.75.21,3170,3813,6983
64.145.75.39,1240,3860,5100
64.145.75.53,226,1604,1830
64.145.75.79,26561,1112,27673
64.145.75.80,13006,767,13773
64.145.89.21,248,584,832
64.145.89.22,179,97,276
64.145.89.23,4396,644,5040
64.145.89.24,496,1564,2060
64.145.89.56,232,286,518
64.145.89.64,2716,3236,5952
64.145.89.69,5825,3198,9023
64.145.89.71,2198,322,2520
64.145.89.72,232,286,518
64.145.95.104,0,0,0
64.145.95.55,8169,323,8492
64.145.95.64,419,65,484
64.145.95.97,5109,414,5523
64.147.114.61,29208,690,29898
64.152.0.26,1396,2115,3511
64.156.167.103,526,1020,1546
64.158.223.142,915,1721,2636
64.17.141.144,2400612,15490,2416102
64.18.20.15,32043,2691,34734
64.18.26.159,2169,519,2688
64.18.26.168,5574,281,5855
64.187.228.152,27624,7300,34924
64.199.226.147,0,438,438
64.207.185.146,83086,2719,85805
64.210.145.63,4204,2734,6938
64.210.203.213,34680,730,35410
64.215.204.246,3856,831,4687
64.22.110.39,0,1983,1983
64.22.86.183,16385,473,16858
64.233.161.141,1486,5403,6889
64.233.161.98,6891,6383,13274
64.233.161.99,8814,3496,12310
64.233.162.141,5335,4662,9997
64.233.164.99,3902,477,4379
64.233.165.141,11681,9247,20928
64.233.165.195,6851,3952,10803
64.233.165.96,352,916,1268
64.233.165.98,6571,8246,14817
64.233.168.104,985,53,1038
64.233.168.99,251,733,984
64.233.171.195,1333,4991,6324
64.233.171.98,5189,4155,9344
64.233.176.141,7056,3460,10516
64.233.176.195,4408,699,5107
64.233.176.96,5967,4622,10589
64.233.176.98,4867,1825,6692
64.233.180.195,5136,4361,9497
64.233.181.141,5134,4431,9565
64.233.185.195,2364,430,2794
64.233.185.99,3902,477,4379
64.233.186.119,0,0,0
64.233.186.141,20022,9971,29993
64.233.186.195,16447,6605,23052
64.233.186.96,18988,11004,29992
64.233.186.98,21818,13245,35063
64.233.187.100,9362,3196,12558
64.233.187.104,985,53,1038
64.233.187.113,2188466,545166,2733632
64.233.187.114,2015739,615248,2630987
64.233.187.123,11644,24216,35860
64.233.187.126,123958,11100,135058
64.233.187.130,51630,62623,114253
64.233.187.137,81900,358,82258
64.233.187.141,464564,56768,521332
64.233.187.146,1041896,501962,1543858
64.233.187.193,1632676,823096,2455772
64.233.187.194,158384,44654,203038
64.233.187.195,76733,59739,136472
64.233.187.197,31604,3690,35294
64.233.187.204,17011199,1977350,18988549
64.233.187.87,468763,18741,487504
64.233.187.96,50837,33234,84071
64.233.187.98,53098,41647,94745
64.233.189.100,699,1249,1948
64.233.189.104,28914,2385,31299
64.233.189.108,212252,32792,245044
64.233.189.109,46394,8609,55003
64.233.189.110,36750,4282,41032
64.233.189.111,116801,23882,140683
64.233.189.113,269984,76338,346322
64.233.189.114,532120,49047,581167
64.233.189.123,1111,3963,5074
64.233.189.130,6002,2963,8965
64.233.189.141,167285,30462,197747
64.233.189.146,349303,364990,714293
64.233.189.152,852960,27689,880649
64.233.189.193,210640,85041,295681
64.233.189.195,16877,10864,27741
64.233.189.197,21901,3532,25433
64.233.189.204,16070156,1014411,17084567
64.233.189.87,32407,3524,35931
64.233.189.96,21144,10137,31281
64.233.189.98,15188,15513,30701
64.236.122.17,869,2362,3231
64.236.122.18,2782,6982,9764
64.236.122.19,2851,10498,13349
64.236.122.20,2017,4021,6038
64.236.122.21,269,579,848
64.236.122.22,520,1138,1658
64.236.122.23,0,0,0
64.238.147.58,731620,38942,770562
64.246.165.245,209907,23046,232953
64.27.92.43,19920,6456,26376
64.29.145.14,0,1137,1137
64.31.55.183,2231,394,2625
64.32.91.236,762,3792,4554
64.34.191.21,50681,16168,66849
64.34.191.22,42417,12751,55168
64.34.191.23,31791,11896,43687
64.34.191.24,60976,20982,81958
64.34.191.27,34840,11840,46680
64.34.191.28,23809,19487,43296
64.34.191.29,51325,14117,65442
64.34.191.30,26456,7946,34402
64.34.234.157,289462,8654,298116
64.34.234.160,81782,3244,85026
64.4.11.30,246432,116360,362792
64.4.16.224,25250,3449,28699
64.4.26.160,149633,23739,173372
64.4.30.204,31493,11637,43130
64.4.44.84,27331,45703,73034
64.4.44.92,5533,321,5854
64.4.45.214,19599,11756,31355
64.4.45.67,38587,22365,60952
64.4.46.180,306214,1678643,1984857
64.4.46.242,4364,1427,5791
64.4.46.85,11436,23131,34567
64.4.54.27,4452,40880,45332
64.4.54.54,6362,5038,11400
64.4.54.72,26276,6200,32476
64.4.59.87,49063,2069,51132
64.4.59.97,1815644,31377,1847021
64.4.61.167,42851,139790,182641
64.4.61.220,12672,23689,36361
64.4.61.56,310154,1836870,2147024
64.41.200.105,460349,67299,527648
64.50.233.105,716899,2823,719722
64.6.28.6,677,262,939
64.62.151.58,545985,764,546749
64.62.160.31,662221,79773,741994
64.62.194.24,5177,1651,6828
64.70.38.116,1427268,17154,1444422
64.70.58.120,1980,378,2358
64.71.129.106,27600,214,27814
64.71.168.11,0,1233,1233
64.74.13.25,11563,174950,186513
64.74.13.26,1305681,1194686,2500367
64.74.13.33,204,3950,4154
64.74.223.47,1478,669,2147
64.78.193.239,1290,176,1466
64.79.143.81,6004,3487,9491
64.79.149.156,356437,891,357328
64.79.72.72,9525,2838,12363
64.90.182.155,492,182,674
64.90.41.237,536,521,1057
64.90.57.199,28980,454,29434
64.94.113.125,520,382,902
64.94.20.209,6797,2256,9053
65.112.85.13,801,558,1359
65.112.85.15,0,584,584
65.112.85.23,89635,1447,91082
65.112.85.24,21508,27764,49272
65.112.85.30,927,2773,3700
65.112.85.31,0,0,0
65.112.85.32,358,194,552
65.112.85.37,206193,34264,240457
65.112.85.45,55886,1632,57518
65.112.85.46,176494,477,176971
65.112.85.55,358,194,552
65.112.85.61,3652,7593,11245
65.112.85.63,1339,930,2269
65.112.85.64,7844,14115,21959
65.112.85.69,106956,4618,111574
65.112.85.80,0,449,449
65.112.85.85,5692,1782,7474
65.112.85.86,107607,1194,108801
65.112.85.95,20150,26793,46943
65.112.85.96,3831,5203,9034
65.197.19.158,41957,4424,46381
65.205.80.72,8712,1488,10200
65.254.248.198,36950,1160,38110
65.254.250.150,533,364,897
65.39.128.140,268915,1576,270491
65.39.202.105,658,610,1268
65.52.1.250,37224,5134,42358
65.52.103.100,1318315,2269276,3587591
65.52.103.107,356949,69073,426022
65.52.103.111,124706,12315,137021
65.52.103.77,86242,5846,92088
65.52.103.80,338779,56145,394924
65.52.103.84,22341,1303,23644
65.52.103.96,26155,12400,38555
65.52.103.99,139211,9025,148236
65.52.108.117,115599,51994,167593
65.52.108.158,8268,115612,123880
65.52.108.166,28747,6290,35037
65.52.108.17,1063688,44402,1108090
65.52.108.244,19086,11635,30721
65.52.16.235,64300,9697,73997
65.52.160.223,1861,2630,4491
65.52.161.69,18228,10741,28969
65.52.168.34,107262,27134,134396
65.52.168.75,306122,15611,321733
65.52.176.190,7547,1144,8691
65.52.176.204,57393,10788,68181
65.52.24.46,130963,8948,139911
65.52.26.33,182572,43893,226465
65.52.3.63,11793,9355,21148
65.52.33.32,6135,4291,10426
65.54.113.31,1456,200,1656
65.54.184.28,38400,28280,66680
65.55.10.16,44188,4165,48353
65.55.108.9,1229468,9375,1238843
65.55.122.79,39151,7828,46979
65.55.129.176,0,227,227
65.55.138.116,24056,9652,33708
65.55.138.117,633451,2276548,2909999
65.55.138.119,959113,4099380,5058493
65.55.138.163,37114,30109,67223
65.55.138.191,353757,552596,906353
65.55.143.21,36529,5363,41892
65.55.143.22,31596,6563,38159
65.55.143.23,47311,7713,55024
65.55.143.24,607,341,948
65.55.145.7,15270,24088,39358
65.55.157.149,7781,1267,9048
65.55.157.150,29437,5197,34634
65.55.157.177,28074,5914,33988
65.55.157.193,34529,4629,39158
65.55.157.209,607,341,948
65.55.174.175,33985,7686,41671
65.55.176.95,5118,3645,8763
65.55.194.176,1037980,430341,1468321
65.55.2.87,1075040,551913,1626953
65.55.243.3,34658,21416,56074
65.55.246.25,25469,4861,30330
65.55.246.90,11642,6061,17703
65.55.252.48,119994,125963,245957
65.55.252.76,99171,37893,137064
65.55.252.97,256247,121233,377480
65.55.252.98,130153,219253,349406
65.55.32.35,723162,190010,913172
65.55.50.162,73927,322615,396542
65.55.50.163,117412,386033,503445
65.55.50.194,43767,212685,256452
65.55.50.195,106086,543856,649942
65.55.52.26,6237,2556,8793
65.55.52.61,6088,2333,8421
65.55.54.46,25946,31728,57674
65.55.54.47,44072,60510,104582
65.55.54.48,45032,63416,108448
65.55.68.108,3406,1311,4717
65.55.69.255,842909,355166,1198075
65.55.7.146,90268,114456,204724
65.55.77.33,697,227,924
65.55.83.125,5427,2106,7533
65.55.85.17,1394,454,1848
65.61.111.167,420827,29077,449904
65.61.149.91,1695,342,2037
66.110.33.101,13419,370,13789
66.110.33.127,13436,370,13806
66.110.33.133,6718,185,6903
66.110.33.134,179,194,373
66.110.33.151,248,567,815
66.110.33.152,248,567,815
66.110.33.157,248,1253,1501
66.110.33.165,496,1616,2112
66.110.33.167,1178755,9065,1187820
66.110.33.173,248,567,815
66.110.33.181,2416,4038,6454
66.110.33.189,248,985,1233
66.110.33.191,9963,11967,21930
66.110.33.198,12680,15780,28460
66.110.33.216,1432,776,2208
66.110.33.229,2264,2715,4979
66.110.33.254,716,388,1104
66.110.33.96,26840,737,27577
66.115.184.92,2455,833,3288
66.117.25.201,109162,298894,408056
66.117.25.202,147553,317313,464866
66.117.25.204,8545,6583,15128
66.117.25.209,50764,74820,125584
66.117.25.41,107381,41180,148561
66.117.25.70,23924,19322,43246
66.117.25.72,62886,121014,183900
66.117.25.75,35157,44798,79955
66.117.25.79,11241,8541,19782
66.117.8.112,336,711,1047
66.119.33.144,6234,990,7224
66.119.33.146,2591,7458,10049
66.119.33.178,2588,8329,10917
66.119.34.45,1295,4851,6146
66.135.210.186,36720,1204,37924
66.135.216.139,2445,6141,8586
66.135.33.177,281856,13897,295753
66.135.62.204,12598,376,12974
66.146.219.103,51330,7540,58870
66.147.244.102,919,183,1102
66.147.244.112,1046,190,1236
66.147.244.200,0,1716,1716
66.147.244.57,72613,2880,75493
66.147.244.94,0,1625,1625
66.150.102.83,1171,1126,2297
66.150.114.35,5868,2862,8730
66.150.15.97,93663,2290,95953
66.150.98.76,5730,17590,23320
66.151.109.169,457,191,648
66.151.109.18,1391,583,1974
66.151.109.204,483,204,687
66.151.109.56,465,195,660
66.151.146.208,2692,4060,6752
66.151.150.254,1418,4438,5856
66.154.119.48,20700,456,21156
66.154.121.155,85745,7782,93527
66.155.40.254,34136,7366,41502
66.155.40.255,112772,4781,117553
66.155.40.29,4385,679,5064
66.160.141.138,111430,3572,115002
66.160.159.173,373833,47862,421695
66.175.208.23,5758,2014,7772
66.175.221.57,20700,450,21150
66.175.223.148,1146583,552396,1698979
66.175.223.168,53955,2026,55981
66.177.3.200,0,2068,2068
66.187.204.55,1849,4725,6574
66.192.104.87,469,473,942
66.206.11.199,0,10065,10065
66.211.181.115,20637,1283,21920
66.211.181.166,113344,4553,117897
66.211.181.177,576,1772,2348
66.211.181.197,0,1810,1810
66.211.181.36,29084,23918,53002
66.212.29.191,758,526,1284
66.212.29.199,134512,13480,147992
66.216.68.23,11592,3571,15163
66.225.223.10,43843,10861,54704
66.225.223.12,42132,27942,70074
66.225.223.21,70334,30336,100670
66.228.34.86,198599,11211,209810
66.228.40.175,0,1416,1416
66.228.42.110,338925,460,339385
66.235.135.149,403864,644473,1048337
66.235.138.198,54104,153479,207583
66.235.138.199,58554,201113,259667
66.235.138.200,18932,54841,73773
66.235.139.210,37617,63014,100631
66.235.139.211,15183,57554,72737
66.235.139.212,84449,172117,256566
66.235.139.22,33591,60718,94309
66.235.139.23,29457,69119,98576
66.235.139.24,34247,65733,99980
66.235.141.149,17883,28378,46261
66.235.141.150,21018,37476,58494
66.235.141.151,0,3374,3374
66.235.153.41,15408,36089,51497
66.235.153.42,9841,18743,28584
66.235.153.43,4491,8286,12777
66.235.159.170,64599,69543,134142
66.235.159.216,48870,187580,236450
66.240.237.160,8736,1299,10035
66.254.100.201,1025,645,1670
66.254.102.133,4844,5235,10079
66.254.166.19,63258,10784,74042
66.33.211.247,51342,3138,54480
66.33.215.210,312276,4006,316282
66.33.222.161,91492,477,91969
66.35.58.83,9685,51753,61438
66.35.58.84,2097,11577,13674
66.35.59.254,131167,2151,133318
66.45.175.79,43960,1528,45488
66.55.138.152,15343,370,15713
66.6.41.26,45689,1892,47581
66.6.41.28,4046,1710,5756
66.6.41.35,12078,4029,16107
66.6.41.39,10493,2086,12579
66.6.42.26,4768,1480,6248
66.6.44.9,2204,1980,4184
66.70.32.137,416,2008,2424
66.71.251.151,498,384,882
66.81.238.9,110241,3906,114147
66.96.130.66,111298,475,111773
66.96.145.181,1009,169,1178
66.96.162.151,0,2191,2191
67.131.44.118,6710,187,6897
67.131.44.136,6710,182,6892
67.131.44.16,7469,8929,16398
67.131.44.22,0,422,422
67.131.44.24,232,286,518
67.131.44.37,179184,3541,182725
67.131.44.39,1032,1642,2674
67.131.44.40,6594,966,7560
67.131.44.46,0,431,431
67.131.44.53,6700,201,6901
67.131.44.64,4374,10650,15024
67.131.44.71,358,194,552
67.131.44.79,1984,6380,8364
67.131.44.87,86954,442,87396
67.131.44.88,26670,21218,47888
67.134.223.3,494,445,939
67.136.80.73,10864,2968,13832
67.138.108.206,128,439,567
67.188.193.225,10235,14008,24243
67.192.78.22,3949,342,4291
67.198.139.183,344,349,693
67.198.156.21,22080,452,22532
67.198.159.112,10458,679,11137
67.20.119.191,146515,7627,154142
67.202.66.176,485,409,894
67.202.66.177,298,420,718
67.202.66.178,1293,1656,2949
67.202.66.205,462,670,1132
67.202.66.208,674,777,1451
67.202.66.209,0,881,881
67.202.66.210,0,725,725
67.202.9.68,90480,4234,94714
67.205.112.195,2631,1372,4003
67.205.9.45,0,1705,1705
67.207.180.45,1933,502,2435
67.210.102.14,3168,736,3904
67.210.98.110,1684862,11947,1696809
67.215.14.79,2707,432,3139
67.215.253.144,3237,6525,9762
67.215.253.145,1794,2650,4444
67.220.103.128,18512,1035,19547
67.222.106.174,14297,6450,20747
67.227.134.50,0,1528,1528
67.228.157.237,468,440,908
67.228.183.39,119993,180123,300116
67.228.183.41,84121,16438,100559
67.228.199.114,553707,16680,570387
67.228.47.231,5326,732,6058
67.228.72.136,0,125690,125690
67.229.121.112,19320,462,19782
67.229.128.232,32356,2444,34800
67.229.131.47,16560,456,17016
67.229.34.13,5520,472,5992
67.229.49.122,505349,31489,536838
67.229.53.106,96188,4957,101145
67.229.61.128,48622,2765,51387
67.55.75.219,252755,9457,262212
68.102.241.27,483312,52877,536189
68.142.107.157,19235,8277,27512
68.142.107.214,1350774,28070,1378844
68.142.224.98,544,444,988
68.142.76.28,28740,1269,30009
68.142.79.74,37232,1836,39068
68.142.79.75,38480,3721,42201
68.168.112.95,0,4475,4475
68.178.176.157,554,540,1094
68.181.101.95,3590,368,3958
68.181.195.133,432,372,804
68.192.3.95,0,0,0
68.232.35.126,232824,34181,267005
68.232.35.132,684,2072,2756
68.232.35.249,1867,501,2368
68.232.44.115,42471,1653,44124
68.232.44.126,31877,21021,52898
68.232.44.44,220,227,447
68.232.45.0,6110294,45827,6156121
68.232.46.2,300516,392,300908
68.233.76.17,7413,551,7964
68.233.77.255,5968,847,6815
68.64.161.207,17101,6799,23900
68.64.164.187,4004,736,4740
68.64.165.42,1026,1031,2057
68.64.167.42,227835,19054,246889
68.64.174.18,15498,417,15915
68.67.128.11,1747,1621,3368
68.67.128.120,0,0,0
68.67.128.121,3365,1911,5276
68.67.128.123,0,0,0
68.67.128.128,999,603,1602
68.67.128.14,998,651,1649
68.67.128.15,1605,1128,2733
68.67.128.160,0,0,0
68.67.128.185,814,757,1571
68.67.128.22,814,689,1503
68.67.128.33,2553,2438,4991
68.67.128.34,0,0,0
68.67.128.35,813,759,1572
68.67.128.68,1628,1428,3056
68.67.128.7,0,0,0
68.67.128.70,814,685,1499
68.67.128.92,0,0,0
68.67.128.93,1622,2609,4231
68.67.128.94,848,789,1637
68.67.128.96,3394,4805,8199
68.67.129.0,0,0,0
68.67.129.119,1605,1145,2750
68.67.129.126,934,585,1519
68.67.129.140,0,0,0
68.67.129.148,1605,1098,2703
68.67.129.150,1706,1295,3001
68.67.129.152,0,0,0
68.67.129.158,837,2031,2868
68.67.129.22,2565,2369,4934
68.67.129.3,848,712,1560
68.67.129.35,848,698,1546
68.67.129.5,0,844,844
68.67.129.76,1672,1541,3213
68.69.142.251,1076,3028,4104
69.114.120.238,353,67039,67392
69.13.33.61,6516,2615,9131
69.147.225.151,26827,971,27798
69.16.175.15,74504,2897,77401
69.160.243.56,3765,2088,5853
69.162.71.151,813541,297135,1110676
69.163.128.43,57029,6191,63220
69.163.165.24,424,376,800
69.163.208.11,29090,8581,37671
69.163.208.186,212,189,401
69.163.223.36,0,0,0
69.163.224.22,56204,5866,62070
69.163.225.118,32741,843,33584
69.163.240.213,268,257,525
69.163.33.87,984,750,1734
69.163.45.107,565,993,1558
69.164.208.36,5758,2023,7781
69.165.95.247,77986,38673,116659
69.167.155.131,1362,382,1744
69.171.230.11,5963,898,6861
69.172.201.213,6373,8902,15275
69.172.213.253,622661,44357,667018
69.172.216.116,42275,75770,118045
69.172.216.60,988903,24240,1013143
69.172.216.63,18757,4040,22797
69.174.249.27,328109,10244,338353
69.192.128.65,7528,2302,9830
69.192.129.125,115109,5529,120638
69.192.130.209,44755,670,45425
69.192.132.216,12605,2157,14762
69.192.133.131,51820,148,51968
69.192.133.236,670,712,1382
69.192.133.31,293658,26527,320185
69.192.134.140,346,227,573
69.192.138.28,137967,22211,160178
69.192.140.24,16853,524,17377
69.192.141.109,3957,559,4516
69.192.72.159,5235617,66833,5302450
69.195.103.80,19097,1175,20272
69.195.111.135,376,660,1036
69.195.127.105,24447,1114,25561
69.195.222.224,30098,7474,37572
69.197.158.199,48300,1105,49405
69.197.27.195,41412,791,42203
69.20.31.50,10987,9107,20094
69.22.148.150,1160376,513,1160889
69.22.148.206,0,0,0
69.22.148.215,2422749,88754,2511503
69.22.148.222,419,65,484
69.22.158.24,4129,1016,5145
69.22.162.66,5208,13227,18435
69.22.162.73,496,1141,1637
69.25.24.31,20675,13974,34649
69.25.96.18,0,0,0
69.27.174.15,8472,795,9267
69.28.179.229,417,442,859
69.28.180.3,884144,2463,886607
69.28.181.245,51953,1269,53222
69.31.112.126,419,65,484
69.31.119.246,289,293,582
69.36.34.29,93712,6709,100421
69.48.233.153,19355,32031,51386
69.5.11.174,0,1879,1879
69.50.225.160,754,360,1114
69.58.183.147,6440,749,7189
69.58.188.44,0,1229,1229
69.58.188.45,0,2957,2957
69.58.188.54,733,2667,3400
69.59.169.190,913,927,1840
69.64.59.9,16177,1218,17395
69.65.11.61,81125,11495,92620
69.65.43.181,27622,9941,37563
69.67.24.118,0,1075,1075
69.67.27.44,112080,4671,116751
69.7.180.124,397,203,600
69.73.138.187,21728,2673,24401
69.87.195.19,33914,2970,36884
69.87.200.19,146653,9900,156553
69.89.20.61,23352,2562,25914
69.89.76.25,27145,5235,32380
69.90.69.13,9622,999,10621
70.167.227.250,1708,129,1837
70.38.0.139,1250280,13917,1264197
70.38.10.110,0,11592,11592
70.39.184.105,712158,9219,721377
70.39.191.119,18086,3255,21341
70.39.191.150,294,601,895
70.39.84.251,3949,780,4729
70.42.128.8,159,1152,1311
70.42.185.106,4290,844,5134
70.42.185.235,281824,24435,306259
70.42.2.78,240232,27548,267780
70.42.246.139,159,601,760
70.42.246.142,428,1236,1664
70.42.33.246,1183,1672,2855
70.79.183.221,9279,3330,12609
70.99.171.205,2852,368,3220
71.112.166.74,0,130,130
71.14.71.159,0,68,68
71.174.243.235,185419,10162,195581
71.198.113.238,307201,2005866,2313067
71.6.196.247,47717,3171,50888
72.13.87.121,8378,362,8740
72.14.248.44,12720,1380,14100
72.163.10.16,738,4360,5098
72.163.4.43,38080,9800,47880
72.163.4.75,5115,2350,7465
72.165.119.21,15493,3340,18833
72.165.119.22,47693,7760,55453
72.165.119.23,60192,503,60695
72.165.119.24,32592,11376,43968
72.165.119.29,298528,1212,299740
72.165.119.30,3344,3474,6818
72.165.119.32,703751,98236,801987
72.165.119.38,1523273,840,1524113
72.165.119.40,32825,32274,65099
72.165.119.45,71649,523,72172
72.165.119.46,356391,3220,359611
72.165.119.47,0,0,0
72.165.119.53,2270,1177,3447
72.165.119.54,53116,54148,107264
72.165.119.55,40994,13623,54617
72.165.119.56,198228,10780,209008
72.165.119.61,27547,3092,30639
72.165.119.63,20065,6619,26684
72.165.119.64,75618,35562,111180
72.165.119.69,0,0,0
72.165.119.70,756517,36358,792875
72.165.119.71,256379,110517,366896
72.165.119.72,6710,184,6894
72.21.194.103,53864,50873,104737
72.21.194.92,169326,27723,197049
72.21.202.189,206844,377008,583852
72.21.202.30,149770,192946,342716
72.21.202.67,626085,84054,710139
72.21.206.11,5215152,1327236,6542388
72.21.211.123,119860,160978,280838
72.21.211.15,105088,50550,155638
72.21.211.16,10800,42065,52865
72.21.211.17,344068,370195,714263
72.21.211.33,5263,17172,22435
72.21.214.55,29055,13720,42775
72.21.215.152,22468,6507,28975
72.21.81.194,4252,360,4612
72.232.0.88,693,553,1246
72.232.0.98,4033,10763,14796
72.246.124.84,664,1908,2572
72.246.163.208,2076,460,2536
72.246.188.159,2198,322,2520
72.246.188.224,2198,322,2520
72.246.188.229,232,286,518
72.246.188.231,8708,199,8907
72.246.188.237,4396,644,5040
72.246.188.24,6710,187,6897
72.246.188.54,1108,4735,5843
72.246.188.61,10990,1610,12600
72.246.188.80,17416,405,17821
72.246.188.96,7708,1217,8925
72.246.189.0,6710,186,6896
72.246.189.31,8400,198,8598
72.246.190.103,226,258,484
72.246.190.133,6718,186,6904
72.246.190.149,6710,187,6897
72.246.190.56,6710,183,6893
72.246.190.78,6710,186,6896
72.246.190.79,13420,373,13793
72.246.190.86,6717,186,6903
72.246.35.169,1284,6527,7811
72.246.43.13,2070,889,2959
72.246.43.21,114540,364,114904
72.246.43.22,0,0,0
72.246.43.29,0,0,0
72.246.43.40,1542,932,2474
72.246.43.47,1471,647,2118
72.246.43.53,1762,703,2465
72.246.43.54,419,65,484
72.246.43.56,838,130,968
72.246.43.61,0,0,0
72.246.56.31,0,0,0
72.246.56.40,0,0,0
72.246.56.46,0,0,0
72.246.56.64,419,65,484
72.246.56.88,419,65,484
72.247.137.102,20912,671,21583
72.247.210.13,1235,725,1960
72.247.210.14,3577,2044,5621
72.247.210.21,244,370,614
72.247.210.24,5140,2437,7577
72.247.210.31,1702,526,2228
72.247.210.38,32198,397,32595
72.247.249.63,111296,422,111718
72.247.60.213,16277,2165,18442
72.247.61.34,2654360,281393,2935753
72.29.93.166,984,364,1348
72.3.244.70,0,418,418
72.3.252.13,111756,3654,115410
72.32.90.255,789694,23741,813435
72.34.250.83,1790,493,2283
72.37.138.14,867,899,1766
72.37.138.21,6718,187,6905
72.37.138.29,1439787,180865,1620652
72.37.138.53,13420,371,13791
72.37.138.54,31865,111025,142890
72.37.138.64,6718,184,6902
72.37.138.77,400,1250,1650
72.37.138.87,103341,2924,106265
72.37.138.95,53675,1469,55144
72.44.90.14,2739,375,3114
72.46.128.152,110744,52245,162989
72.46.150.199,650,904,1554
72.47.200.20,427,385,812
72.47.217.120,804937,16451,821388
72.47.228.230,150131,2847,152978
72.5.9.202,5872712,46883,5919595
72.5.94.206,130013,13985,143998
72.51.26.224,122112,526,122638
72.51.34.48,1424,378,1802
72.52.10.19,0,263,263
72.52.154.194,203392,17866,221258
72.52.4.124,0,266,266
72.52.4.96,0,2463,2463
72.52.7.149,543,368,911
72.52.91.19,6120117,174083,6294200
72.55.140.138,7247,456,7703
74.112.69.25,506,642,1148
74.114.88.133,1093707,22651,1116358
74.115.12.138,3616,21296,24912
74.115.248.119,182,394,576
74.117.177.226,6407,2003,8410
74.117.177.227,9026,3203,12229
74.117.199.107,175628,212832,388460
74.119.118.103,2469,1628,4097
74.119.118.89,784,2038,2822
74.120.121.88,3408,474,3882
74.120.127.87,29258,8191,37449
74.120.127.92,5830,1314,7144
74.120.148.17,453,1241,1694
74.121.133.38,325,534,859
74.121.133.39,0,0,0
74.121.133.7,6369,17247,23616
74.121.133.81,650,771,1421
74.121.135.1,1420,6869,8289
74.121.135.187,2605,4540,7145
74.121.199.239,3386,1637,5023
74.121.28.146,29438,2164,31602
74.123.28.28,608,1185,1793
74.125.102.127,1579630,366,1579996
74.125.106.31,488806,366,489172
74.125.106.61,245830,366,246196
74.125.130.204,27069,16765,43834
74.125.130.96,5136,4361,9497
74.125.136.105,74008,27334,101342
74.125.136.106,64002,29909,93911
74.125.136.107,68290,22921,91211
74.125.136.118,13966,6063,20029
74.125.136.119,896,632,1528
74.125.136.141,5454,4534,9988
74.125.136.143,177997,28082,206079
74.125.136.144,46379,16271,62650
74.125.136.195,5979,5236,11215
74.125.136.96,11736,7347,19083
74.125.136.98,10145,2814,12959
74.125.137.99,3902,477,4379
74.125.138.119,0,0,0
74.125.141.98,5590,2192,7782
74.125.195.195,12466,9187,21653
74.125.195.96,5319,1555,6874
74.125.195.98,352,916,1268
74.125.196.195,5070,1051,6121
74.125.196.96,10253,6618,16871
74.125.196.99,4457,1359,5816
74.125.20.195,1248,3333,4581
74.125.200.141,10737,6078,16815
74.125.200.216,851,1654,2505
74.125.200.96,15834,7020,22854
74.125.200.98,21726,10282,32008
74.125.201.119,0,0,0
74.125.201.141,352,916,1268
74.125.201.195,5463,2239,7702
74.125.201.96,61543,29245,90788
74.125.201.98,352,916,1268
74.125.201.99,4437,1328,5765
74.125.202.119,448,316,764
74.125.202.195,5281,3129,8410
74.125.203.100,16504,13536,30040
74.125.203.104,43883,5331,49214
74.125.203.105,1762845,164077,1926922
74.125.203.106,2435360,247512,2682872
74.125.203.107,1973759,754947,2728706
74.125.203.108,138945,2827,141772
74.125.203.109,50287,18286,68573
74.125.203.110,115907,15806,131713
74.125.203.111,1028343,10310,1038653
74.125.203.113,190379,25330,215709
74.125.203.114,473400,171315,644715
74.125.203.118,1803616,248463,2052079
74.125.203.123,8185,3711,11896
74.125.203.126,596672,39915,636587
74.125.203.130,7106,10713,17819
74.125.203.137,552500,1432,553932
74.125.203.141,100791,70415,171206
74.125.203.143,780553,115935,896488
74.125.203.144,1867764,240212,2107976
74.125.203.146,1535828,845118,2380946
74.125.203.152,46862,12326,59188
74.125.203.193,231728,92481,324209
74.125.203.194,81340,29032,110372
74.125.203.195,109582,100749,210331
74.125.203.197,131180,30313,161493
74.125.203.204,36018566,4274953,40293519
74.125.203.22,105173,38978,144151
74.125.203.23,11426,1805,13231
74.125.203.24,542156,190261,732417
74.125.203.87,342840,14864,357704
74.125.203.88,44467,71782,116249
74.125.203.89,1383627,655192,2038819
74.125.203.96,99210,74342,173552
74.125.203.98,73828,46397,120225
74.125.204.100,21558,6066,27624
74.125.204.105,10732908,7820216,18553124
74.125.204.106,12940986,10658111,23599097
74.125.204.107,12090699,12132478,24223177
74.125.204.108,4364,1044,5408
74.125.204.113,57858,11375,69233
74.125.204.114,34823,5513,40336
74.125.204.118,9542491,9187756,18730247
74.125.204.126,526939,78204,605143
74.125.204.130,16089,19223,35312
74.125.204.137,1066395,2399,1068794
74.125.204.141,59229,49492,108721
74.125.204.143,13552923,12231928,25784851
74.125.204.144,14844791,10477507,25322298
74.125.204.146,915672,976055,1891727
74.125.204.152,985,53,1038
74.125.204.193,254869,102620,357489
74.125.204.194,60470,23080,83550
74.125.204.195,34377,26197,60574
74.125.204.197,29937,4087,34024
74.125.204.204,15142299,2126604,17268903
74.125.204.87,267070,11365,278435
74.125.204.96,37317,26616,63933
74.125.204.98,35495,28130,63625
74.125.205.141,10716,4401,15117
74.125.205.195,5399,2123,7522
74.125.205.98,598,5192,5790
74.125.207.143,0,0,0
74.125.207.195,6506,6300,12806
74.125.207.98,10641,6062,16703
74.125.21.119,1693,315,2008
74.125.21.141,12947,18769,31716
74.125.21.195,11612,7866,19478
74.125.21.96,352,916,1268
74.125.21.98,5309,1524,6833
74.125.21.99,4818,1827,6645
74.125.214.124,10188,1319,11507
74.125.215.187,769824,10934,780758
74.125.215.251,323872,20046,343918
74.125.22.99,3909,478,4387
74.125.224.5,2364,430,2794
74.125.224.71,5434,2773,8207
74.125.224.76,352,916,1268
74.125.224.9,7907,3192,11099
74.125.225.7,1367,4675,6042
74.125.225.9,6030,2917,8947
74.125.226.167,5297,1555,6852
74.125.226.168,6040,3411,9451
74.125.226.174,5869,2621,8490
74.125.226.179,1353,4631,5984
74.125.226.84,8405,1897,10302
74.125.227.168,5510,2677,8187
74.125.227.170,16146,9495,25641
74.125.227.172,352,916,1268
74.125.227.173,5511,2677,8188
74.125.227.174,5320,1490,6810
74.125.227.179,4931,1889,6820
74.125.227.231,352,916,1268
74.125.227.232,5924,3340,9264
74.125.227.237,4346,1986,6332
74.125.227.52,0,0,0
74.125.227.6,2760,4672,7432
74.125.228.233,4688,1208,5896
74.125.228.236,5479,2746,8225
74.125.228.237,5623,2746,8369
74.125.23.100,0,0,0
74.125.23.105,1078557,1435150,2513707
74.125.23.106,952152,2044809,2996961
74.125.23.107,960603,1159940,2120543
74.125.23.113,25863,4029,29892
74.125.23.114,23574,3648,27222
74.125.23.118,835991,459111,1295102
74.125.23.126,472362,18113,490475
74.125.23.143,543402,244743,788145
74.125.23.144,1317528,413491,1731019
74.125.23.146,190943,71015,261958
74.125.23.193,20458,5910,26368
74.125.23.197,9560,1042,10602
74.125.23.204,2146294,282309,2428603
74.125.23.87,146271,320,146591
74.125.230.197,6426,4692,11118
74.125.230.198,5066,1232,6298
74.125.230.200,4736,1402,6138
74.125.230.201,0,0,0
74.125.232.110,5576,2778,8354
74.125.232.134,4983,1553,6536
74.125.232.137,4901,1809,6710
74.125.232.141,1367,5598,6965
74.125.237.199,743,1363,2106
74.125.237.206,3983,298,4281
74.125.237.212,3877,477,4354
74.125.239.101,7091,1290,8381
74.125.239.102,8330,965,9295
74.125.239.104,7737,3240,10977
74.125.239.106,1303,4821,6124
74.125.239.107,5587,1995,7582
74.125.239.109,7766,2294,10060
74.125.239.135,5120,4375,9495
74.125.239.139,3919,2123,6042
74.125.239.140,352,916,1268
74.125.239.41,5495,2682,8177
74.125.24.141,5541,2167,7708
74.125.24.96,5846,2824,8670
74.125.24.98,5746,2197,7943
74.125.248.77,42662488,4695099,47357587
74.125.29.195,5321,1599,6920
74.125.29.98,5153,1467,6620
74.125.34.51,286259,56992,343251
74.125.34.72,65894,27558,93452
74.125.6.59,10189,1497,11686
74.125.68.141,2643,7338,9981
74.125.68.96,1324,4462,5786
74.125.68.98,11818,5651,17469
74.125.69.98,1819,2471,4290
74.125.7.150,10189,1497,11686
74.125.70.141,3910,211,4121
74.125.70.195,5617,1878,7495
74.125.70.96,5136,4375,9511
74.126.179.249,61715,2122,63837
74.200.250.186,462,1631,2093
74.201.154.253,698,364,1062
74.201.85.15,1887,1630,3517
74.201.85.25,1788,1674,3462
74.201.94.168,13293,8355,21648
74.205.63.99,43904,8113,52017
74.207.237.85,445,255,700
74.207.246.104,14431,738,15169
74.207.248.44,524,497,1021
74.207.250.254,23945,1847,25792
74.207.250.32,7681,1678,9359
74.207.253.153,7191,2059,9250
74.208.115.134,213,362,575
74.208.158.107,30354,3579,33933
74.208.227.163,475,366,841
74.208.31.65,99868,2438,102306
74.208.67.161,139083,6395,145478
74.208.87.128,6104,1506,7610
74.217.101.8,755,2465,3220
74.217.148.116,38124,19654,57778
74.217.148.117,53528,14031,67559
74.217.148.118,67459,16422,83881
74.217.34.23,43256,4998,48254
74.217.66.133,6270,11076,17346
74.217.75.115,338471,139867,478338
74.217.75.12,399170,162963,562133
74.217.78.200,1820,6091,7911
74.217.78.203,8873,4021,12894
74.217.78.217,823,1784,2607
74.217.78.218,3213,15304,18517
74.217.78.219,482,1702,2184
74.217.78.235,906,2367,3273
74.217.78.236,1307,18111,19418
74.220.194.173,998,450,1448
74.220.207.145,16697,466,17163
74.220.207.156,256,369,625
74.220.207.176,0,474,474
74.220.215.91,40020,450,40470
74.220.219.129,11289,684,11973
74.220.219.150,546497,674,547171
74.3.201.135,126632,7707,134339
74.50.101.111,2049300,15869,2065169
74.50.113.232,471319,8761,480080
74.50.117.141,328162,3333,331495
74.50.120.199,172927,20000,192927
74.50.6.18,26084,1595,27679
74.63.252.82,1159658,3975,1163633
74.82.161.27,30484,4886,35370
74.84.198.45,309,389,698
74.86.144.199,57488,13370,70858
74.91.16.87,3291,1131,4422
75.101.137.29,1355538,668857,2024395
75.101.143.196,992,636,1628
75.101.144.97,21,204,225
75.101.158.194,2221,3600,5821
75.101.163.149,337,841,1178
75.101.163.93,39793,24660,64453
75.101.164.39,2298856,918354,3217210
75.119.220.85,0,633,633
75.119.221.235,54664,9312,63976
75.126.134.199,5532,365,5897
75.126.149.13,26305,6510,32815
75.126.162.210,64333,11197,75530
75.126.192.149,8845,472,9317
75.126.24.75,12615,2213,14828
75.126.24.90,0,153,153
75.126.59.152,211183,9788,220971
75.126.75.226,357938,2280122,2638060
75.78.2.205,840350,42866,883216
75.98.9.201,7278,6437,13715
76.102.91.174,91393,83716,175109
76.12.31.79,1220906,59175,1280081
76.16.63.5,2274914,18668,2293582
76.164.193.95,418677,13327,432004
76.164.213.247,0,408,408
76.191.112.135,744088,18246,762334
76.30.129.84,1527072,63228,1590300
76.66.172.1,148700,4263,152963
76.74.252.203,345496,42134,387630
77.109.170.102,414,286,700
77.109.170.31,5177,232,5409
77.109.170.37,905,1079,1984
77.109.170.39,12312,274,12586
77.109.170.40,41051,1866,42917
77.109.170.45,20694,699,21393
77.109.170.62,3633,4369,8002
77.109.170.69,414,185,599
77.109.170.85,1811,2149,3960
77.109.170.86,6710,185,6895
77.109.170.93,0,0,0
77.120.105.64,893727,52662,946389
77.129.84.176,29996,229907,259903
77.238.163.227,445818,2838,448656
77.238.184.155,5937,262,6199
77.66.84.238,12060,3327,15387
77.67.20.185,17897,2219,20116
77.67.20.192,8576,1142,9718
77.67.20.193,5074,239,5313
77.67.20.241,5180,230,5410
77.67.48.144,5881,1387,7268
77.67.48.150,5369,999,6368
77.67.48.159,0,65,65
77.67.48.160,8799,1087,9886
77.67.48.176,4027,421,4448
77.67.48.183,8589,1001,9590
77.67.96.227,179,97,276
77.72.169.23,0,1251,1251
77.72.3.6,157688,3205,160893
77.72.3.9,0,2709,2709
77.81.243.116,10965,765,11730
77.81.244.114,3655,255,3910
77.81.244.180,7310,510,7820
77.81.245.172,7310,510,7820
77.81.245.59,7310,510,7820
77.81.246.205,10965,765,11730
77.81.246.53,18275,1275,19550
77.94.40.66,2658,6255,8913
78.138.127.20,45813,7970,53783
78.138.99.149,291238,5965,297203
78.140.191.114,45803,3462,49265
78.140.191.74,15252,813,16065
78.140.191.77,2920,2584,5504
78.148.149.78,555902,4140,560042
78.153.215.59,30464,501,30965
78.16.49.20,0,1210,1210
78.182.144.18,215271,55501,270772
78.24.186.203,0,545,545
78.35.24.51,756,419,1175
78.36.202.154,0,255,255
78.46.103.115,13090,1970,15060
78.46.104.122,478629,4089,482718
78.46.110.9,5677,953,6630
78.46.32.109,576887,4569,581456
78.46.33.139,2348,470,2818
78.46.45.90,111838,1557,113395
78.46.51.41,497429,6387,503816
78.46.58.33,19104,3039,22143
78.46.66.218,14894,2597,17491
78.46.70.144,251557,6071,257628
78.46.71.82,65987,1666,67653
78.46.91.119,13086,2014,15100
78.46.93.240,170849,2337,173186
79.11.170.224,370898,7935712,8306610
79.125.12.241,647,276,923
79.142.75.161,2666,994,3660
79.170.34.125,386319,12355,398674
79.183.26.33,576,828,1404
79.50.188.18,891,5072,5963
8.105.84.5,0,916,916
8.18.216.159,12479422,16267089,28746511
8.247.69.177,28612,5668,34280
8.253.36.131,856840,15852,872692
8.26.192.130,195240,9867,205107
8.28.87.161,233772,6845,240617
8.29.136.158,0,5449,5449
8.30.11.18,1523,4812,6335
8.37.231.27,647,757,1404
8.37.232.8,33630,1245,34875
8.37.232.9,63268,5371,68639
8.37.233.10,11305,4574,15879
8.37.233.7,66085,8186,74271
8.37.233.9,63548,8001,71549
8.37.234.9,419,472,891
8.7.198.50,0,3007,3007
8.8.8.13,278697,161951,440648
80.167.239.176,33234,2700,35934
80.184.27.132,1236,831,2067
80.231.228.14,301112,1410,302522
80.231.228.23,110813,862,111675
80.237.132.121,1077,752,1829
80.237.132.192,186874,5054,191928
80.237.133.40,0,1070,1070
80.237.155.93,1094,5950,7044
80.237.211.15,236577,1213,237790
80.241.92.185,0,70,70
80.244.246.51,2421,356,2777
80.246.41.37,851,990,1841
80.247.73.231,0,140,140
80.252.188.233,1275,405,1680
80.252.188.234,1275,405,1680
80.254.145.123,1811324,21133,1832457
80.67.6.55,0,184,184
80.69.73.188,908,258,1166
80.74.138.7,900,211,1111
80.74.149.157,0,573,573
80.81.255.211,0,645,645
80.90.43.167,0,48,48
80.91.229.10,26037,3582,29619
80.91.229.17,2614,1286,3900
80.96.255.84,742,344,1086
81.22.36.126,942814,47449,990263
81.220.12.96,32772,217653,250425
81.23.54.127,0,255,255
81.27.166.155,41492,17559,59051
81.52.205.140,5177,238,5415
81.52.205.142,4756,5667,10423
81.52.205.149,8792,1288,10080
81.52.205.158,2037,2460,4497
81.52.205.163,17584,2576,20160
81.52.205.173,18227,2598,20825
81.52.205.180,231599,707,232306
81.52.205.181,7640,292,7932
81.52.205.182,232,286,518
81.52.205.252,248,575,823
82.123.157.147,119,1035,1154
82.145.215.46,7479,3175,10654
82.148.225.105,0,2156,2156
82.153.252.63,632,159,791
82.165.100.99,38686,374,39060
82.165.123.225,1043323,30991,1074314
82.165.76.17,314,382,696
82.200.198.7,568,255,823
82.201.35.70,725872,17990,743862
82.208.6.177,12343,2490,14833
82.234.73.57,817,1601,2418
82.235.153.186,613548,61517,675065
82.42.207.61,208384,2906189,3114573
82.80.198.145,0,187,187
82.98.132.200,0,1168,1168
83.134.240.34,136014,14324,150338
83.137.145.26,58108,1502,59610
83.138.157.93,0,388,388
83.138.170.202,5132,3436,8568
83.149.126.226,1252,2060,3312
83.167.234.52,61101,4760,65861
83.169.28.240,9252,2313,11565
83.169.59.69,0,0,0
84.0.184.186,603324,13236,616560
84.14.99.155,41649,5768,47417
84.16.92.31,1550,360,1910
84.22.169.160,695211,65977,761188
84.22.180.94,677,145,822
84.22.32.227,0,255,255
84.22.97.212,0,930,930
84.53.132.30,1980,5002,6982
84.53.132.55,1114,3138,4252
84.53.133.103,78506,1057,79563
84.53.133.109,14235,7635,21870
84.53.133.112,515190,24754,539944
84.53.133.117,19212,127,19339
84.53.133.120,160129,6473,166602
84.53.133.64,856,808,1664
84.53.133.69,137156,511,137667
84.53.133.71,4104,170,4274
84.53.133.72,1284,628,1912
84.53.133.78,1542,932,2474
84.53.133.85,500904,32462,533366
84.53.133.87,14398,7615,22013
84.53.133.88,2651,1483,4134
84.53.133.93,2562,1260,3822
84.53.133.95,30939,976,31915
84.53.133.96,576156,8495,584651
85.10.195.250,526179,4047,530226
85.10.204.199,5774,3702,9476
85.10.213.20,36269,5340,41609
85.114.159.98,0,0,0
85.13.131.221,0,464,464
85.13.132.162,327498,29207,356705
85.13.138.231,0,404,404
85.14.200.51,1167,847,2014
85.14.85.25,272918,13951,286869
85.159.66.23,0,599,599
85.190.0.82,3335,1375,4710
85.214.28.14,272800,9745,282545
85.214.52.213,109076,28465,137541
85.232.230.233,9066,2755,11821
85.235.246.7,7021,3983,11004
85.238.140.51,16560,472,17032
85.25.103.41,996,1010,2006
85.25.218.243,68200,1708,69908
85.25.80.176,5283,3838,9121
85.3.225.107,569,5974,6543
85.99.244.155,719,2698,3417
86.152.216.234,1825574,34841,1860415
86.152.75.167,33908,8369,42277
86.159.58.204,118781,2292269,2411050
86.168.64.43,122058,185172,307230
86.58.179.103,2191,1566,3757
86.58.179.104,2595,4979,7574
86.8.143.192,639,396,1035
86.96.104.228,1668,5113,6781
87.106.181.242,798,1547,2345
87.106.185.24,3673,255,3928
87.117.197.185,10596,1281,11877
87.117.197.196,40508,2825,43333
87.117.228.108,13117,1296,14413
87.117.228.109,1092990,198,1093188
87.242.71.140,0,310,310
87.242.78.234,17104,783,17887
87.248.187.1,57483,34252,91735
87.250.250.124,37909,7822,45731
87.250.251.124,59089,4501,63590
87.76.29.31,3825,542,4367
87.98.137.134,1624,1492,3116
87.98.142.243,32310,918,33228
87.98.169.108,0,402,402
87.98.198.135,65961,17301,83262
87.98.227.59,50214,687,50901
87.98.250.146,29750,9751,39501
88.150.173.223,720,149,869
88.156.44.148,14142434,31297,14173731
88.170.29.79,1748,979,2727
88.179.232.36,2565,5124,7689
88.184.63.60,17778,559993,577771
88.188.125.137,0,263,263
88.198.10.15,185372,4912,190284
88.198.136.215,15605,43970,59575
88.198.136.221,25309,20273,45582
88.198.15.202,28460,1017,29477
88.198.16.245,7412,975,8387
88.198.208.115,10441,12187,22628
88.198.26.7,24438,2518,26956
88.198.34.150,445625,6969,452594
88.198.35.150,163106,1443,164549
88.198.35.43,124461,18135,142596
88.198.50.137,26827,1723,28550
88.198.59.24,58881,1011,59892
88.198.59.55,16559,4173,20732
88.208.29.68,741447,29152,770599
88.208.58.128,0,13028,13028
88.212.196.127,1554,2090,3644
88.212.196.128,650,1083,1733
88.212.201.198,650,1033,1683
88.212.201.200,1308,1444,2752
88.212.201.210,975,1599,2574
88.221.112.255,0,582,582
88.221.133.35,15487,975,16462
88.221.133.43,3996,389,4385
88.221.133.44,23437,4689,28126
88.221.133.51,3772,354,4126
88.221.219.16,332876,3459,336335
88.221.219.22,156285,2269,158554
88.221.235.167,58817,890,59707
88.221.52.120,44994,8571,53565
88.221.52.127,22396,12065,34461
88.221.52.152,2436,1537,3973
88.221.52.174,359505,9202,368707
88.221.89.37,0,0,0
88.221.89.39,419,65,484
88.221.89.46,95539,18016,113555
88.221.89.53,21934,4653,26587
88.221.89.55,1676,260,1936
88.221.89.56,419,65,484
88.236.203.230,1796,6045,7841
88.251.196.135,269,1518,1787
88.251.250.149,2137,22979,25116
88.251.255.53,457,3534,3991
88.251.49.32,1574,36199,37773
88.255.55.152,20700,468,21168
88.80.187.82,5758,2014,7772
88.85.90.14,462780,14492,477272
88.86.107.70,1008,1061,2069
89.111.181.176,1570,1977,3547
89.115.43.127,22109,8926386,8948495
89.16.191.221,5636,370,6006
89.163.227.57,192908,17138,210046
89.167.142.29,73633,2421,76054
89.167.143.51,1105,1116,2221
89.186.95.16,0,7894,7894
89.187.112.55,237679,7502,245181
89.211.102.133,779,2728,3507
89.234.50.165,2582,486,3068
89.31.144.76,495115,24302,519417
89.31.210.26,1292,368,1660
89.31.55.111,380474,690318,1070792
90.146.241.196,607,2454,3061
90.156.201.53,57975,1032,59007
90.156.201.55,56734,347,57081
90.156.201.90,2522,863,3385
90.156.201.92,0,347,347
90.84.54.37,2037,2451,4488
90.84.54.46,2264,2727,4991
90.84.57.150,5074,1452,6526
90.84.57.160,289,330,619
90.84.57.165,616,350,966
90.84.57.167,232,286,518
90.84.57.175,6594,966,7560
91.103.137.70,4400,3160,7560
91.103.138.108,9444,8602,18046
91.103.138.18,509,1612,2121
91.121.52.39,0,0,0
91.121.64.39,49309,986,50295
91.142.220.170,0,740,740
91.142.252.31,2195,1163,3358
91.146.108.123,154497,482,154979
91.189.89.158,16030,3216,19246
91.189.89.227,36700,3292,39992
91.189.89.228,236413,14496,250909
91.189.89.230,129510,16852,146362
91.189.89.233,0,1251,1251
91.189.89.234,857941,1479,859420
91.189.89.245,2415,599,3014
91.189.89.93,341,406,747
91.189.91.18,1113711,4275,1117986
91.189.91.19,146194,1051,147245
91.189.91.28,302031,1617,303648
91.189.92.15,69375,6457,75832
91.189.92.157,19194,8700,27894
91.189.92.16,41086,7125,48211
91.189.92.205,795649,2658,798307
91.189.94.17,172623,38033,210656
91.189.95.41,8384,3738,12122
91.190.216.127,1827,1204,3031
91.190.216.130,119,462,581
91.190.216.22,428,582,1010
91.190.216.28,267,817,1084
91.190.216.29,240,872,1112
91.190.216.30,452,1271,1723
91.190.216.86,666,130,796
91.190.218.22,11072,1746,12818
91.197.229.67,3680,560,4240
91.198.174.197,364643,28578,393221
91.198.174.213,39595,21289,60884
91.199.198.26,1092591,46111,1138702
91.199.212.136,101222,13727,114949
91.199.212.137,2687738,593641,3281379
91.199.212.181,469,149,618
91.203.99.23,41813,19113,60926
91.203.99.27,14792,3776,18568
91.203.99.28,195497,10174,205671
91.213.233.12,0,6264,6264
91.222.136.145,0,227,227
91.224.227.72,4730796,1048555,5779351
91.238.30.59,0,3426,3426
91.250.82.81,42364,772,43136
91.250.96.117,50359,768,51127
91.99.97.191,0,2208,2208
92.122.227.40,6169,229,6398
92.123.48.105,30955,670,31625
92.123.72.108,5167,238,5405
92.123.72.109,0,0,0
92.137.32.207,2945,46290,49235
92.19.224.126,733,1316,2049
92.39.69.250,0,155,155
92.51.146.41,183104,9216,192320
92.51.156.109,12492,12360,24852
92.51.156.83,12008,10532,22540
92.51.156.97,26797,27581,54378
92.60.184.90,0,0,0
92.96.135.192,577486,1150709,1728195
92.97.10.70,8299,5202104,5210403
92.97.209.198,165380,47280,212660
93.107.208.36,29718,23016,52734
93.114.45.63,40948,5903,46851
93.158.134.96,907,925,1832
93.174.95.76,28696,2653,31349
93.184.216.174,580427,3203,583630
93.184.220.106,28108,426,28534
93.184.220.246,24713,1563,26276
93.184.220.25,16428,1038,17466
93.184.220.65,7136,977,8113
93.184.221.138,190973,1774,192747
93.184.221.98,1083384,49685,1133069
93.188.160.124,489,264,753
93.46.8.94,0,3082,3082
93.76.217.19,0,798,798
93.89.226.22,2810,419,3229
93.92.128.142,7384,4322,11706
94.100.253.200,4132,400,4532
94.120.132.222,37396,11979,49375
94.13.176.5,11934,14578,26512
94.199.48.236,49337,8079,57416
94.202.247.252,49511,503,50014
94.23.18.231,0,300,300
94.23.19.31,0,8652,8652
94.23.23.65,93797,255,94052
94.23.68.187,9465,2661,12126
94.236.22.118,894,1050,1944
94.236.54.242,484,421,905
94.242.228.28,1353559,28866,1382425
94.245.90.68,11086,4791,15877
94.31.29.159,2972491,76633,3049124
94.31.29.214,2047,717,2764
94.31.29.235,1429620,16373,1445993
94.31.29.45,0,0,0
94.31.29.46,42619,3550,46169
94.31.29.58,1222819,19600,1242419
94.31.29.69,188696,19222,207918
94.70.42.201,424977,25685,450662
94.73.146.55,4908,1228,6136
94.76.212.133,5816,916,6732
94.98.87.241,184760,96100,280860
95.100.97.70,33823,592,34415
95.100.97.71,0,0,0
95.100.97.79,2689,1242,3931
95.100.97.86,187,1025,1212
95.100.97.87,67475,1257,68732
95.101.0.136,5173,230,5403
95.101.0.149,5178,238,5416
95.101.0.167,11448,459,11907
95.101.1.70,5069,239,5308
95.101.180.40,6273,229,6502
95.101.180.85,0,0,0
95.101.2.47,5757,1480,7237
95.130.12.157,398507,25880,424387
95.131.122.231,4222,2779,7001
95.131.143.212,1295,600,1895
95.131.48.110,206149,6471,212620
95.138.158.245,1478,1708,3186
95.138.203.248,16890,3595,20485
95.142.194.121,4104,377,4481
95.169.190.31,5568,872,6440
95.173.187.27,0,674,674
95.182.108.85,82075,175,82250
95.211.148.77,830738,27920,858658
95.211.150.166,6570,390,6960
95.211.184.72,284866,608,285474
95.215.16.16,220314,10140,230454
95.215.16.18,76862,7243,84105
95.215.16.24,56329,23197,79526
95.215.61.204,26795,1068,27863
95.215.61.208,33582,4693,38275
96.126.111.97,1220,897,2117
96.126.114.61,280861,23063,303924
96.126.115.125,292959,6183,299142
96.126.119.235,0,1780,1780
96.17.109.109,35036,46092,81128
96.17.109.110,1053,5527,6580
96.17.109.141,37487,10358,47845
96.17.109.142,347515,16305,363820
96.17.109.144,316659,3001,319660
96.17.109.150,656759,135439,792198
96.17.109.151,147544,23188,170732
96.17.109.152,608314,55265,663579
96.17.109.157,55080,4305,59385
96.17.109.158,291165,6046,297211
96.17.109.159,165245,86335,251580
96.17.109.160,538528,1657,540185
96.17.109.165,198413,13514,211927
96.17.109.166,86406,17284,103690
96.17.109.167,214533,121722,336255
96.17.109.168,1648827,332930,1981757
96.17.109.54,82205,6009,88214
96.17.109.56,248,748,996
96.17.109.64,115718,3341,119059
96.17.109.69,15248,463,15711
96.17.109.70,33357,28979,62336
96.17.109.72,15153,2440,17593
96.17.109.77,5554,6240,11794
96.17.109.79,744,2254,2998
96.17.109.80,20419,842,21261
96.17.109.85,63074,38354,101428
96.17.109.86,437070,39585,476655
96.17.109.87,802096,22136,824232
96.17.109.88,4117,5360,9477
96.17.109.93,110774,4356,115130
96.17.109.94,44335,6172,50507
96.17.109.95,744,2534,3278
96.17.109.96,136363,14215,150578
96.17.151.145,13420,373,13793
96.17.151.153,6718,182,6900
96.17.151.16,33549,924,34473
96.17.151.30,0,199,199
96.17.151.32,10750,521,11271
96.17.151.37,554,2414,2968
96.17.151.40,2198,322,2520
96.17.151.45,126,220,346
96.17.151.46,5124,1152,6276
96.17.151.53,126,220,346
96.17.155.13,6718,184,6902
96.17.155.37,6710,184,6894
96.17.155.95,2198,322,2520
96.17.197.23,0,0,0
96.17.197.31,1884,1037,2921
96.17.197.32,838,130,968
96.17.197.37,0,0,0
96.17.197.38,233,213,446
96.17.202.61,1233,752,1985
96.17.202.70,419,65,484
96.17.202.95,69247,12826,82073
96.17.68.125,89388,666,90054
96.17.68.127,89388,666,90054
96.17.68.128,31456,3104,34560
96.17.68.135,40742,8070,48812
96.17.68.136,94412,10446,104858
96.17.68.24,76504,39177,115681
96.17.70.132,6710,186,6896
96.17.70.140,3741,918,4659
96.17.70.150,6168,229,6397
96.17.70.232,89708,1847,91555
96.17.70.238,679,821,1500
96.17.70.239,6718,472,7190
96.17.70.246,63316,1242,64558
96.17.70.247,48857,29844,78701
96.225.18.212,2320384,114837,2435221
96.232.192.72,646,3053,3699
96.27.8.57,2786,6968,9754
96.30.5.214,861,815,1676
96.43.131.35,60784,7919,68703
96.43.144.123,4626,3229,7855
96.43.144.51,23579,1608,25187
96.43.145.123,63676,26967,90643
96.44.134.111,26588,24233,50821
96.45.83.32,198,365,563
96.46.150.39,2637,2610,5247
96.47.235.128,14924,450,15374
96.6.103.92,8107,1716,9823
96.6.104.98,7998,927,8925
96.6.105.88,4204,3431,7635
96.6.105.97,1562575,55817,1618392
96.6.106.0,6114,1426,7540
96.6.107.37,7347,1868,9215
96.6.109.204,27120,3062,30182
96.6.109.93,9577,3880,13457
96.6.111.144,113123,1383,114506
96.6.111.207,10556,6329,16885
96.6.122.133,0,0,0
96.6.122.134,838,130,968
96.6.122.135,2074,458,2532
96.6.49.129,230394,3971,234365
96.6.50.56,57858,6112,63970
96.6.96.57,3890,383,4273
96.6.97.103,563,1536,2099
96.6.97.149,149696,19831,169527
96.6.98.115,28283,3821,32104
96.6.98.194,56202,4550,60752
96.6.98.29,2016,9302,11318
96.6.99.56,0,7221,7221
96.7.149.247,140991,1494,142485
96.7.159.199,115447,1639,117086
96.7.218.107,392733,6632,399365
96.7.218.117,3757877,1426,3759303
96.7.218.13,1249860,6963,1256823
96.7.219.243,266020,13858,279878
96.7.225.158,4923,673,5596
96.7.232.219,1268,2270,3538
96.7.233.102,30999,1007,32006
96.7.233.219,1644,7146,8790
96.7.235.167,13010,1083,14093
96.7.235.193,510229,11046,521275
96.7.235.194,64202,2424,66626
96.7.41.141,2074,458,2532
96.7.41.144,1986775,21329,2008104
96.7.41.149,309,180,489
96.7.41.157,2207813,19480,2227293
96.7.41.158,1851,1112,2963
96.7.41.165,838,130,968
96.7.41.173,309,180,489
96.7.91.88,18197,4417,22614
96.7.95.199,1586,330,1916
97.124.66.130,1222,4079,5301
97.74.215.207,162518,1473,163991
97.74.87.71,2846,556,3402
98.109.65.176,287,352,639
98.126.118.47,954124,83628,1037752
98.126.12.192,93992,11588,105580
98.126.144.184,77330,2109,79439
98.126.144.185,4435,821,5256
98.126.145.11,427298,27561,454859
98.126.173.119,72166,17069,89235
98.126.185.23,109710,14564,124274
98.126.188.81,103797,4676,108473
98.126.28.56,690,372,1062
98.126.33.103,12420,352,12772
98.126.33.152,273128,5198,278326
98.126.33.155,167268,2743,170011
98.126.4.207,141816,1610,143426
98.126.58.111,2890,372,3262
98.126.59.195,33799,3851,37650
98.126.62.50,14801,2176,16977
98.129.229.153,67514,15688,83202
98.129.229.187,14354,462,14816
98.129.229.214,0,2432,2432
98.136.223.43,581825,12410,594235
98.137.201.4,3278,1479,4757
98.137.236.155,5939,269,6208
98.138.81.78,6634,5340,11974
98.139.135.98,599,368,967
98.139.225.28,5370,1475,6845
98.139.239.185,512,190,702
98.142.220.171,188,435,623
98.158.60.231,24406,1355,25761
98.158.60.233,32864,1590,34454
98.158.62.105,178,235,413
98.158.62.107,52349,3595,55944
98.200.26.28,3378428,4444890,7823318
98.232.65.123,95565,617564,713129
98.99.252.76,107060,992,108052
99.111.108.116,134932,46796,181728
99.74.213.162,212054,120100,332154
